30.0 0.254041666667
30.5 0.2540330864
31.0 0.254024506133
31.5 0.254015925867
32.0 0.2540073456
32.5 0.253998765333
33.0 0.253990185066
33.5 0.2539816048
34.0 0.253973024533
34.5 0.253964444266
35.0 0.253955863999
35.5 0.253947283733
36.0 0.253938703466
36.5 0.253930123199
37.0 0.253921542933
37.5 0.253912962666
38.0 0.253904382399
38.5 0.253895802133
39.0 0.253887221866
39.5 0.253878641599
40.0 0.253870061332
40.5 0.253861481066
41.0 0.253852900799
41.5 0.253844320532
42.0 0.253835740265
42.5 0.253827159999
43.0 0.253818579732
43.5 0.253809999465
44.0 0.253801419198
44.5 0.253792838932
45.0 0.253784258665
45.5 0.253775678398
46.0 0.253767098132
46.5 0.253758517865
47.0 0.253749937598
47.5 0.253741357332
48.0 0.253732777065
48.5 0.253724254743
49.0 0.253715785908
49.5 0.253707317073
50.0 0.253698848239
50.5 0.253690379404
51.0 0.253681910569
51.5 0.253673441734
52.0 0.2536649729
52.5 0.253656504065
53.0 0.253647990657
53.5 0.253639410391
54.0 0.253630830124
54.5 0.253622249857
55.0 0.253613669591
55.5 0.253605089324
56.0 0.253596509057
56.5 0.253587928791
57.0 0.253579348524
57.5 0.253570768257
58.0 0.253562187991
58.5 0.253553607724
59.0 0.253545027457
59.5 0.25353644719
60.0 0.253527866923
60.5 0.253519286657
61.0 0.25351070639
61.5 0.253502126123
62.0 0.253493545856
62.5 0.25348496559
63.0 0.253476385323
63.5 0.253467805056
64.0 0.25345922479
64.5 0.253450644523
65.0 0.253442064256
65.5 0.25343348399
66.0 0.253424903723
66.5 0.253416323456
67.0 0.25340774319
67.5 0.253399162923
68.0 0.253390582656
68.5 0.253382002389
69.0 0.253373422122
69.5 0.253364841856
70.0 0.253356261589
70.5 0.253347681322
71.0 0.253339101055
71.5 0.253330520789
72.0 0.253321940522
72.5 0.253313360255
73.0 0.253304779989
73.5 0.253296199722
74.0 0.253287619455
74.5 0.253279039189
75.0 0.253270458922
75.5 0.253261878655
76.0 0.253253298389
76.5 0.253244718122
77.0 0.253236137855
77.5 0.253227557588
78.0 0.253218977321
78.5 0.253210397055
79.0 0.253201816788
79.5 0.253193236521
80.0 0.253184656254
80.5 0.253176075988
81.0 0.253167495721
81.5 0.253158915454
82.0 0.253150335188
82.5 0.253141754921
83.0 0.253133174654
83.5 0.253124594388
84.0 0.253116014121
84.5 0.253107433854
85.0 0.253098853588
85.5 0.253090273321
86.0 0.253081693054
86.5 0.253073112787
87.0 0.25306453252
87.5 0.253055952254
88.0 0.253047371987
88.5 0.25303879172
89.0 0.253030211453
89.5 0.253021680217
90.0 0.253013211382
90.5 0.253004742547
91.0 0.252996273713
91.5 0.253151829268
92.0 0.253559349593
92.5 0.253966869919
93.0 0.254374390244
93.5 0.254781910569
94.0 0.255189430894
94.5 0.255596951219
95.0 0.256004471545
95.5 0.25641199187
96.0 0.256819512195
96.5 0.25722703252
97.0 0.257634552845
97.5 0.258042073171
98.0 0.258449593496
98.5 0.258857113821
99.0 0.259264634146
99.5 0.259672154472
100.0 0.260079674797
100.5 0.260487195122
101.0 0.260894715447
101.5 0.261302235772
102.0 0.261709756098
102.5 0.262117276423
103.0 0.262524796748
103.5 0.262932317073
104.0 0.263339837398
104.5 0.263747357724
105.0 0.264154878049
105.5 0.26456242741
106.0 0.264970020325
106.5 0.265377613241
107.0 0.265785206156
107.5 0.266192799071
108.0 0.266600391986
108.5 0.267007984901
109.0 0.267415577817
109.5 0.267823170732
110.0 0.268230763647
110.5 0.268638356562
111.0 0.269045949477
111.5 0.269453542393
112.0 0.269861135308
112.5 0.270268699187
113.0 0.270676219512
113.5 0.271083739838
114.0 0.271491260163
114.5 0.271898780488
115.0 0.272306300813
115.5 0.272713821138
116.0 0.273121341464
116.5 0.273528861789
117.0 0.273936382114
117.5 0.274343902439
118.0 0.274751422764
118.5 0.27515894309
119.0 0.275566463415
119.5 0.27597398374
120.0 0.276381504065
120.5 0.276789024391
121.0 0.277196544716
121.5 0.277604065041
122.0 0.278011585366
122.5 0.278419105691
123.0 0.278826626017
123.5 0.279234146342
124.0 0.279641666667
124.5 0.280049186992
125.0 0.280456707317
125.5 0.280864227643
126.0 0.281271747968
126.5 0.281679268293
127.0 0.282086788618
127.5 0.282494308943
128.0 0.282901829268
128.5 0.283309349594
129.0 0.283716869919
129.5 0.284124390244
130.0 0.284531910569
130.5 0.284939430894
131.0 0.285346951219
131.5 0.285754471544
132.0 0.28616199187
132.5 0.286569512195
133.0 0.28697703252
133.5 0.287384571047
134.0 0.287792136876
134.5 0.288199702706
135.0 0.288607268535
135.5 0.289014834364
136.0 0.289422400194
136.5 0.289829966023
137.0 0.290237531853
137.5 0.290645097682
138.0 0.291052663511
138.5 0.291460229341
139.0 0.29186779517
139.5 0.292275361
140.0 0.292682926829
140.5 0.293953252032
141.0 0.295223577236
141.5 0.296493902439
142.0 0.297764227642
142.5 0.299034552845
143.0 0.300304878049
143.5 0.301575203252
144.0 0.302845528455
144.5 0.304115853658
145.0 0.305386178862
145.5 0.306656504065
146.0 0.307926829268
146.5 0.309197154471
147.0 0.310467479675
147.5 0.311737804878
148.0 0.313008130081
148.5 0.314278455284
149.0 0.315548780488
149.5 0.316819105691
150.0 0.318089430894
150.5 0.319359756097
151.0 0.3206300813
151.5 0.321900406504
152.0 0.323170731707
152.5 0.32444105691
153.0 0.325711382113
153.5 0.326981707317
154.0 0.32825203252
154.5 0.329522357723
155.0 0.330792682926
155.5 0.33206300813
156.0 0.333333333333
156.5 0.334603658536
157.0 0.33587398374
157.5 0.337144308943
158.0 0.338414634146
158.5 0.339684959349
159.0 0.340955284553
159.5 0.342225609756
160.0 0.343495934959
160.5 0.344715447154
161.0 0.345934959349
161.5 0.347154471544
162.0 0.348373983739
162.5 0.349593495935
163.0 0.35081300813
163.5 0.352032520325
164.0 0.35325203252
164.5 0.354471544715
165.0 0.35569105691
165.5 0.356910569105
166.0 0.3581300813
166.5 0.359349593496
167.0 0.360569105691
167.5 0.361788617886
168.0 0.363008130081
168.5 0.364227642276
169.0 0.365447154471
169.5 0.366666666667
170.0 0.367886178862
170.5 0.369156504065
171.0 0.370426829268
171.5 0.371697154472
172.0 0.372967479675
172.5 0.374237804878
173.0 0.375508130081
173.5 0.376778455285
174.0 0.378048780488
174.5 0.379319105691
175.0 0.380589430894
175.5 0.381859756097
176.0 0.383130081301
176.5 0.384400406504
177.0 0.385670731707
177.5 0.38694105691
178.0 0.388211382114
178.5 0.389481707317
179.0 0.39075203252
179.5 0.392022357724
180.0 0.393292682927
180.5 0.393445121951
181.0 0.393597560976
181.5 0.39375
182.0 0.393902439024
182.5 0.394054878049
183.0 0.394207317073
183.5 0.394359756098
184.0 0.394512195122
184.5 0.394664634146
185.0 0.394817073171
185.5 0.394969512195
186.0 0.395121951219
186.5 0.395274390244
187.0 0.395426829268
187.5 0.395579268293
188.0 0.395731707317
188.5 0.395884146341
189.0 0.396036585366
189.5 0.39618902439
190.0 0.396341463415
190.5 0.395782520326
191.0 0.395223577236
191.5 0.394664634147
192.0 0.394105691057
192.5 0.393546747968
193.0 0.392987804878
193.5 0.392428861789
194.0 0.391869918699
194.5 0.39131097561
195.0 0.390752032521
195.5 0.390193089431
196.0 0.389634146342
196.5 0.389075203252
197.0 0.388516260163
197.5 0.387957317073
198.0 0.387398373984
198.5 0.386839430894
199.0 0.386280487805
199.5 0.385721544715
200.0 0.385162601626
200.5 0.384400406504
201.0 0.383638211382
201.5 0.38287601626
202.0 0.382113821138
202.5 0.381351626016
203.0 0.380589430894
203.5 0.379827235772
204.0 0.37906504065
204.5 0.378302845528
205.0 0.377540650406
205.5 0.376778455285
206.0 0.376016260163
206.5 0.375254065041
207.0 0.374491869919
207.5 0.373729674797
208.0 0.372967479675
208.5 0.372205284553
209.0 0.371443089431
209.5 0.370680894309
210.0 0.369918699187
210.5 0.369359756098
211.0 0.368800813008
211.5 0.368241869919
212.0 0.367682926829
212.5 0.36712398374
213.0 0.36656504065
213.5 0.366006097561
214.0 0.365447154471
214.5 0.364888211382
215.0 0.364329268293
215.5 0.363770325203
216.0 0.363211382114
216.5 0.362652439024
217.0 0.362093495935
217.5 0.361534552845
218.0 0.360975609756
218.5 0.360416666666
219.0 0.359857723577
219.5 0.359298780487
220.0 0.358739837398
220.5 0.358536585366
221.0 0.358333333333
221.5 0.358130081301
222.0 0.357926829268
222.5 0.357723577236
223.0 0.357520325203
223.5 0.357317073171
224.0 0.357113821138
224.5 0.356910569106
225.0 0.356707317073
225.5 0.356504065041
226.0 0.356300813008
226.5 0.356097560975
227.0 0.355894308943
227.5 0.355691056911
228.0 0.355487804878
228.5 0.355284552846
229.0 0.355081300813
229.5 0.35487804878
230.0 0.354674796748
230.5 0.354522357724
231.0 0.354369918699
231.5 0.354217479675
232.0 0.35406504065
232.5 0.353912601626
233.0 0.353760162602
233.5 0.353607723577
234.0 0.353455284553
234.5 0.353302845528
235.0 0.353150406504
235.5 0.35299796748
236.0 0.352845528455
236.5 0.352693089431
237.0 0.352540650406
237.5 0.352388211382
238.0 0.352235772358
238.5 0.352083333333
239.0 0.351930894309
239.5 0.351778455284
240.0 0.35162601626
240.5 0.35162601626
241.0 0.35162601626
241.5 0.35162601626
242.0 0.35162601626
242.5 0.35162601626
243.0 0.35162601626
243.5 0.35162601626
244.0 0.35162601626
244.5 0.35162601626
245.0 0.35162601626
245.5 0.35162601626
246.0 0.35162601626
246.5 0.35162601626
247.0 0.35162601626
247.5 0.35162601626
248.0 0.35162601626
248.5 0.35162601626
249.0 0.35162601626
249.5 0.35162601626
250.0 0.35162601626
250.5 0.351676829268
251.0 0.351727642276
251.5 0.351778455284
252.0 0.351829268293
252.5 0.351880081301
253.0 0.351930894309
253.5 0.351981707317
254.0 0.352032520325
254.5 0.352083333333
255.0 0.352134146341
255.5 0.35218495935
256.0 0.352235772358
256.5 0.352286585366
257.0 0.352337398374
257.5 0.352388211382
258.0 0.35243902439
258.5 0.352489837399
259.0 0.352540650407
259.5 0.352591463415
260.0 0.352642276423
260.5 0.352642276423
261.0 0.352642276423
261.5 0.352642276423
262.0 0.352642276423
262.5 0.352642276423
263.0 0.352642276423
263.5 0.352642276423
264.0 0.352642276423
264.5 0.352642276423
265.0 0.352642276423
265.5 0.352642276423
266.0 0.352642276423
266.5 0.352642276423
267.0 0.352642276423
267.5 0.352642276423
268.0 0.352642276423
268.5 0.352642276423
269.0 0.352642276423
269.5 0.352642276423
270.0 0.352642276423
270.5 0.352693089431
271.0 0.352743902439
271.5 0.352794715447
272.0 0.352845528455
272.5 0.352896341464
273.0 0.352947154472
273.5 0.35299796748
274.0 0.353048780488
274.5 0.353099593496
275.0 0.353150406504
275.5 0.353201219512
276.0 0.35325203252
276.5 0.353302845528
277.0 0.353353658536
277.5 0.353404471544
278.0 0.353455284553
278.5 0.353506097561
279.0 0.353556910569
279.5 0.353607723577
280.0 0.353658536585
280.5 0.353912601626
281.0 0.354166666666
281.5 0.354420731707
282.0 0.354674796748
282.5 0.354928861788
283.0 0.355182926829
283.5 0.35543699187
284.0 0.35569105691
284.5 0.355945121951
285.0 0.356199186991
285.5 0.356453252032
286.0 0.356707317073
286.5 0.356961382113
287.0 0.357215447154
287.5 0.357469512195
288.0 0.357723577235
288.5 0.357977642276
289.0 0.358231707317
289.5 0.358485772357
290.0 0.358739837398
290.5 0.359247967479
291.0 0.359756097561
291.5 0.360264227642
292.0 0.360772357724
292.5 0.361280487805
293.0 0.361788617886
293.5 0.362296747968
294.0 0.362804878049
294.5 0.363440040651
295.0 0.364075203252
295.5 0.364710365854
296.0 0.365345528456
296.5 0.365980691057
297.0 0.366615853659
297.5 0.36725101626
298.0 0.367886178862
298.5 0.368521341464
299.0 0.369156504065
299.5 0.369791666667
300.0 0.370426829269
300.5 0.37106199187
301.0 0.371697154472
301.5 0.372332317073
302.0 0.372967479675
302.5 0.373856707317
303.0 0.374745934959
303.5 0.375635162602
304.0 0.376524390244
304.5 0.377413617886
305.0 0.378302845529
305.5 0.379192073171
306.0 0.380081300813
306.5 0.381097560976
307.0 0.382113821138
307.5 0.383130081301
308.0 0.384146341464
308.5 0.385162601626
309.0 0.386178861789
309.5 0.387195121951
310.0 0.388211382114
310.5 0.389481707317
311.0 0.390752032521
311.5 0.392022357724
312.0 0.393292682927
312.5 0.39456300813
313.0 0.395833333334
313.5 0.397103658537
314.0 0.39837398374
314.5 0.399771341464
315.0 0.401168699187
315.5 0.40256605691
316.0 0.403963414634
316.5 0.405360772358
317.0 0.406758130081
317.5 0.408155487804
318.0 0.409552845528
318.5 0.411331300813
319.0 0.413109756097
319.5 0.414888211382
320.0 0.416666666666
320.5 0.418445121951
321.0 0.420223577236
321.5 0.42200203252
322.0 0.423780487805
322.5 0.42568597561
323.0 0.427591463415
323.5 0.42949695122
324.0 0.431402439024
324.5 0.433307926829
325.0 0.435213414634
325.5 0.437118902439
326.0 0.439024390244
326.5 0.441183943089
327.0 0.443343495935
327.5 0.445503048781
328.0 0.447662601626
328.5 0.449822154471
329.0 0.451981707317
329.5 0.454141260163
330.0 0.456300813008
330.5 0.458841463414
331.0 0.461382113821
331.5 0.463922764228
332.0 0.466463414634
332.5 0.469004065041
333.0 0.471544715447
333.5 0.474085365854
334.0 0.47662601626
334.5 0.479293699187
335.0 0.481961382114
335.5 0.484629065041
336.0 0.487296747967
336.5 0.489964430894
337.0 0.492632113821
337.5 0.495299796748
338.0 0.497967479675
338.5 0.500889227642
339.0 0.50381097561
339.5 0.506732723577
340.0 0.509654471545
340.5 0.512576219512
341.0 0.51549796748
341.5 0.518419715447
342.0 0.521341463415
342.5 0.524136178862
343.0 0.526930894309
343.5 0.529725609756
344.0 0.532520325204
344.5 0.535315040651
345.0 0.538109756098
345.5 0.540904471545
346.0 0.543699186992
346.5 0.54662093496
347.0 0.549542682927
347.5 0.552464430895
348.0 0.555386178862
348.5 0.55830792683
349.0 0.561229674797
349.5 0.564151422765
350.0 0.567073170732
350.5 0.572027439025
351.0 0.576981707317
351.5 0.58193597561
352.0 0.586890243902
352.5 0.591844512195
353.0 0.596798780488
353.5 0.60175304878
354.0 0.606707317073
354.5 0.604166666666
355.0 0.60162601626
355.5 0.599085365854
356.0 0.596544715447
356.5 0.59400406504
357.0 0.591463414634
357.5 0.588922764228
358.0 0.586382113821
358.5 0.584603658536
359.0 0.582825203252
359.5 0.581046747967
360.0 0.579268292683
360.5 0.577489837399
361.0 0.575711382114
361.5 0.57393292683
362.0 0.572154471545
362.5 0.576727642277
363.0 0.581300813008
363.5 0.58587398374
364.0 0.590447154471
364.5 0.595020325203
365.0 0.599593495935
365.5 0.604166666666
366.0 0.608739837398
366.5 0.618521341463
367.0 0.628302845528
367.5 0.638084349593
368.0 0.647865853659
368.5 0.657647357724
369.0 0.667428861789
369.5 0.677210365854
370.0 0.686991869919
370.5 0.690802845529
371.0 0.694613821139
371.5 0.698424796748
372.0 0.702235772358
372.5 0.706046747968
373.0 0.709857723577
373.5 0.713668699187
374.0 0.717479674797
374.5 0.714430894309
375.0 0.711382113821
375.5 0.708333333333
376.0 0.705284552846
376.5 0.702235772358
377.0 0.69918699187
377.5 0.696138211382
378.0 0.693089430894
378.5 0.696392276423
379.0 0.699695121951
379.5 0.70299796748
380.0 0.706300813008
380.5 0.709603658536
381.0 0.712906504065
381.5 0.716209349594
382.0 0.719512195122
382.5 0.72662601626
383.0 0.733739837399
383.5 0.740853658537
384.0 0.747967479675
384.5 0.755081300813
385.0 0.762195121952
385.5 0.76930894309
386.0 0.776422764228
386.5 0.778201219513
387.0 0.779979674797
387.5 0.781758130081
388.0 0.783536585366
388.5 0.785315040651
389.0 0.787093495935
389.5 0.788871951219
390.0 0.790650406504
390.5 0.788363821138
391.0 0.786077235772
391.5 0.783790650406
392.0 0.781504065041
392.5 0.779217479675
393.0 0.776930894309
393.5 0.774644308943
394.0 0.772357723577
394.5 0.779090447154
395.0 0.785823170731
395.5 0.792555894309
396.0 0.799288617886
396.5 0.806021341463
397.0 0.812754065041
397.5 0.819486788618
398.0 0.826219512195
398.5 0.83981199187
399.0 0.853404471544
399.5 0.866996951219
400.0 0.880589430894
400.5 0.894181910569
401.0 0.907774390244
401.5 0.921366869918
402.0 0.934959349593
402.5 0.935467479674
403.0 0.935975609756
403.5 0.936483739837
404.0 0.936991869919
404.5 0.9375
405.0 0.938008130081
405.5 0.938516260163
406.0 0.939024390244
406.5 0.93343495935
407.0 0.927845528455
407.5 0.922256097561
408.0 0.916666666666
408.5 0.911077235772
409.0 0.905487804878
409.5 0.899898373983
410.0 0.894308943089
410.5 0.897230691056
411.0 0.900152439024
411.5 0.903074186991
412.0 0.905995934959
412.5 0.908917682926
413.0 0.911839430894
413.5 0.914761178861
414.0 0.917682926829
414.5 0.92212906504
415.0 0.926575203252
415.5 0.931021341463
416.0 0.935467479674
416.5 0.939913617886
417.0 0.944359756097
417.5 0.948805894309
418.0 0.95325203252
418.5 0.954395325203
419.0 0.955538617886
419.5 0.956681910569
420.0 0.957825203252
420.5 0.958968495935
421.0 0.960111788618
421.5 0.961255081301
422.0 0.962398373984
422.5 0.959857723577
423.0 0.957317073171
423.5 0.954776422765
424.0 0.952235772358
424.5 0.949695121951
425.0 0.947154471545
425.5 0.944613821139
426.0 0.942073170732
426.5 0.938135162602
427.0 0.934197154472
427.5 0.930259146342
428.0 0.926321138211
428.5 0.922383130081
429.0 0.918445121951
429.5 0.914507113821
430.0 0.910569105691
430.5 0.910569105691
431.0 0.910569105691
431.5 0.910569105691
432.0 0.910569105691
432.5 0.910569105691
433.0 0.910569105691
433.5 0.910569105691
434.0 0.910569105691
434.5 0.915015243902
435.0 0.919461382114
435.5 0.923907520325
436.0 0.928353658536
436.5 0.932799796748
437.0 0.937245934959
437.5 0.941692073171
438.0 0.946138211382
438.5 0.950965447154
439.0 0.955792682927
439.5 0.960619918699
440.0 0.965447154471
440.5 0.970274390244
441.0 0.975101626016
441.5 0.979928861789
442.0 0.984756097561
442.5 0.98831300813
443.0 0.991869918698
443.5 0.995426829267
444.0 0.998983739835
444.5 1.0025406504
445.0 1.00609756097
445.5 1.00965447154
446.0 1.01321138211
446.5 1.01575203252
447.0 1.01829268292
447.5 1.02083333333
448.0 1.02337398374
448.5 1.02591463415
449.0 1.02845528456
449.5 1.03099593496
450.0 1.03353658537
450.5 1.03340955285
451.0 1.03328252033
451.5 1.03315548781
452.0 1.03302845528
452.5 1.03290142276
453.0 1.03277439024
453.5 1.03264735772
454.0 1.0325203252
454.5 1.03112296748
455.0 1.02972560975
455.5 1.02832825203
456.0 1.0269308943
456.5 1.02553353658
457.0 1.02413617886
457.5 1.02273882113
458.0 1.02134146341
458.5 1.02235772357
459.0 1.02337398374
459.5 1.0243902439
460.0 1.02540650407
460.5 1.02642276423
461.0 1.02743902439
461.5 1.02845528456
462.0 1.02947154472
462.5 1.02883638212
463.0 1.02820121952
463.5 1.02756605691
464.0 1.02693089431
464.5 1.02629573171
465.0 1.02566056911
465.5 1.0250254065
466.0 1.0243902439
466.5 1.02261178862
467.0 1.02083333333
467.5 1.01905487805
468.0 1.01727642277
468.5 1.01549796748
469.0 1.0137195122
469.5 1.01194105691
470.0 1.01016260163
470.5 1.01257621952
471.0 1.0149898374
471.5 1.01740345529
472.0 1.01981707318
472.5 1.02223069106
473.0 1.02464430895
473.5 1.02705792683
474.0 1.02947154472
474.5 1.02858231708
475.0 1.02769308944
475.5 1.02680386179
476.0 1.02591463415
476.5 1.02502540651
477.0 1.02413617887
477.5 1.02324695122
478.0 1.02235772358
478.5 1.01956300813
479.0 1.01676829269
479.5 1.01397357724
480.0 1.01117886179
480.5 1.00838414634
481.0 1.00558943089
481.5 1.00279471545
482.0 1.0
482.5 0.999491869919
483.0 0.998983739837
483.5 0.998475609756
484.0 0.997967479675
484.5 0.997459349594
485.0 0.996951219512
485.5 0.996443089431
486.0 0.99593495935
486.5 0.994283536586
487.0 0.992632113821
487.5 0.990980691057
488.0 0.989329268293
488.5 0.987677845529
489.0 0.986026422765
489.5 0.984375
490.0 0.982723577236
490.5 0.982596544716
491.0 0.982469512195
491.5 0.982342479675
492.0 0.982215447154
492.5 0.982088414634
493.0 0.981961382114
493.5 0.981834349593
494.0 0.981707317073
494.5 0.983993902439
495.0 0.986280487805
495.5 0.988567073171
496.0 0.990853658536
496.5 0.993140243902
497.0 0.995426829268
497.5 0.997713414634
498.0 1.0
498.5 0.999110772358
499.0 0.998221544716
499.5 0.997332317073
500.0 0.996443089431
500.5 0.995553861789
501.0 0.994664634146
501.5 0.993775406504
502.0 0.992886178862
502.5 0.988440040651
503.0 0.983993902439
503.5 0.979547764228
504.0 0.975101626016
504.5 0.970655487805
505.0 0.966209349594
505.5 0.961763211382
506.0 0.957317073171
506.5 0.957698170732
507.0 0.958079268293
507.5 0.958460365854
508.0 0.958841463415
508.5 0.959222560976
509.0 0.959603658537
509.5 0.959984756098
510.0 0.960365853659
510.5 0.958841463415
511.0 0.957317073171
511.5 0.955792682927
512.0 0.954268292683
512.5 0.952743902439
513.0 0.951219512195
513.5 0.949695121951
514.0 0.948170731707
514.5 0.946138211382
515.0 0.944105691057
515.5 0.942073170732
516.0 0.940040650406
516.5 0.938008130081
517.0 0.935975609756
517.5 0.933943089431
518.0 0.931910569106
518.5 0.93330792683
519.0 0.934705284553
519.5 0.936102642276
520.0 0.9375
520.5 0.938897357724
521.0 0.940294715447
521.5 0.94169207317
522.0 0.943089430894
522.5 0.942073170731
523.0 0.941056910569
523.5 0.940040650406
524.0 0.939024390244
524.5 0.938008130081
525.0 0.936991869918
525.5 0.935975609756
526.0 0.934959349593
526.5 0.933053861788
527.0 0.931148373983
527.5 0.929242886178
528.0 0.927337398374
528.5 0.925431910569
529.0 0.923526422764
529.5 0.921620934959
530.0 0.919715447154
530.5 0.917301829268
531.0 0.914888211382
531.5 0.912474593496
532.0 0.910060975609
532.5 0.907647357723
533.0 0.905233739837
533.5 0.902820121951
534.0 0.900406504065
534.5 0.900914634146
535.0 0.901422764228
535.5 0.901930894309
536.0 0.90243902439
536.5 0.902947154471
537.0 0.903455284553
537.5 0.903963414634
538.0 0.904471544715
538.5 0.910950203252
539.0 0.917428861788
539.5 0.923907520325
540.0 0.930386178861
540.5 0.936864837398
541.0 0.943343495935
541.5 0.949822154471
542.0 0.956300813008
542.5 0.958841463414
543.0 0.961382113821
543.5 0.963922764228
544.0 0.966463414634
544.5 0.96900406504
545.0 0.971544715447
545.5 0.974085365854
546.0 0.97662601626
546.5 0.974593495935
547.0 0.97256097561
547.5 0.970528455285
548.0 0.968495934959
548.5 0.966463414634
549.0 0.964430894309
549.5 0.962398373984
550.0 0.960365853659
550.5 0.962398373984
551.0 0.964430894309
551.5 0.966463414634
552.0 0.968495934959
552.5 0.970528455285
553.0 0.97256097561
553.5 0.974593495935
554.0 0.97662601626
554.5 0.975990853658
555.0 0.975355691057
555.5 0.974720528455
556.0 0.974085365854
556.5 0.973450203252
557.0 0.97281504065
557.5 0.972179878049
558.0 0.971544715447
558.5 0.970147357724
559.0 0.96875
559.5 0.967352642276
560.0 0.965955284553
560.5 0.96455792683
561.0 0.963160569106
561.5 0.961763211382
562.0 0.960365853659
562.5 0.959222560976
563.0 0.958079268293
563.5 0.95693597561
564.0 0.955792682927
564.5 0.954649390244
565.0 0.953506097561
565.5 0.952362804878
566.0 0.951219512195
566.5 0.949949186992
567.0 0.948678861789
567.5 0.947408536585
568.0 0.946138211382
568.5 0.944867886179
569.0 0.943597560975
569.5 0.942327235772
570.0 0.941056910569
570.5 0.940040650406
571.0 0.939024390244
571.5 0.938008130081
572.0 0.936991869919
572.5 0.935975609756
573.0 0.934959349593
573.5 0.933943089431
574.0 0.932926829268
574.5 0.931910569105
575.0 0.930894308943
575.5 0.92987804878
576.0 0.928861788617
576.5 0.927845528455
577.0 0.926829268292
577.5 0.92581300813
578.0 0.924796747967
578.5 0.923907520325
579.0 0.923018292682
579.5 0.92212906504
580.0 0.921239837398
580.5 0.920350609756
581.0 0.919461382114
581.5 0.918572154471
582.0 0.917682926829
582.5 0.916920731707
583.0 0.916158536585
583.5 0.915396341463
584.0 0.914634146341
584.5 0.91387195122
585.0 0.913109756098
585.5 0.912347560976
586.0 0.911585365854
586.5 0.910823170732
587.0 0.91006097561
587.5 0.909298780488
588.0 0.908536585366
588.5 0.907774390244
589.0 0.907012195122
589.5 0.90625
590.0 0.905487804878
590.5 0.904852642276
591.0 0.904217479675
591.5 0.903582317073
592.0 0.902947154471
592.5 0.90231199187
593.0 0.901676829268
593.5 0.901041666667
594.0 0.900406504065
594.5 0.900025406504
595.0 0.899644308943
595.5 0.899263211382
596.0 0.898882113821
596.5 0.89850101626
597.0 0.898119918699
597.5 0.897738821138
598.0 0.897357723577
598.5 0.896976626016
599.0 0.896595528455
599.5 0.896214430894
600.0 0.895833333333
600.5 0.895452235772
601.0 0.895071138211
601.5 0.89469004065
602.0 0.894308943089
602.5 0.894054878048
603.0 0.893800813008
603.5 0.893546747967
604.0 0.893292682926
604.5 0.893038617886
605.0 0.892784552845
605.5 0.892530487805
606.0 0.892276422764
606.5 0.892022357723
607.0 0.891768292683
607.5 0.891514227642
608.0 0.891260162601
608.5 0.891006097561
609.0 0.89075203252
609.5 0.89049796748
610.0 0.890243902439
610.5 0.889989837398
611.0 0.889735772358
611.5 0.889481707317
612.0 0.889227642276
612.5 0.888973577236
613.0 0.888719512195
613.5 0.888465447155
614.0 0.888211382114
614.5 0.887957317073
615.0 0.887703252033
615.5 0.887449186992
616.0 0.887195121951
616.5 0.886941056911
617.0 0.88668699187
617.5 0.88643292683
618.0 0.886178861789
618.5 0.885924796748
619.0 0.885670731707
619.5 0.885416666667
620.0 0.885162601626
620.5 0.884908536585
621.0 0.884654471544
621.5 0.884400406504
622.0 0.884146341463
622.5 0.883892276422
623.0 0.883638211382
623.5 0.883384146341
624.0 0.8831300813
624.5 0.88287601626
625.0 0.882621951219
625.5 0.882367886179
626.0 0.882113821138
626.5 0.881732723577
627.0 0.881351626016
627.5 0.880970528455
628.0 0.880589430894
628.5 0.880208333333
629.0 0.879827235772
629.5 0.879446138211
630.0 0.87906504065
630.5 0.87893800813
631.0 0.878810975609
631.5 0.878683943089
632.0 0.878556910569
632.5 0.878429878049
633.0 0.878302845529
633.5 0.878175813008
634.0 0.878048780488
634.5 0.877794715447
635.0 0.877540650407
635.5 0.877286585366
636.0 0.877032520326
636.5 0.876778455285
637.0 0.876524390244
637.5 0.876270325204
638.0 0.876016260163
638.5 0.875762195122
639.0 0.875508130081
639.5 0.875254065041
640.0 0.875
640.5 0.874745934959
641.0 0.874491869919
641.5 0.874237804878
642.0 0.873983739837
642.5 0.873729674796
643.0 0.873475609756
643.5 0.873221544715
644.0 0.872967479674
644.5 0.872713414634
645.0 0.872459349593
645.5 0.872205284553
646.0 0.871951219512
646.5 0.871570121951
647.0 0.87118902439
647.5 0.870807926829
648.0 0.870426829268
648.5 0.870045731707
649.0 0.869664634146
649.5 0.869283536585
650.0 0.868902439024
650.5 0.868775406504
651.0 0.868648373984
651.5 0.868521341463
652.0 0.868394308943
652.5 0.868267276423
653.0 0.868140243902
653.5 0.868013211382
654.0 0.867886178862
654.5 0.867632113821
655.0 0.867378048781
655.5 0.86712398374
656.0 0.8668699187
656.5 0.866615853659
657.0 0.866361788618
657.5 0.866107723578
658.0 0.865853658537
658.5 0.865599593496
659.0 0.865345528456
659.5 0.865091463415
660.0 0.864837398374
660.5 0.864583333333
661.0 0.864329268293
661.5 0.864075203252
662.0 0.863821138211
662.5 0.86356707317
663.0 0.86331300813
663.5 0.863058943089
664.0 0.862804878049
664.5 0.862550813008
665.0 0.862296747967
665.5 0.862042682927
666.0 0.861788617886
666.5 0.861534552845
667.0 0.861280487805
667.5 0.861026422764
668.0 0.860772357724
668.5 0.860518292683
669.0 0.860264227642
669.5 0.860010162602
670.0 0.859756097561
670.5 0.85950203252
671.0 0.85924796748
671.5 0.858993902439
672.0 0.858739837399
672.5 0.858485772358
673.0 0.858231707317
673.5 0.857977642277
674.0 0.857723577236
674.5 0.857469512195
675.0 0.857215447155
675.5 0.856961382114
676.0 0.856707317074
676.5 0.856453252033
677.0 0.856199186992
677.5 0.855945121952
678.0 0.855691056911
678.5 0.855564024391
679.0 0.85543699187
679.5 0.85530995935
680.0 0.855182926829
680.5 0.855055894309
681.0 0.854928861789
681.5 0.854801829268
682.0 0.854674796748
682.5 0.854420731707
683.0 0.854166666667
683.5 0.853912601626
684.0 0.853658536585
684.5 0.853404471545
685.0 0.853150406504
685.5 0.852896341464
686.0 0.852642276423
686.5 0.852388211382
687.0 0.852134146342
687.5 0.851880081301
688.0 0.851626016261
688.5 0.85137195122
689.0 0.851117886179
689.5 0.850863821139
690.0 0.850609756098
690.5 0.850355691057
691.0 0.850101626016
691.5 0.849847560976
692.0 0.849593495935
692.5 0.849339430894
693.0 0.849085365854
693.5 0.848831300813
694.0 0.848577235772
694.5 0.848323170731
695.0 0.848069105691
695.5 0.84781504065
696.0 0.847560975609
696.5 0.847306910569
697.0 0.847052845528
697.5 0.846798780488
698.0 0.846544715447
698.5 0.846417682927
699.0 0.846290650406
699.5 0.846163617886
700.0 0.846036585366
700.5 0.845909552846
701.0 0.845782520326
701.5 0.845655487805
702.0 0.845528455285
702.5 0.845274390244
703.0 0.845020325204
703.5 0.844766260163
704.0 0.844512195122
704.5 0.844258130081
705.0 0.84400406504
705.5 0.84375
706.0 0.843495934959
706.5 0.843241869918
707.0 0.842987804878
707.5 0.842733739837
708.0 0.842479674796
708.5 0.842225609756
709.0 0.841971544715
709.5 0.841717479675
710.0 0.841463414634
710.5 0.841463414634
711.0 0.841463414634
711.5 0.841463414634
712.0 0.841463414634
712.5 0.841463414634
713.0 0.841463414634
713.5 0.841463414634
714.0 0.841463414634
714.5 0.841209349593
715.0 0.840955284553
715.5 0.840701219512
716.0 0.840447154471
716.5 0.840193089431
717.0 0.83993902439
717.5 0.83968495935
718.0 0.839430894309
718.5 0.839303861789
719.0 0.839176829268
719.5 0.839049796748
720.0 0.838922764228
720.5 0.838795731707
721.0 0.838668699187
721.5 0.838541666666
722.0 0.838414634146
722.5 0.838160569105
723.0 0.837906504065
723.5 0.837652439024
724.0 0.837398373984
724.5 0.837144308943
725.0 0.836890243902
725.5 0.836636178862
726.0 0.836382113821
726.5 0.83612804878
727.0 0.83587398374
727.5 0.835619918699
728.0 0.835365853659
728.5 0.835111788618
729.0 0.834857723577
729.5 0.834603658537
730.0 0.834349593496
730.5 0.834349593496
731.0 0.834349593496
731.5 0.834349593496
732.0 0.834349593496
732.5 0.834349593496
733.0 0.834349593496
733.5 0.834349593496
734.0 0.834349593496
734.5 0.834095528455
735.0 0.833841463415
735.5 0.833587398374
736.0 0.833333333334
736.5 0.833079268293
737.0 0.832825203252
737.5 0.832571138212
738.0 0.832317073171
738.5 0.832190040651
739.0 0.83206300813
739.5 0.83193597561
740.0 0.831808943089
740.5 0.831681910569
741.0 0.831554878049
741.5 0.831427845528
742.0 0.831300813008
742.5 0.831046747967
743.0 0.830792682927
743.5 0.830538617886
744.0 0.830284552845
744.5 0.830030487805
745.0 0.829776422764
745.5 0.829522357724
746.0 0.829268292683
746.5 0.829014227642
747.0 0.828760162602
747.5 0.828506097561
748.0 0.828252032521
748.5 0.82799796748
749.0 0.827743902439
749.5 0.827489837399
750.0 0.827235772358
750.5 0.827235772358
751.0 0.827235772358
751.5 0.827235772358
752.0 0.827235772358
752.5 0.827235772358
753.0 0.827235772358
753.5 0.827235772358
754.0 0.827235772358
754.5 0.826981707317
755.0 0.826727642277
755.5 0.826473577236
756.0 0.826219512196
756.5 0.825965447155
757.0 0.825711382114
757.5 0.825457317074
758.0 0.825203252033
758.5 0.825076219513
759.0 0.824949186992
759.5 0.824822154472
760.0 0.824695121951
760.5 0.824568089431
761.0 0.824441056911
761.5 0.82431402439
762.0 0.82418699187
762.5 0.823932926829
763.0 0.823678861789
763.5 0.823424796748
764.0 0.823170731707
764.5 0.822916666667
765.0 0.822662601626
765.5 0.822408536586
766.0 0.822154471545
766.5 0.821900406504
767.0 0.821646341464
767.5 0.821392276423
768.0 0.821138211382
768.5 0.820884146342
769.0 0.820630081301
769.5 0.820376016261
770.0 0.82012195122
770.5 0.82012195122
771.0 0.82012195122
771.5 0.82012195122
772.0 0.82012195122
772.5 0.82012195122
773.0 0.82012195122
773.5 0.82012195122
774.0 0.82012195122
774.5 0.819867886179
775.0 0.819613821139
775.5 0.819359756098
776.0 0.819105691057
776.5 0.818851626016
777.0 0.818597560975
777.5 0.818343495935
778.0 0.818089430894
778.5 0.817962398374
779.0 0.817835365854
779.5 0.817708333333
780.0 0.817581300813
780.5 0.817454268293
781.0 0.817327235772
781.5 0.817200203252
782.0 0.817073170732
782.5 0.816819105691
783.0 0.816565040651
783.5 0.81631097561
784.0 0.81605691057
784.5 0.815802845529
785.0 0.815548780488
785.5 0.815294715448
786.0 0.815040650407
786.5 0.814913617887
787.0 0.814786585366
787.5 0.814659552846
788.0 0.814532520326
788.5 0.814405487805
789.0 0.814278455285
789.5 0.814151422764
790.0 0.814024390244
790.5 0.813897357724
791.0 0.813770325203
791.5 0.813643292683
792.0 0.813516260163
792.5 0.813389227642
793.0 0.813262195122
793.5 0.813135162601
794.0 0.813008130081
794.5 0.81275406504
795.0 0.8125
795.5 0.812245934959
796.0 0.811991869918
796.5 0.811737804878
797.0 0.811483739837
797.5 0.811229674796
798.0 0.810975609756
798.5 0.810721544715
799.0 0.810467479674
799.5 0.810213414634
800.0 0.809959349593
800.5 0.809806910569
801.0 0.809654471544
801.5 0.80950203252
802.0 0.809349593496
802.5 0.809197154471
803.0 0.809044715447
803.5 0.808892276423
804.0 0.808739837398
804.5 0.808587398374
805.0 0.808434959349
805.5 0.808282520325
806.0 0.808130081301
806.5 0.807977642276
807.0 0.807825203252
807.5 0.807672764228
808.0 0.807520325203
808.5 0.807367886179
809.0 0.807215447155
809.5 0.80706300813
810.0 0.806910569106
810.5 0.806758130082
811.0 0.806605691057
811.5 0.806453252033
812.0 0.806300813008
812.5 0.806148373984
813.0 0.80599593496
813.5 0.805843495935
814.0 0.805691056911
814.5 0.805538617886
815.0 0.805386178862
815.5 0.805233739838
816.0 0.805081300813
816.5 0.804928861789
817.0 0.804776422764
817.5 0.80462398374
818.0 0.804471544716
818.5 0.804319105691
819.0 0.804166666667
819.5 0.804014227642
820.0 0.803861788618
820.5 0.803760162602
821.0 0.803658536586
821.5 0.803556910569
822.0 0.803455284553
822.5 0.803353658537
823.0 0.80325203252
823.5 0.803150406504
824.0 0.803048780488
824.5 0.802947154472
825.0 0.802845528456
825.5 0.802743902439
826.0 0.802642276423
826.5 0.802540650407
827.0 0.80243902439
827.5 0.802337398374
828.0 0.802235772358
828.5 0.802134146342
829.0 0.802032520326
829.5 0.801930894309
830.0 0.801829268293
830.5 0.801676829269
831.0 0.801524390244
831.5 0.80137195122
832.0 0.801219512195
832.5 0.801067073171
833.0 0.800914634147
833.5 0.800762195122
834.0 0.800609756098
834.5 0.800457317073
835.0 0.800304878049
835.5 0.800152439025
836.0 0.8
836.5 0.799847560976
837.0 0.799695121951
837.5 0.799542682927
838.0 0.799390243903
838.5 0.799237804878
839.0 0.799085365854
839.5 0.798932926829
840.0 0.798780487805
840.5 0.798628048781
841.0 0.798475609756
841.5 0.798323170732
842.0 0.798170731707
842.5 0.798018292683
843.0 0.797865853659
843.5 0.797713414634
844.0 0.79756097561
844.5 0.797408536585
845.0 0.797256097561
845.5 0.797103658537
846.0 0.796951219512
846.5 0.796798780488
847.0 0.796646341463
847.5 0.796493902439
848.0 0.796341463415
848.5 0.79618902439
849.0 0.796036585366
849.5 0.795884146341
850.0 0.795731707317
850.5 0.795630081301
851.0 0.795528455285
851.5 0.795426829268
852.0 0.795325203252
852.5 0.795223577236
853.0 0.79512195122
853.5 0.795020325203
854.0 0.794918699187
854.5 0.794817073171
855.0 0.794715447155
855.5 0.794613821138
856.0 0.794512195122
856.5 0.794410569106
857.0 0.79430894309
857.5 0.794207317073
858.0 0.794105691057
858.5 0.794004065041
859.0 0.793902439025
859.5 0.793800813008
860.0 0.793699186992
860.5 0.793546747968
861.0 0.793394308943
861.5 0.793241869919
862.0 0.793089430894
862.5 0.79293699187
863.0 0.792784552846
863.5 0.792632113821
864.0 0.792479674797
864.5 0.792327235772
865.0 0.792174796748
865.5 0.792022357724
866.0 0.791869918699
866.5 0.791717479675
867.0 0.79156504065
867.5 0.791412601626
868.0 0.791260162602
868.5 0.791107723577
869.0 0.790955284553
869.5 0.790802845528
870.0 0.790650406504
870.5 0.790548780488
871.0 0.790447154471
871.5 0.790345528455
872.0 0.790243902439
872.5 0.790142276423
873.0 0.790040650406
873.5 0.78993902439
874.0 0.789837398374
874.5 0.789735772358
875.0 0.789634146341
875.5 0.789532520325
876.0 0.789430894309
876.5 0.789329268293
877.0 0.789227642276
877.5 0.78912601626
878.0 0.789024390244
878.5 0.788922764228
879.0 0.788821138212
879.5 0.788719512195
880.0 0.788617886179
880.5 0.788516260163
881.0 0.788414634146
881.5 0.78831300813
882.0 0.788211382114
882.5 0.788109756098
883.0 0.788008130081
883.5 0.787906504065
884.0 0.787804878049
884.5 0.787703252033
885.0 0.787601626016
885.5 0.7875
886.0 0.787398373984
886.5 0.787296747968
887.0 0.787195121951
887.5 0.787093495935
888.0 0.786991869919
888.5 0.786890243903
889.0 0.786788617887
889.5 0.78668699187
890.0 0.786585365854
890.5 0.78643292683
891.0 0.786280487805
891.5 0.786128048781
892.0 0.785975609756
892.5 0.785823170732
893.0 0.785670731708
893.5 0.785518292683
894.0 0.785365853659
894.5 0.785213414634
895.0 0.78506097561
895.5 0.784908536586
896.0 0.784756097561
896.5 0.784603658537
897.0 0.784451219512
897.5 0.784298780488
898.0 0.784146341464
898.5 0.783993902439
899.0 0.783841463415
899.5 0.78368902439
900.0 0.783536585366
900.5 0.78343495935
901.0 0.783333333333
901.5 0.783231707317
902.0 0.783130081301
902.5 0.783028455285
903.0 0.782926829268
903.5 0.782825203252
904.0 0.782723577236
904.5 0.78262195122
905.0 0.782520325204
905.5 0.782418699187
906.0 0.782317073171
906.5 0.782215447155
907.0 0.782113821139
907.5 0.782012195122
908.0 0.781910569106
908.5 0.78180894309
909.0 0.781707317074
909.5 0.781605691057
910.0 0.781504065041
910.5 0.781402439025
911.0 0.781300813008
911.5 0.781199186992
912.0 0.781097560976
912.5 0.78099593496
913.0 0.780894308943
913.5 0.780792682927
914.0 0.780691056911
914.5 0.780589430894
915.0 0.780487804878
915.5 0.780386178862
916.0 0.780284552845
916.5 0.780182926829
917.0 0.780081300813
917.5 0.779979674796
918.0 0.77987804878
918.5 0.779776422764
919.0 0.779674796748
919.5 0.779573170731
920.0 0.779471544715
920.5 0.779369918699
921.0 0.779268292682
921.5 0.779166666666
922.0 0.77906504065
922.5 0.778963414634
923.0 0.778861788617
923.5 0.778760162601
924.0 0.778658536585
924.5 0.778556910569
925.0 0.778455284553
925.5 0.778353658536
926.0 0.77825203252
926.5 0.778150406504
927.0 0.778048780488
927.5 0.777947154471
928.0 0.777845528455
928.5 0.777743902439
929.0 0.777642276423
929.5 0.777540650406
930.0 0.77743902439
930.5 0.777337398374
931.0 0.777235772357
931.5 0.777134146341
932.0 0.777032520325
932.5 0.776930894309
933.0 0.776829268292
933.5 0.776727642276
934.0 0.77662601626
934.5 0.776524390244
935.0 0.776422764228
935.5 0.776321138211
936.0 0.776219512195
936.5 0.776117886179
937.0 0.776016260163
937.5 0.775914634146
938.0 0.77581300813
938.5 0.775711382114
939.0 0.775609756098
939.5 0.775508130081
940.0 0.775406504065
940.5 0.775304878049
941.0 0.775203252032
941.5 0.775101626016
942.0 0.775
942.5 0.774898373984
943.0 0.774796747967
943.5 0.774695121951
944.0 0.774593495935
944.5 0.774491869919
945.0 0.774390243902
945.5 0.774288617886
946.0 0.77418699187
946.5 0.774085365854
947.0 0.773983739838
947.5 0.773882113821
948.0 0.773780487805
948.5 0.773678861789
949.0 0.773577235773
949.5 0.773475609756
950.0 0.77337398374
950.5 0.773272357724
951.0 0.773170731707
951.5 0.773069105691
952.0 0.772967479675
952.5 0.772865853659
953.0 0.772764227642
953.5 0.772662601626
954.0 0.77256097561
954.5 0.772459349594
955.0 0.772357723577
955.5 0.772256097561
956.0 0.772154471545
956.5 0.772052845529
957.0 0.771951219513
957.5 0.771849593496
958.0 0.77174796748
958.5 0.771646341464
959.0 0.771544715448
959.5 0.771443089431
960.0 0.771341463415
960.5 0.771290650407
961.0 0.771239837399
961.5 0.771189024391
962.0 0.771138211382
962.5 0.771087398374
963.0 0.771036585366
963.5 0.770985772358
964.0 0.77093495935
964.5 0.770884146342
965.0 0.770833333334
965.5 0.770782520325
966.0 0.770731707317
966.5 0.770680894309
967.0 0.770630081301
967.5 0.770579268293
968.0 0.770528455285
968.5 0.770477642276
969.0 0.770426829268
969.5 0.77037601626
970.0 0.770325203252
970.5 0.770223577236
971.0 0.77012195122
971.5 0.770020325203
972.0 0.769918699187
972.5 0.769817073171
973.0 0.769715447155
973.5 0.769613821138
974.0 0.769512195122
974.5 0.769410569106
975.0 0.76930894309
975.5 0.769207317073
976.0 0.769105691057
976.5 0.769004065041
977.0 0.768902439025
977.5 0.768800813008
978.0 0.768699186992
978.5 0.768597560976
979.0 0.76849593496
979.5 0.768394308943
980.0 0.768292682927
980.5 0.768191056911
981.0 0.768089430894
981.5 0.767987804878
982.0 0.767886178862
982.5 0.767784552846
983.0 0.76768292683
983.5 0.767581300813
984.0 0.767479674797
984.5 0.767378048781
985.0 0.767276422765
985.5 0.767174796748
986.0 0.767073170732
986.5 0.766971544716
987.0 0.7668699187
987.5 0.766768292683
988.0 0.766666666667
988.5 0.766565040651
989.0 0.766463414635
989.5 0.766361788618
990.0 0.766260162602
990.5 0.766209349594
991.0 0.766158536586
991.5 0.766107723578
992.0 0.766056910569
992.5 0.766006097561
993.0 0.765955284553
993.5 0.765904471545
994.0 0.765853658537
994.5 0.765802845529
995.0 0.765752032521
995.5 0.765701219512
996.0 0.765650406504
996.5 0.765599593496
997.0 0.765548780488
997.5 0.76549796748
998.0 0.765447154472
998.5 0.765396341463
999.0 0.765345528455
999.5 0.765294715447
1000.0 0.765243902439
1000.5 0.764677811653
1001.0 0.764111720867
1001.5 0.763545630081
1002.0 0.762979539295
1002.5 0.762413448509
1003.0 0.761847357724
1003.5 0.761281266938
1004.0 0.760715176152
1004.5 0.760149085366
1005.0 0.75958299458
1005.5 0.759016903794
1006.0 0.758450813008
1006.5 0.757884722222
1007.0 0.757318631436
1007.5 0.75675254065
1008.0 0.756186449864
1008.5 0.755620359079
1009.0 0.755054268293
1009.5 0.754488177507
1010.0 0.753922086721
1010.5 0.753355995935
1011.0 0.752789905149
1011.5 0.752223814363
1012.0 0.751657723577
1012.5 0.751091632791
1013.0 0.750525542005
1013.5 0.749959451219
1014.0 0.749393360434
1014.5 0.748827269648
1015.0 0.748261178862
1015.5 0.747695088076
1016.0 0.74712899729
1016.5 0.746562906504
1017.0 0.745996815718
1017.5 0.745430724932
1018.0 0.744864634146
1018.5 0.74429854336
1019.0 0.743732452574
1019.5 0.743166361789
1020.0 0.742600271003
1020.5 0.742034180217
1021.0 0.741468089431
1021.5 0.740901998645
1022.0 0.740335907859
1022.5 0.739769817073
1023.0 0.739203726287
1023.5 0.738637635501
1024.0 0.738071544715
1024.5 0.737505453929
1025.0 0.736939363144
1025.5 0.736373272358
1026.0 0.735807181572
1026.5 0.735241090786
1027.0 0.734675
1027.5 0.734108909214
1028.0 0.733542818428
1028.5 0.732976727642
1029.0 0.732410636856
1029.5 0.73184454607
1030.0 0.731278455284
1030.5 0.730712364499
1031.0 0.730146273713
1031.5 0.729580182927
1032.0 0.729014092141
1032.5 0.728448001355
1033.0 0.727881910569
1033.5 0.727315819783
1034.0 0.726749728997
1034.5 0.726183638211
1035.0 0.725617547425
1035.5 0.72505145664
1036.0 0.724485365854
1036.5 0.723919275068
1037.0 0.723353184282
1037.5 0.722787093496
1038.0 0.72222100271
1038.5 0.721654911924
1039.0 0.721088821138
1039.5 0.720522730352
1040.0 0.719956639566
1040.5 0.71939054878
1041.0 0.718824457995
1041.5 0.718258367209
1042.0 0.717692276423
1042.5 0.717126185637
1043.0 0.716560094851
1043.5 0.715994004065
1044.0 0.715427913279
1044.5 0.714861822493
1045.0 0.714295731707
1045.5 0.713729640921
1046.0 0.713163550135
1046.5 0.71259745935
1047.0 0.712031368564
1047.5 0.711465277778
1048.0 0.710899186992
1048.5 0.710333096206
1049.0 0.70976700542
1049.5 0.709200914634
1050.0 0.708634823848
1050.5 0.708068733062
1051.0 0.707502642276
1051.5 0.70693655149
1052.0 0.706370460705
1052.5 0.705804369919
1053.0 0.705238279133
1053.5 0.704672188347
1054.0 0.704106097561
1054.5 0.703540006775
1055.0 0.702973915989
1055.5 0.702407825203
1056.0 0.701841734417
1056.5 0.701275643631
1057.0 0.700709552845
1057.5 0.70014346206
1058.0 0.699577371274
1058.5 0.699011280488
1059.0 0.698445189702
1059.5 0.697879098916
1060.0 0.69731300813
1060.5 0.696746925813
1061.0 0.696180843496
1061.5 0.695614761179
1062.0 0.695048678862
1062.5 0.694482596545
1063.0 0.693916514228
1063.5 0.69335043191
1064.0 0.692784349593
1064.5 0.692218267276
1065.0 0.691652184959
1065.5 0.691086102642
1066.0 0.690520020325
1066.5 0.689953938008
1067.0 0.689387855691
1067.5 0.688821773374
1068.0 0.688255691057
1068.5 0.68768960874
1069.0 0.687123526423
1069.5 0.686557444106
1070.0 0.685991361788
1070.5 0.685425279471
1071.0 0.684859197154
1071.5 0.684293114837
1072.0 0.68372703252
1072.5 0.683160950203
1073.0 0.682594867886
1073.5 0.682028785569
1074.0 0.681462703252
1074.5 0.680896620935
1075.0 0.680330538618
1075.5 0.679764456301
1076.0 0.679198373984
1076.5 0.678632291667
1077.0 0.678066209349
1077.5 0.677500127032
1078.0 0.676934044715
1078.5 0.676367962398
1079.0 0.675801880081
1079.5 0.675235797764
1080.0 0.674669715447
1080.5 0.67410363313
1081.0 0.673537550813
1081.5 0.672971468496
1082.0 0.672405386179
1082.5 0.671839303862
1083.0 0.671273221545
1083.5 0.670707139227
1084.0 0.67014105691
1084.5 0.669574974593
1085.0 0.669008892276
1085.5 0.668442809959
1086.0 0.667876727642
1086.5 0.667310645325
1087.0 0.666744563008
1087.5 0.666178480691
1088.0 0.665612398374
1088.5 0.665046316057
1089.0 0.66448023374
1089.5 0.663914151423
1090.0 0.663348069106
1090.5 0.662781986788
1091.0 0.662215904471
1091.5 0.661649822154
1092.0 0.661083739837
1092.5 0.66051765752
1093.0 0.659951575203
1093.5 0.659385492886
1094.0 0.658819410569
1094.5 0.658253328252
1095.0 0.657687245935
1095.5 0.657121163618
1096.0 0.656555081301
1096.5 0.655988998984
1097.0 0.655422916666
1097.5 0.654856834349
1098.0 0.654290752032
1098.5 0.653724669715
1099.0 0.653158587398
1099.5 0.652592505081
1100.0 0.652026422764
1100.5 0.651460340447
1101.0 0.65089425813
1101.5 0.650328175813
1102.0 0.649762093496
1102.5 0.649196011179
1103.0 0.648629928862
1103.5 0.648063846544
1104.0 0.647497764227
1104.5 0.64693168191
1105.0 0.646365599593
1105.5 0.645799517276
1106.0 0.645233434959
1106.5 0.644667352642
1107.0 0.644101270325
1107.5 0.643535188008
1108.0 0.642969105691
1108.5 0.642403023374
1109.0 0.641836941057
1109.5 0.64127085874
1110.0 0.640704776423
1110.5 0.640138694105
1111.0 0.639572611788
1111.5 0.639006529471
1112.0 0.638440447154
1112.5 0.637874364837
1113.0 0.63730828252
1113.5 0.636742200203
1114.0 0.636176117886
1114.5 0.635610035569
1115.0 0.635043953252
1115.5 0.634477870935
1116.0 0.633911788618
1116.5 0.633345706301
1117.0 0.632779623983
1117.5 0.632213541666
1118.0 0.631647459349
1118.5 0.631081377032
1119.0 0.630515294715
1119.5 0.629949212398
1120.0 0.629383130081
1120.5 0.628817039295
1121.0 0.628250948509
1121.5 0.627684857723
1122.0 0.627118766937
1122.5 0.626552676151
1123.0 0.625986585366
1123.5 0.62542049458
1124.0 0.624854403794
1124.5 0.624288313008
1125.0 0.623722222222
1125.5 0.623156131436
1126.0 0.62259004065
1126.5 0.622023949864
1127.0 0.621457859078
1127.5 0.620891768292
1128.0 0.620325677506
1128.5 0.619759586721
1129.0 0.619193495935
1129.5 0.618627405149
1130.0 0.618061314363
1130.5 0.617495223577
1131.0 0.616929132791
1131.5 0.616363042005
1132.0 0.615796951219
1132.5 0.615230860433
1133.0 0.614664769647
1133.5 0.614098678861
1134.0 0.613532588076
1134.5 0.61296649729
1135.0 0.612400406504
1135.5 0.611834315718
1136.0 0.611268224932
1136.5 0.610702134146
1137.0 0.61013604336
1137.5 0.609569952574
1138.0 0.609003861788
1138.5 0.608437771002
1139.0 0.607871680216
1139.5 0.607305589431
1140.0 0.606739498645
1140.5 0.606173407859
1141.0 0.605607317073
1141.5 0.605041226287
1142.0 0.604475135501
1142.5 0.603909044715
1143.0 0.603342953929
1143.5 0.602776863143
1144.0 0.602210772357
1144.5 0.601644681571
1145.0 0.601078590786
1145.5 0.6005125
1146.0 0.599946409214
1146.5 0.599380318428
1147.0 0.598814227642
1147.5 0.598248136856
1148.0 0.59768204607
1148.5 0.597115955284
1149.0 0.596549864498
1149.5 0.595983773712
1150.0 0.595417682926
1150.5 0.594851592141
1151.0 0.594285501355
1151.5 0.593719410569
1152.0 0.593153319783
1152.5 0.592587228997
1153.0 0.592021138211
1153.5 0.591455047425
1154.0 0.590888956639
1154.5 0.590322865853
1155.0 0.589756775067
1155.5 0.589190684282
1156.0 0.588624593496
1156.5 0.58805850271
1157.0 0.587492411924
1157.5 0.586926321138
1158.0 0.586360230352
1158.5 0.585794139566
1159.0 0.58522804878
1159.5 0.584661957994
1160.0 0.584095867208
1160.5 0.583529776422
1161.0 0.582963685637
1161.5 0.582397594851
1162.0 0.581831504065
1162.5 0.581265413279
1163.0 0.580699322493
1163.5 0.580133231707
1164.0 0.579567140921
1164.5 0.579001050135
1165.0 0.578434959349
1165.5 0.577868868563
1166.0 0.577302777777
1166.5 0.576736686992
1167.0 0.576170596206
1167.5 0.57560450542
1168.0 0.575038414634
1168.5 0.574472323848
1169.0 0.573906233062
1169.5 0.573340142276
1170.0 0.57277405149
1170.5 0.572207960704
1171.0 0.571641869918
1171.5 0.571075779132
1172.0 0.570509688347
1172.5 0.569943597561
1173.0 0.569377506775
1173.5 0.568811415989
1174.0 0.568245325203
1174.5 0.567679234417
1175.0 0.567113143631
1175.5 0.566547052845
1176.0 0.565980962059
1176.5 0.565414871273
1177.0 0.564848780487
1177.5 0.564282689702
1178.0 0.563716598916
1178.5 0.56315050813
1179.0 0.562584417344
1179.5 0.562018326558
1180.0 0.561452235772
1180.5 0.560886153455
1181.0 0.560320071138
1181.5 0.559753988821
1182.0 0.559187906504
1182.5 0.558621824187
1183.0 0.55805574187
1183.5 0.557489659552
1184.0 0.556923577235
1184.5 0.556357494918
1185.0 0.555791412601
1185.5 0.555225330284
1186.0 0.554659247967
1186.5 0.55409316565
1187.0 0.553527083333
1187.5 0.552961001016
1188.0 0.552394918699
1188.5 0.551828836382
1189.0 0.551262754065
1189.5 0.550696671748
1190.0 0.55013058943
1190.5 0.549564507113
1191.0 0.548998424796
1191.5 0.548432342479
1192.0 0.547866260162
1192.5 0.547300177845
1193.0 0.546734095528
1193.5 0.546168013211
1194.0 0.545601930894
1194.5 0.545035848577
1195.0 0.54446976626
1195.5 0.543903683943
1196.0 0.543337601626
1196.5 0.542771519309
1197.0 0.542205436991
1197.5 0.541639354674
1198.0 0.541073272357
1198.5 0.54050719004
1199.0 0.539941107723
1199.5 0.539375025406
1200.0 0.538808943089
1200.5 0.538524491869
1201.0 0.53824004065
1201.5 0.53795558943
1202.0 0.537671138211
1202.5 0.537386686991
1203.0 0.537102235772
1203.5 0.536817784552
1204.0 0.536533333333
1204.5 0.536248882113
1205.0 0.535964430894
1205.5 0.535679979674
1206.0 0.535395528455
1206.5 0.535111077235
1207.0 0.534826626016
1207.5 0.534542174796
1208.0 0.534257723577
1208.5 0.533973272357
1209.0 0.533688821138
1209.5 0.533404369918
1210.0 0.533119918699
1210.5 0.532835467479
1211.0 0.53255101626
1211.5 0.53226656504
1212.0 0.531982113821
1212.5 0.531697662601
1213.0 0.531413211382
1213.5 0.531128760162
1214.0 0.530844308943
1214.5 0.530559857723
1215.0 0.530275406504
1215.5 0.529990955284
1216.0 0.529706504065
1216.5 0.529422052845
1217.0 0.529137601626
1217.5 0.528853150406
1218.0 0.528568699187
1218.5 0.528284247967
1219.0 0.527999796748
1219.5 0.527715345528
1220.0 0.527430894308
1220.5 0.527146443089
1221.0 0.526861991869
1221.5 0.52657754065
1222.0 0.52629308943
1222.5 0.526008638211
1223.0 0.525724186991
1223.5 0.525439735772
1224.0 0.525155284552
1224.5 0.524870833333
1225.0 0.524586382113
1225.5 0.524301930894
1226.0 0.524017479674
1226.5 0.523733028455
1227.0 0.523448577235
1227.5 0.523164126016
1228.0 0.522879674796
1228.5 0.522595223577
1229.0 0.522310772357
1229.5 0.522026321138
1230.0 0.521741869918
1230.5 0.521457418699
1231.0 0.521172967479
1231.5 0.52088851626
1232.0 0.52060406504
1232.5 0.520319613821
1233.0 0.520035162601
1233.5 0.519750711382
1234.0 0.519466260162
1234.5 0.519181808943
1235.0 0.518897357723
1235.5 0.518612906504
1236.0 0.518328455284
1236.5 0.518044004065
1237.0 0.517759552845
1237.5 0.517475101626
1238.0 0.517190650406
1238.5 0.516906199187
1239.0 0.516621747967
1239.5 0.516337296748
1240.0 0.516052845528
1240.5 0.515768394308
1241.0 0.515483943089
1241.5 0.515199491869
1242.0 0.51491504065
1242.5 0.51463058943
1243.0 0.514346138211
1243.5 0.514061686991
1244.0 0.513777235772
1244.5 0.513492784552
1245.0 0.513208333333
1245.5 0.512923882113
1246.0 0.512639430894
1246.5 0.512354979674
1247.0 0.512070528455
1247.5 0.511786077235
1248.0 0.511501626016
1248.5 0.511217174796
1249.0 0.510932723577
1249.5 0.510648272357
1250.0 0.510363821138
1250.5 0.510079369918
1251.0 0.509794918699
1251.5 0.509510467479
1252.0 0.50922601626
1252.5 0.50894156504
1253.0 0.508657113821
1253.5 0.508372662601
1254.0 0.508088211382
1254.5 0.507803760162
1255.0 0.507519308943
1255.5 0.507234857723
1256.0 0.506950406504
1256.5 0.506665955284
1257.0 0.506381504065
1257.5 0.506097052845
1258.0 0.505812601626
1258.5 0.505528150406
1259.0 0.505243699187
1259.5 0.504959247967
1260.0 0.504674796748
1260.5 0.504390345528
1261.0 0.504105894308
1261.5 0.503821443089
1262.0 0.503536991869
1262.5 0.50325254065
1263.0 0.50296808943
1263.5 0.502683638211
1264.0 0.502399186991
1264.5 0.502114735772
1265.0 0.501830284552
1265.5 0.501545833333
1266.0 0.501261382113
1266.5 0.500976930894
1267.0 0.500692479674
1267.5 0.500408028455
1268.0 0.500123577235
1268.5 0.499839126016
1269.0 0.499554674796
1269.5 0.499270223577
1270.0 0.498985772357
1270.5 0.498701321138
1271.0 0.498416869918
1271.5 0.498132418699
1272.0 0.497847967479
1272.5 0.49756351626
1273.0 0.49727906504
1273.5 0.496994613821
1274.0 0.496710162601
1274.5 0.496425711382
1275.0 0.496141260162
1275.5 0.495856808943
1276.0 0.495572357723
1276.5 0.495287906504
1277.0 0.495003455284
1277.5 0.494719004065
1278.0 0.494434552845
1278.5 0.494150101626
1279.0 0.493865650406
1279.5 0.493581199187
