30.0 0.757922374429
30.5 0.757896839702
31.0 0.757871304975
31.5 0.757845770247
32.0 0.75782023552
32.5 0.757794700793
33.0 0.757769166066
33.5 0.757743631339
34.0 0.757718096611
34.5 0.757692561884
35.0 0.757666939037
35.5 0.757641304174
36.0 0.75761566931
36.5 0.757590034447
37.0 0.757564399584
37.5 0.75753876472
38.0 0.757513129857
38.5 0.757487494994
39.0 0.75746186013
39.5 0.75743630137
40.0 0.757410766643
40.5 0.757385231916
41.0 0.757359697188
41.5 0.757334162461
42.0 0.757308627734
42.5 0.757283093006
43.0 0.757257558279
43.5 0.757232023552
44.0 0.757206488825
44.5 0.757180954097
45.0 0.75715541937
45.5 0.757129884643
46.0 0.757104349916
46.5 0.757078815189
47.0 0.757053280461
47.5 0.757027745734
48.0 0.757002211007
48.5 0.756976624209
49.0 0.756950989346
49.5 0.756925354482
50.0 0.756899719619
50.5 0.756874084756
51.0 0.756848449892
51.5 0.756822815029
52.0 0.756797180165
52.5 0.756771545302
53.0 0.756745950493
53.5 0.756720415766
54.0 0.756694881038
54.5 0.756669346311
55.0 0.756643811584
55.5 0.756618276857
56.0 0.756592742129
56.5 0.756567207402
57.0 0.756541672675
57.5 0.756516137947
58.0 0.75649060322
58.5 0.756465068493
59.0 0.756439533766
59.5 0.756413999039
60.0 0.756388464311
60.5 0.756362929584
61.0 0.756337394857
61.5 0.75631186013
62.0 0.756286309381
62.5 0.756260674517
63.0 0.756235039654
63.5 0.756209404791
64.0 0.756183769927
64.5 0.756158135064
65.0 0.756132500201
65.5 0.756106865337
66.0 0.756081230474
66.5 0.756055599616
67.0 0.756030064889
67.5 0.756004530161
68.0 0.755978995434
68.5 0.755953460707
69.0 0.755927925979
69.5 0.755902391252
70.0 0.755876856525
70.5 0.755851321797
71.0 0.75582578707
71.5 0.755800252343
72.0 0.755774717616
72.5 0.755749182889
73.0 0.755723648161
73.5 0.755698113434
74.0 0.755672578707
74.5 0.75564704398
75.0 0.755621509253
75.5 0.755595974525
76.0 0.755570359689
76.5 0.755544724826
77.0 0.755519089963
77.5 0.755493455099
78.0 0.755467820236
78.5 0.755442185372
79.0 0.755416550509
79.5 0.755390915646
80.0 0.755365280782
80.5 0.755339714011
81.0 0.755314179284
81.5 0.755288644557
82.0 0.75526310983
82.5 0.755237575102
83.0 0.755212040375
83.5 0.755186505648
84.0 0.75516097092
84.5 0.755135436193
85.0 0.755109901466
85.5 0.755084366739
86.0 0.755058832011
86.5 0.755033297284
87.0 0.755007762557
87.5 0.75498222783
88.0 0.754956693103
88.5 0.754931158375
89.0 0.754905623648
89.5 0.754880022831
90.0 0.7548543379
90.5 0.754828652968
91.0 0.754802968037
91.5 0.755124044358
92.0 0.755982100457
92.5 0.756840156556
93.0 0.757698212655
93.5 0.758556268754
94.0 0.759414324853
94.5 0.760272380953
95.0 0.761130437052
95.5 0.761988493151
96.0 0.76284654925
96.5 0.763704605349
97.0 0.764562661448
97.5 0.765420717547
98.0 0.766278773647
98.5 0.767136829746
99.0 0.767994885845
99.5 0.768852941944
100.0 0.769710998043
100.5 0.770569054142
101.0 0.771427110241
101.5 0.772285166341
102.0 0.77314322244
102.5 0.774001278539
103.0 0.774859334638
103.5 0.775717390737
104.0 0.776575446836
104.5 0.777433502935
105.0 0.778291559035
105.5 0.779149615134
106.0 0.780007671233
106.5 0.780865727332
107.0 0.781723783431
107.5 0.78258183953
108.0 0.783439895629
108.5 0.784297951729
109.0 0.785156007828
109.5 0.786014063927
110.0 0.786872120026
110.5 0.787730176125
111.0 0.788588232224
111.5 0.789446288323
112.0 0.790304344423
112.5 0.791162400522
113.0 0.792020456621
113.5 0.79287851272
114.0 0.793736568819
114.5 0.794594624918
115.0 0.795452681017
115.5 0.796310737117
116.0 0.797168793216
116.5 0.798026849315
117.0 0.798884905414
117.5 0.799742961513
118.0 0.800601017612
118.5 0.801459073711
119.0 0.802317129811
119.5 0.803175212002
120.0 0.804033333333
120.5 0.804891454664
121.0 0.805749575994
121.5 0.806607697325
122.0 0.807465818656
122.5 0.808323939987
123.0 0.809182061317
123.5 0.810040182648
124.0 0.810898303979
124.5 0.811756425309
125.0 0.81261454664
125.5 0.813472667971
126.0 0.814330789302
126.5 0.81518888454
127.0 0.816046940639
127.5 0.816904996738
128.0 0.817763052837
128.5 0.818621108937
129.0 0.819479165036
129.5 0.820337221135
130.0 0.821195277234
130.5 0.822053333333
131.0 0.822911389433
131.5 0.823769445532
132.0 0.824627501631
132.5 0.82548555773
133.0 0.826343613829
133.5 0.827201662919
134.0 0.828059701493
134.5 0.828917740067
135.0 0.829775778641
135.5 0.830633817216
136.0 0.83149185579
136.5 0.832349894364
137.0 0.833207932938
137.5 0.834065971513
138.0 0.834924010087
138.5 0.835782048661
139.0 0.836640087235
139.5 0.83749812581
140.0 0.838356164384
140.5 0.839360730594
141.0 0.840365296804
141.5 0.841369863014
142.0 0.842374429224
142.5 0.843378995434
143.0 0.844383561644
143.5 0.845388127854
144.0 0.846392694064
144.5 0.847397260274
145.0 0.848401826484
145.5 0.849406392694
146.0 0.850410958904
146.5 0.851415525114
147.0 0.852420091324
147.5 0.853424657534
148.0 0.854429223744
148.5 0.855433789954
149.0 0.856438356164
149.5 0.857442922374
150.0 0.858447488584
150.5 0.85899543379
151.0 0.859543378995
151.5 0.8600913242
152.0 0.860639269406
152.5 0.861187214612
153.0 0.861735159817
153.5 0.862283105022
154.0 0.862831050228
154.5 0.863378995434
155.0 0.863926940639
155.5 0.864474885844
156.0 0.86502283105
156.5 0.865570776256
157.0 0.866118721461
157.5 0.866666666666
158.0 0.867214611872
158.5 0.867762557078
159.0 0.868310502283
159.5 0.868858447488
160.0 0.869406392694
160.5 0.870091324201
161.0 0.870776255708
161.5 0.871461187215
162.0 0.872146118722
162.5 0.872831050228
163.0 0.873515981735
163.5 0.874200913242
164.0 0.874885844749
164.5 0.875570776256
165.0 0.876255707763
165.5 0.87694063927
166.0 0.877625570777
166.5 0.878310502283
167.0 0.87899543379
167.5 0.879680365297
168.0 0.880365296804
168.5 0.881050228311
169.0 0.881735159818
169.5 0.882420091324
170.0 0.883105022831
170.5 0.88296803653
171.0 0.882831050228
171.5 0.882694063927
172.0 0.882557077625
172.5 0.882420091324
173.0 0.882283105023
173.5 0.882146118721
174.0 0.88200913242
174.5 0.881872146118
175.0 0.881735159817
175.5 0.881598173516
176.0 0.881461187214
176.5 0.881324200913
177.0 0.881187214612
177.5 0.88105022831
178.0 0.880913242009
178.5 0.880776255707
179.0 0.880639269406
179.5 0.880502283105
180.0 0.880365296804
180.5 0.878538812786
181.0 0.876712328767
181.5 0.874885844749
182.0 0.873059360731
182.5 0.871232876713
183.0 0.869406392694
183.5 0.867579908676
184.0 0.865753424658
184.5 0.86392694064
185.0 0.862100456621
185.5 0.860273972603
186.0 0.858447488585
186.5 0.856621004567
187.0 0.854794520548
187.5 0.85296803653
188.0 0.851141552512
188.5 0.849315068494
189.0 0.847488584475
189.5 0.845662100457
190.0 0.843835616438
190.5 0.840684931507
191.0 0.837534246575
191.5 0.834383561644
192.0 0.831232876712
192.5 0.828082191781
193.0 0.824931506849
193.5 0.821780821918
194.0 0.818630136986
194.5 0.815479452055
195.0 0.812328767123
195.5 0.809178082192
196.0 0.80602739726
196.5 0.802876712328
197.0 0.799726027397
197.5 0.796575342465
198.0 0.793424657534
198.5 0.790273972602
199.0 0.787123287671
199.5 0.783972602739
200.0 0.780821917808
200.5 0.777397260274
201.0 0.773972602739
201.5 0.770547945205
202.0 0.767123287671
202.5 0.763698630137
203.0 0.760273972603
203.5 0.756849315068
204.0 0.753424657534
204.5 0.75
205.0 0.746575342465
205.5 0.743150684931
206.0 0.739726027397
206.5 0.736301369863
207.0 0.732876712329
207.5 0.729452054794
208.0 0.72602739726
208.5 0.722602739726
209.0 0.719178082191
209.5 0.715753424657
210.0 0.712328767123
210.5 0.709497716895
211.0 0.706666666666
211.5 0.703835616438
212.0 0.70100456621
212.5 0.698173515982
213.0 0.695342465753
213.5 0.692511415525
214.0 0.689680365297
214.5 0.686849315068
215.0 0.68401826484
215.5 0.681187214612
216.0 0.678356164383
216.5 0.675525114155
217.0 0.672694063927
217.5 0.669863013698
218.0 0.66703196347
218.5 0.664200913242
219.0 0.661369863014
219.5 0.658538812785
220.0 0.655707762557
220.5 0.653607305936
221.0 0.651506849315
221.5 0.649406392694
222.0 0.647305936073
222.5 0.645205479452
223.0 0.643105022831
223.5 0.64100456621
224.0 0.638904109589
224.5 0.636803652968
225.0 0.634703196347
225.5 0.632602739726
226.0 0.630502283105
226.5 0.628401826484
227.0 0.626301369863
227.5 0.624200913242
228.0 0.622100456621
228.5 0.62
229.0 0.617899543379
229.5 0.615799086758
230.0 0.613698630137
230.5 0.611872146119
231.0 0.6100456621
231.5 0.608219178082
232.0 0.606392694064
232.5 0.604566210046
233.0 0.602739726028
233.5 0.600913242009
234.0 0.599086757991
234.5 0.597260273973
235.0 0.595433789954
235.5 0.593607305936
236.0 0.591780821918
236.5 0.5899543379
237.0 0.588127853882
237.5 0.586301369863
238.0 0.584474885845
238.5 0.582648401827
239.0 0.580821917808
239.5 0.57899543379
240.0 0.577168949772
240.5 0.575707762557
241.0 0.574246575343
241.5 0.572785388128
242.0 0.571324200913
242.5 0.569863013699
243.0 0.568401826484
243.5 0.566940639269
244.0 0.565479452055
244.5 0.56401826484
245.0 0.562557077626
245.5 0.561095890411
246.0 0.559634703196
246.5 0.558173515982
247.0 0.556712328767
247.5 0.555251141552
248.0 0.553789954338
248.5 0.552328767123
249.0 0.550867579908
249.5 0.549406392694
250.0 0.547945205479
250.5 0.546986301369
251.0 0.54602739726
251.5 0.54506849315
252.0 0.544109589041
252.5 0.543150684931
253.0 0.542191780822
253.5 0.541232876712
254.0 0.540273972603
254.5 0.539315068493
255.0 0.538356164383
255.5 0.537397260274
256.0 0.536438356164
256.5 0.535479452055
257.0 0.534520547945
257.5 0.533561643836
258.0 0.532602739726
258.5 0.531643835617
259.0 0.530684931507
259.5 0.529726027398
260.0 0.528767123288
260.5 0.528356164384
261.0 0.52794520548
261.5 0.527534246576
262.0 0.527123287671
262.5 0.526712328767
263.0 0.526301369863
263.5 0.525890410959
264.0 0.525479452055
264.5 0.525068493151
265.0 0.524657534247
265.5 0.524246575342
266.0 0.523835616438
266.5 0.523424657534
267.0 0.52301369863
267.5 0.522602739726
268.0 0.522191780822
268.5 0.521780821917
269.0 0.521369863013
269.5 0.520958904109
270.0 0.520547945205
270.5 0.520593607305
271.0 0.520639269406
271.5 0.520684931507
272.0 0.520730593607
272.5 0.520776255707
273.0 0.520821917808
273.5 0.520867579909
274.0 0.520913242009
274.5 0.520958904109
275.0 0.52100456621
275.5 0.521050228311
276.0 0.521095890411
276.5 0.521141552511
277.0 0.521187214612
277.5 0.521232876713
278.0 0.521278538813
278.5 0.521324200913
279.0 0.521369863014
279.5 0.521415525115
280.0 0.521461187215
280.5 0.521826484019
281.0 0.522191780822
281.5 0.522557077626
282.0 0.52292237443
282.5 0.523287671233
283.0 0.523652968037
283.5 0.524018264841
284.0 0.524383561644
284.5 0.524748858448
285.0 0.525114155251
285.5 0.525479452055
286.0 0.525844748859
286.5 0.526210045662
287.0 0.526575342466
287.5 0.52694063927
288.0 0.527305936073
288.5 0.527671232877
289.0 0.528036529681
289.5 0.528401826484
290.0 0.528767123288
290.5 0.529223744293
291.0 0.529680365297
291.5 0.530136986301
292.0 0.530593607306
292.5 0.531050228311
293.0 0.531506849315
293.5 0.531963470319
294.0 0.532420091324
294.5 0.53299086758
295.0 0.533561643835
295.5 0.534132420091
296.0 0.534703196347
296.5 0.535273972603
297.0 0.535844748859
297.5 0.536415525114
298.0 0.53698630137
298.5 0.537557077626
299.0 0.538127853881
299.5 0.538698630137
300.0 0.539269406393
300.5 0.539840182649
301.0 0.540410958905
301.5 0.54098173516
302.0 0.541552511416
302.5 0.542123287672
303.0 0.542694063927
303.5 0.543264840183
304.0 0.543835616439
304.5 0.544406392694
305.0 0.54497716895
305.5 0.545547945205
306.0 0.546118721461
306.5 0.546689497717
307.0 0.547260273973
307.5 0.547831050228
308.0 0.548401826484
308.5 0.54897260274
309.0 0.549543378995
309.5 0.550114155251
310.0 0.550684931507
310.5 0.551255707763
311.0 0.551826484019
311.5 0.552397260274
312.0 0.55296803653
312.5 0.553538812786
313.0 0.554109589041
313.5 0.554680365297
314.0 0.555251141553
314.5 0.555707762557
315.0 0.556164383562
315.5 0.556621004567
316.0 0.557077625571
316.5 0.557534246575
317.0 0.55799086758
317.5 0.558447488585
318.0 0.558904109589
318.5 0.559246575342
319.0 0.559589041096
319.5 0.559931506849
320.0 0.560273972603
320.5 0.560616438356
321.0 0.560958904109
321.5 0.561301369863
322.0 0.561643835616
322.5 0.561872146118
323.0 0.562100456621
323.5 0.562328767123
324.0 0.562557077626
324.5 0.562785388128
325.0 0.56301369863
325.5 0.563242009133
326.0 0.563470319635
326.5 0.563812785388
327.0 0.564155251142
327.5 0.564497716895
328.0 0.564840182648
328.5 0.565182648402
329.0 0.565525114155
329.5 0.565867579909
330.0 0.566210045662
330.5 0.566780821918
331.0 0.567351598174
331.5 0.567922374429
332.0 0.568493150685
332.5 0.569063926941
333.0 0.569634703196
333.5 0.570205479452
334.0 0.570776255708
334.5 0.571461187215
335.0 0.572146118722
335.5 0.572831050229
336.0 0.573515981736
336.5 0.574200913242
337.0 0.574885844749
337.5 0.575570776256
338.0 0.576255707763
338.5 0.57694063927
339.0 0.577625570776
339.5 0.578310502283
340.0 0.57899543379
340.5 0.579680365297
341.0 0.580365296804
341.5 0.58105022831
342.0 0.581735159817
342.5 0.582420091324
343.0 0.583105022831
343.5 0.583789954338
344.0 0.584474885844
344.5 0.585159817351
345.0 0.585844748858
345.5 0.586529680365
346.0 0.587214611872
346.5 0.587557077625
347.0 0.587899543379
347.5 0.588242009133
348.0 0.588584474886
348.5 0.588926940639
349.0 0.589269406393
349.5 0.589611872147
350.0 0.5899543379
350.5 0.591095890411
351.0 0.592237442923
351.5 0.593378995434
352.0 0.594520547946
352.5 0.595662100457
353.0 0.596803652968
353.5 0.59794520548
354.0 0.599086757991
354.5 0.597488584475
355.0 0.595890410959
355.5 0.594292237443
356.0 0.592694063927
356.5 0.591095890411
357.0 0.589497716895
357.5 0.587899543379
358.0 0.586301369863
358.5 0.58401826484
359.0 0.581735159817
359.5 0.579452054794
360.0 0.577168949772
360.5 0.574885844749
361.0 0.572602739726
361.5 0.570319634703
362.0 0.56803652968
362.5 0.569863013698
363.0 0.571689497716
363.5 0.573515981735
364.0 0.575342465753
364.5 0.577168949771
365.0 0.57899543379
365.5 0.580821917808
366.0 0.582648401826
366.5 0.601712328767
367.0 0.620776255707
367.5 0.639840182648
368.0 0.658904109589
368.5 0.67796803653
369.0 0.697031963471
369.5 0.716095890411
370.0 0.735159817352
370.5 0.744178082192
371.0 0.753196347032
371.5 0.762214611872
372.0 0.771232876713
372.5 0.780251141553
373.0 0.789269406393
373.5 0.798287671233
374.0 0.807305936073
374.5 0.794406392694
375.0 0.781506849315
375.5 0.768607305936
376.0 0.755707762557
376.5 0.742808219178
377.0 0.729908675799
377.5 0.71700913242
378.0 0.704109589041
378.5 0.704680365297
379.0 0.705251141553
379.5 0.705821917808
380.0 0.706392694064
380.5 0.70696347032
381.0 0.707534246575
381.5 0.708105022831
382.0 0.708675799087
382.5 0.715867579909
383.0 0.723059360731
383.5 0.730251141553
384.0 0.737442922375
384.5 0.744634703196
385.0 0.751826484018
385.5 0.75901826484
386.0 0.766210045662
386.5 0.767579908676
387.0 0.768949771689
387.5 0.770319634703
388.0 0.771689497717
388.5 0.773059360731
389.0 0.774429223745
389.5 0.775799086758
390.0 0.777168949772
390.5 0.774885844749
391.0 0.772602739726
391.5 0.770319634703
392.0 0.768036529681
392.5 0.765753424658
393.0 0.763470319635
393.5 0.761187214612
394.0 0.758904109589
394.5 0.764269406393
395.0 0.769634703196
395.5 0.775
396.0 0.780365296803
396.5 0.785730593607
397.0 0.791095890411
397.5 0.796461187214
398.0 0.801826484018
398.5 0.812100456621
399.0 0.822374429224
399.5 0.832648401826
400.0 0.842922374429
400.5 0.853196347032
401.0 0.863470319635
401.5 0.873744292237
402.0 0.88401826484
402.5 0.883904109589
403.0 0.883789954338
403.5 0.883675799087
404.0 0.883561643836
404.5 0.883447488584
405.0 0.883333333333
405.5 0.883219178082
406.0 0.883105022831
406.5 0.877054794521
407.0 0.87100456621
407.5 0.864954337899
408.0 0.858904109589
408.5 0.852853881279
409.0 0.846803652968
409.5 0.840753424657
410.0 0.834703196347
410.5 0.837100456621
411.0 0.839497716895
411.5 0.841894977169
412.0 0.844292237443
412.5 0.846689497717
413.0 0.849086757991
413.5 0.851484018265
414.0 0.853881278539
414.5 0.858447488585
415.0 0.86301369863
415.5 0.867579908676
416.0 0.872146118722
416.5 0.876712328767
417.0 0.881278538813
417.5 0.885844748858
418.0 0.890410958904
418.5 0.890525114155
419.0 0.890639269406
419.5 0.890753424657
420.0 0.890867579908
420.5 0.89098173516
421.0 0.891095890411
421.5 0.891210045662
422.0 0.891324200913
422.5 0.888698630137
423.0 0.88607305936
423.5 0.883447488584
424.0 0.880821917808
424.5 0.878196347032
425.0 0.875570776256
425.5 0.872945205479
426.0 0.870319634703
426.5 0.867123287671
427.0 0.863926940639
427.5 0.860730593607
428.0 0.857534246575
428.5 0.854337899543
429.0 0.851141552511
429.5 0.847945205479
430.0 0.844748858447
430.5 0.845890410958
431.0 0.84703196347
431.5 0.848173515982
432.0 0.849315068493
432.5 0.850456621004
433.0 0.851598173516
433.5 0.852739726028
434.0 0.853881278539
434.5 0.85696347032
435.0 0.8600456621
435.5 0.863127853881
436.0 0.866210045662
436.5 0.869292237443
437.0 0.872374429224
437.5 0.875456621004
438.0 0.878538812785
438.5 0.880136986301
439.0 0.881735159817
439.5 0.883333333333
440.0 0.884931506849
440.5 0.886529680365
441.0 0.888127853881
441.5 0.889726027397
442.0 0.891324200913
442.5 0.893721461187
443.0 0.896118721461
443.5 0.898515981735
444.0 0.900913242009
444.5 0.903310502283
445.0 0.905707762557
445.5 0.908105022831
446.0 0.910502283105
446.5 0.911415525114
447.0 0.912328767123
447.5 0.913242009132
448.0 0.914155251142
448.5 0.915068493151
449.0 0.91598173516
449.5 0.916894977169
450.0 0.917808219178
450.5 0.917123287671
451.0 0.916438356164
451.5 0.915753424657
452.0 0.91506849315
452.5 0.914383561644
453.0 0.913698630137
453.5 0.91301369863
454.0 0.912328767123
454.5 0.913127853881
455.0 0.913926940639
455.5 0.914726027397
456.0 0.915525114155
456.5 0.916324200913
457.0 0.917123287671
457.5 0.917922374429
458.0 0.918721461187
458.5 0.918949771689
459.0 0.919178082192
459.5 0.919406392694
460.0 0.919634703196
460.5 0.919863013698
461.0 0.9200913242
461.5 0.920319634703
462.0 0.920547945205
462.5 0.9200913242
463.0 0.919634703196
463.5 0.919178082192
464.0 0.918721461187
464.5 0.918264840182
465.0 0.917808219178
465.5 0.917351598174
466.0 0.916894977169
466.5 0.915753424658
467.0 0.914611872146
467.5 0.913470319635
468.0 0.912328767124
468.5 0.911187214612
469.0 0.910045662101
469.5 0.908904109589
470.0 0.907762557078
470.5 0.906849315069
471.0 0.90593607306
471.5 0.905022831051
472.0 0.904109589042
472.5 0.903196347032
473.0 0.902283105023
473.5 0.901369863014
474.0 0.900456621005
474.5 0.899885844749
475.0 0.899315068494
475.5 0.898744292238
476.0 0.898173515982
476.5 0.897602739726
477.0 0.89703196347
477.5 0.896461187215
478.0 0.895890410959
478.5 0.896575342466
479.0 0.897260273973
479.5 0.89794520548
480.0 0.898630136986
480.5 0.899315068493
481.0 0.9
481.5 0.900684931507
482.0 0.901369863014
482.5 0.904566210046
483.0 0.907762557078
483.5 0.91095890411
484.0 0.914155251142
484.5 0.917351598173
485.0 0.920547945205
485.5 0.923744292237
486.0 0.926940639269
486.5 0.923173515981
487.0 0.919406392694
487.5 0.915639269406
488.0 0.911872146118
488.5 0.908105022831
489.0 0.904337899543
489.5 0.900570776256
490.0 0.896803652968
490.5 0.896575342466
491.0 0.896347031964
491.5 0.896118721461
492.0 0.895890410959
492.5 0.895662100457
493.0 0.895433789954
493.5 0.895205479452
494.0 0.89497716895
494.5 0.908105022831
495.0 0.921232876712
495.5 0.934360730594
496.0 0.947488584475
496.5 0.960616438356
497.0 0.973744292238
497.5 0.986872146119
498.0 1.0
498.5 0.997602739726
499.0 0.995205479452
499.5 0.992808219178
500.0 0.990410958904
500.5 0.98801369863
501.0 0.985616438356
501.5 0.983219178082
502.0 0.980821917808
502.5 0.965525114155
503.0 0.950228310502
503.5 0.934931506849
504.0 0.919634703196
504.5 0.904337899543
505.0 0.88904109589
505.5 0.873744292237
506.0 0.858447488584
506.5 0.854794520548
507.0 0.851141552511
507.5 0.847488584474
508.0 0.843835616438
508.5 0.840182648402
509.0 0.836529680365
509.5 0.832876712328
510.0 0.829223744292
510.5 0.828310502283
511.0 0.827397260274
511.5 0.826484018265
512.0 0.825570776256
512.5 0.824657534246
513.0 0.823744292237
513.5 0.822831050228
514.0 0.821917808219
514.5 0.820319634703
515.0 0.818721461187
515.5 0.817123287671
516.0 0.815525114155
516.5 0.813926940639
517.0 0.812328767123
517.5 0.810730593607
518.0 0.809132420091
518.5 0.809132420091
519.0 0.809132420091
519.5 0.809132420091
520.0 0.809132420091
520.5 0.809132420091
521.0 0.809132420091
521.5 0.809132420091
522.0 0.809132420091
522.5 0.808904109589
523.0 0.808675799087
523.5 0.808447488584
524.0 0.808219178082
524.5 0.80799086758
525.0 0.807762557077
525.5 0.807534246575
526.0 0.807305936073
526.5 0.807534246575
527.0 0.807762557077
527.5 0.80799086758
528.0 0.808219178082
528.5 0.808447488584
529.0 0.808675799087
529.5 0.808904109589
530.0 0.809132420091
530.5 0.806164383561
531.0 0.803196347032
531.5 0.800228310502
532.0 0.797260273972
532.5 0.794292237443
533.0 0.791324200913
533.5 0.788356164384
534.0 0.785388127854
534.5 0.784931506849
535.0 0.784474885845
535.5 0.78401826484
536.0 0.783561643835
536.5 0.783105022831
537.0 0.782648401826
537.5 0.782191780822
538.0 0.781735159817
538.5 0.786187214612
539.0 0.790639269406
539.5 0.795091324201
540.0 0.799543378995
540.5 0.80399543379
541.0 0.808447488585
541.5 0.812899543379
542.0 0.817351598174
542.5 0.819292237443
543.0 0.821232876713
543.5 0.823173515982
544.0 0.825114155252
544.5 0.827054794521
545.0 0.82899543379
545.5 0.83093607306
546.0 0.832876712329
546.5 0.829794520548
547.0 0.826712328767
547.5 0.823630136986
548.0 0.820547945206
548.5 0.817465753425
549.0 0.814383561644
549.5 0.811301369863
550.0 0.808219178082
550.5 0.804908675799
551.0 0.801598173516
551.5 0.798287671233
552.0 0.794977168949
552.5 0.791666666666
553.0 0.788356164383
553.5 0.7850456621
554.0 0.781735159817
554.5 0.781278538813
555.0 0.780821917808
555.5 0.780365296803
556.0 0.779908675799
556.5 0.779452054795
557.0 0.77899543379
557.5 0.778538812785
558.0 0.778082191781
558.5 0.777511415525
559.0 0.776940639269
559.5 0.776369863014
560.0 0.775799086758
560.5 0.775228310502
561.0 0.774657534247
561.5 0.774086757991
562.0 0.773515981735
562.5 0.773630136986
563.0 0.773744292237
563.5 0.773858447488
564.0 0.773972602739
564.5 0.774086757991
565.0 0.774200913242
565.5 0.774315068493
566.0 0.774429223744
566.5 0.774543378995
567.0 0.774657534246
567.5 0.774771689497
568.0 0.774885844749
568.5 0.775
569.0 0.775114155251
569.5 0.775228310502
570.0 0.775342465753
570.5 0.775
571.0 0.774657534246
571.5 0.774315068493
572.0 0.773972602739
572.5 0.773630136986
573.0 0.773287671233
573.5 0.772945205479
574.0 0.772602739726
574.5 0.772146118721
575.0 0.771689497717
575.5 0.771232876712
576.0 0.770776255707
576.5 0.770319634703
577.0 0.769863013698
577.5 0.769406392694
578.0 0.768949771689
578.5 0.768493150685
579.0 0.76803652968
579.5 0.767579908675
580.0 0.767123287671
580.5 0.766666666667
581.0 0.766210045662
581.5 0.765753424657
582.0 0.765296803653
582.5 0.764726027397
583.0 0.764155251141
583.5 0.763584474886
584.0 0.76301369863
584.5 0.762442922374
585.0 0.761872146119
585.5 0.761301369863
586.0 0.760730593607
586.5 0.7600456621
587.0 0.759360730593
587.5 0.758675799087
588.0 0.75799086758
588.5 0.757305936073
589.0 0.756621004567
589.5 0.75593607306
590.0 0.755251141553
590.5 0.754680365297
591.0 0.754109589041
591.5 0.753538812786
592.0 0.75296803653
592.5 0.752397260274
593.0 0.751826484019
593.5 0.751255707763
594.0 0.750684931507
594.5 0.750114155251
595.0 0.749543378995
595.5 0.74897260274
596.0 0.748401826484
596.5 0.747831050228
597.0 0.747260273973
597.5 0.746689497717
598.0 0.746118721461
598.5 0.745433789954
599.0 0.744748858447
599.5 0.74406392694
600.0 0.743378995433
600.5 0.742694063927
601.0 0.74200913242
601.5 0.741324200913
602.0 0.740639269406
602.5 0.74006849315
603.0 0.739497716895
603.5 0.738926940639
604.0 0.738356164383
604.5 0.737785388128
605.0 0.737214611872
605.5 0.736643835617
606.0 0.736073059361
606.5 0.735388127854
607.0 0.734703196347
607.5 0.73401826484
608.0 0.733333333333
608.5 0.732648401827
609.0 0.73196347032
609.5 0.731278538813
610.0 0.730593607306
610.5 0.73002283105
611.0 0.729452054795
611.5 0.728881278539
612.0 0.728310502283
612.5 0.727739726027
613.0 0.727168949771
613.5 0.726598173516
614.0 0.72602739726
614.5 0.725456621004
615.0 0.724885844749
615.5 0.724315068493
616.0 0.723744292237
616.5 0.723173515982
617.0 0.722602739726
617.5 0.722031963471
618.0 0.721461187215
618.5 0.720890410959
619.0 0.720319634703
619.5 0.719748858448
620.0 0.719178082192
620.5 0.718607305936
621.0 0.718036529681
621.5 0.717465753425
622.0 0.716894977169
622.5 0.716438356164
623.0 0.71598173516
623.5 0.715525114155
624.0 0.715068493151
624.5 0.714611872146
625.0 0.714155251141
625.5 0.713698630137
626.0 0.713242009132
626.5 0.712671232876
627.0 0.712100456621
627.5 0.711529680365
628.0 0.710958904109
628.5 0.710388127854
629.0 0.709817351598
629.5 0.709246575343
630.0 0.708675799087
630.5 0.708105022831
631.0 0.707534246575
631.5 0.70696347032
632.0 0.706392694064
632.5 0.705821917808
633.0 0.705251141553
633.5 0.704680365297
634.0 0.704109589041
634.5 0.703538812785
635.0 0.702968036529
635.5 0.702397260274
636.0 0.701826484018
636.5 0.701255707762
637.0 0.700684931507
637.5 0.700114155251
638.0 0.699543378995
638.5 0.698972602739
639.0 0.698401826484
639.5 0.697831050228
640.0 0.697260273973
640.5 0.696689497717
641.0 0.696118721461
641.5 0.695547945206
642.0 0.69497716895
642.5 0.694520547945
643.0 0.694063926941
643.5 0.693607305936
644.0 0.693150684931
644.5 0.692694063927
645.0 0.692237442922
645.5 0.691780821918
646.0 0.691324200913
646.5 0.690753424657
647.0 0.690182648402
647.5 0.689611872146
648.0 0.68904109589
648.5 0.688470319635
649.0 0.687899543379
649.5 0.687328767124
650.0 0.686757990868
650.5 0.686187214612
651.0 0.685616438356
651.5 0.685045662101
652.0 0.684474885845
652.5 0.683904109589
653.0 0.683333333334
653.5 0.682762557078
654.0 0.682191780822
654.5 0.681735159817
655.0 0.681278538813
655.5 0.680821917808
656.0 0.680365296803
656.5 0.679908675799
657.0 0.679452054794
657.5 0.67899543379
658.0 0.678538812785
658.5 0.677968036529
659.0 0.677397260274
659.5 0.676826484018
660.0 0.676255707762
660.5 0.675684931507
661.0 0.675114155251
661.5 0.674543378996
662.0 0.67397260274
662.5 0.673401826484
663.0 0.672831050228
663.5 0.672260273973
664.0 0.671689497717
664.5 0.671118721461
665.0 0.670547945206
665.5 0.66997716895
666.0 0.669406392694
666.5 0.66894977169
667.0 0.668493150685
667.5 0.66803652968
668.0 0.667579908676
668.5 0.667123287672
669.0 0.666666666667
669.5 0.666210045662
670.0 0.665753424658
670.5 0.665182648402
671.0 0.664611872146
671.5 0.664041095891
672.0 0.663470319635
672.5 0.662899543379
673.0 0.662328767124
673.5 0.661757990868
674.0 0.661187214612
674.5 0.660616438356
675.0 0.6600456621
675.5 0.659474885845
676.0 0.658904109589
676.5 0.658333333333
677.0 0.657762557078
677.5 0.657191780822
678.0 0.656621004566
678.5 0.656164383562
679.0 0.655707762557
679.5 0.655251141552
680.0 0.654794520548
680.5 0.654337899544
681.0 0.653881278539
681.5 0.653424657534
682.0 0.65296803653
682.5 0.652397260274
683.0 0.651826484018
683.5 0.651255707763
684.0 0.650684931507
684.5 0.650114155251
685.0 0.649543378996
685.5 0.64897260274
686.0 0.648401826484
686.5 0.647945205479
687.0 0.647488584475
687.5 0.64703196347
688.0 0.646575342466
688.5 0.646118721461
689.0 0.645662100456
689.5 0.645205479452
690.0 0.644748858447
690.5 0.644292237442
691.0 0.643835616438
691.5 0.643378995434
692.0 0.642922374429
692.5 0.642465753424
693.0 0.64200913242
693.5 0.641552511416
694.0 0.641095890411
694.5 0.640639269406
695.0 0.640182648402
695.5 0.639726027397
696.0 0.639269406392
696.5 0.638812785388
697.0 0.638356164383
697.5 0.637899543379
698.0 0.637442922374
698.5 0.63698630137
699.0 0.636529680365
699.5 0.63607305936
700.0 0.635616438356
700.5 0.635159817352
701.0 0.634703196347
701.5 0.634246575342
702.0 0.633789954338
702.5 0.633333333333
703.0 0.632876712329
703.5 0.632420091324
704.0 0.63196347032
704.5 0.631506849315
705.0 0.63105022831
705.5 0.630593607306
706.0 0.630136986301
706.5 0.629566210045
707.0 0.62899543379
707.5 0.628424657534
708.0 0.627853881278
708.5 0.627283105023
709.0 0.626712328767
709.5 0.626141552512
710.0 0.625570776256
710.5 0.625114155251
711.0 0.624657534247
711.5 0.624200913242
712.0 0.623744292238
712.5 0.623287671233
713.0 0.622831050228
713.5 0.622374429224
714.0 0.621917808219
714.5 0.621461187214
715.0 0.62100456621
715.5 0.620547945206
716.0 0.620091324201
716.5 0.619634703196
717.0 0.619178082192
717.5 0.618721461188
718.0 0.618264840183
718.5 0.617808219178
719.0 0.617351598174
719.5 0.616894977169
720.0 0.616438356164
720.5 0.61598173516
721.0 0.615525114155
721.5 0.615068493151
722.0 0.614611872146
722.5 0.614155251142
723.0 0.613698630137
723.5 0.613242009132
724.0 0.612785388128
724.5 0.612328767124
725.0 0.611872146119
725.5 0.611415525114
726.0 0.61095890411
726.5 0.610502283105
727.0 0.610045662101
727.5 0.609589041096
728.0 0.609132420092
728.5 0.608675799087
729.0 0.608219178082
729.5 0.607762557078
730.0 0.607305936073
730.5 0.606849315068
731.0 0.606392694064
731.5 0.60593607306
732.0 0.605479452055
732.5 0.60502283105
733.0 0.604566210046
733.5 0.604109589042
734.0 0.603652968037
734.5 0.603196347032
735.0 0.602739726028
735.5 0.602283105023
736.0 0.601826484018
736.5 0.601369863014
737.0 0.600913242009
737.5 0.600456621005
738.0 0.6
738.5 0.599657534247
739.0 0.599315068493
739.5 0.59897260274
740.0 0.598630136986
740.5 0.598287671233
741.0 0.59794520548
741.5 0.597602739726
742.0 0.597260273973
742.5 0.596803652968
743.0 0.596347031964
743.5 0.595890410959
744.0 0.595433789954
744.5 0.59497716895
745.0 0.594520547945
745.5 0.594063926941
746.0 0.593607305936
746.5 0.593264840183
747.0 0.592922374429
747.5 0.592579908676
748.0 0.592237442922
748.5 0.591894977169
749.0 0.591552511416
749.5 0.591210045662
750.0 0.590867579909
750.5 0.590410958904
751.0 0.5899543379
751.5 0.589497716895
752.0 0.58904109589
752.5 0.588584474886
753.0 0.588127853881
753.5 0.587671232877
754.0 0.587214611872
754.5 0.586757990868
755.0 0.586301369863
755.5 0.585844748858
756.0 0.585388127854
756.5 0.58493150685
757.0 0.584474885845
757.5 0.58401826484
758.0 0.583561643836
758.5 0.583105022831
759.0 0.582648401827
759.5 0.582191780822
760.0 0.581735159818
760.5 0.581278538813
761.0 0.580821917808
761.5 0.580365296804
762.0 0.579908675799
762.5 0.579566210046
763.0 0.579223744292
763.5 0.578881278539
764.0 0.578538812786
764.5 0.578196347032
765.0 0.577853881279
765.5 0.577511415525
766.0 0.577168949772
766.5 0.576712328767
767.0 0.576255707763
767.5 0.575799086758
768.0 0.575342465754
768.5 0.574885844749
769.0 0.574429223744
769.5 0.57397260274
770.0 0.573515981735
770.5 0.573173515982
771.0 0.572831050228
771.5 0.572488584475
772.0 0.572146118722
772.5 0.571803652968
773.0 0.571461187215
773.5 0.571118721461
774.0 0.570776255708
774.5 0.570319634703
775.0 0.569863013699
775.5 0.569406392694
776.0 0.56894977169
776.5 0.568493150685
777.0 0.56803652968
777.5 0.567579908676
778.0 0.567123287671
778.5 0.566780821918
779.0 0.566438356164
779.5 0.566095890411
780.0 0.565753424658
780.5 0.565410958904
781.0 0.565068493151
781.5 0.564726027397
782.0 0.564383561644
782.5 0.563926940639
783.0 0.563470319635
783.5 0.56301369863
784.0 0.562557077626
784.5 0.562100456621
785.0 0.561643835616
785.5 0.561187214612
786.0 0.560730593607
786.5 0.560388127854
787.0 0.5600456621
787.5 0.559703196347
788.0 0.559360730593
788.5 0.55901826484
789.0 0.558675799087
789.5 0.558333333333
790.0 0.55799086758
790.5 0.557534246575
791.0 0.557077625571
791.5 0.556621004566
792.0 0.556164383561
792.5 0.555707762557
793.0 0.555251141552
793.5 0.554794520548
794.0 0.554337899543
794.5 0.553957382039
795.0 0.553576864535
795.5 0.553196347032
796.0 0.552815829528
796.5 0.552435312024
797.0 0.55205479452
797.5 0.551674277017
798.0 0.551293759513
798.5 0.550913242009
799.0 0.550532724506
799.5 0.550152207002
800.0 0.549771689498
800.5 0.549406392694
801.0 0.549041095891
801.5 0.548675799087
802.0 0.548310502283
802.5 0.54794520548
803.0 0.547579908676
803.5 0.547214611872
804.0 0.546849315069
804.5 0.546484018265
805.0 0.546118721461
805.5 0.545753424658
806.0 0.545388127854
806.5 0.545022831051
807.0 0.544657534247
807.5 0.544292237443
808.0 0.54392694064
808.5 0.543561643836
809.0 0.543196347032
809.5 0.542831050229
810.0 0.542465753425
810.5 0.542100456621
811.0 0.541735159818
811.5 0.541369863014
812.0 0.54100456621
812.5 0.540639269407
813.0 0.540273972603
813.5 0.539908675799
814.0 0.539543378996
814.5 0.539178082192
815.0 0.538812785389
815.5 0.538447488585
816.0 0.538082191781
816.5 0.537716894978
817.0 0.537351598174
817.5 0.53698630137
818.0 0.536621004567
818.5 0.536255707763
819.0 0.535890410959
819.5 0.535525114156
820.0 0.535159817352
820.5 0.534748858448
821.0 0.534337899544
821.5 0.53392694064
822.0 0.533515981735
822.5 0.533105022831
823.0 0.532694063927
823.5 0.532283105023
824.0 0.531872146119
824.5 0.531461187215
825.0 0.531050228311
825.5 0.530639269406
826.0 0.530228310502
826.5 0.529817351598
827.0 0.529406392694
827.5 0.52899543379
828.0 0.528584474886
828.5 0.528173515981
829.0 0.527762557077
829.5 0.527351598173
830.0 0.526940639269
830.5 0.526575342465
831.0 0.526210045662
831.5 0.525844748858
832.0 0.525479452054
832.5 0.525114155251
833.0 0.524748858447
833.5 0.524383561643
834.0 0.52401826484
834.5 0.523652968036
835.0 0.523287671233
835.5 0.522922374429
836.0 0.522557077625
836.5 0.522191780822
837.0 0.521826484018
837.5 0.521461187214
838.0 0.521095890411
838.5 0.520730593607
839.0 0.520365296803
839.5 0.52
840.0 0.519634703196
840.5 0.519269406392
841.0 0.518904109589
841.5 0.518538812785
842.0 0.518173515981
842.5 0.517808219178
843.0 0.517442922374
843.5 0.51707762557
844.0 0.516712328767
844.5 0.516347031963
845.0 0.515981735159
845.5 0.515616438356
846.0 0.515251141552
846.5 0.514885844749
847.0 0.514520547945
847.5 0.514155251141
848.0 0.513789954338
848.5 0.513424657534
849.0 0.51305936073
849.5 0.512694063927
850.0 0.512328767123
850.5 0.511963470319
851.0 0.511598173516
851.5 0.511232876712
852.0 0.510867579908
852.5 0.510502283105
853.0 0.510136986301
853.5 0.509771689497
854.0 0.509406392694
854.5 0.50904109589
855.0 0.508675799087
855.5 0.508310502283
856.0 0.507945205479
856.5 0.507579908676
857.0 0.507214611872
857.5 0.506849315068
858.0 0.506484018265
858.5 0.506118721461
859.0 0.505753424657
859.5 0.505388127854
860.0 0.50502283105
860.5 0.504657534246
861.0 0.504292237443
861.5 0.503926940639
862.0 0.503561643835
862.5 0.503196347032
863.0 0.502831050228
863.5 0.502465753424
864.0 0.502100456621
864.5 0.501735159817
865.0 0.501369863013
865.5 0.50100456621
866.0 0.500639269406
866.5 0.500273972603
867.0 0.499908675799
867.5 0.499543378995
868.0 0.499178082192
868.5 0.498812785388
869.0 0.498447488584
869.5 0.498082191781
870.0 0.497716894977
870.5 0.497351598173
871.0 0.49698630137
871.5 0.496621004566
872.0 0.496255707762
872.5 0.495890410959
873.0 0.495525114155
873.5 0.495159817351
874.0 0.494794520548
874.5 0.494429223744
875.0 0.49406392694
875.5 0.493698630137
876.0 0.493333333333
876.5 0.49296803653
877.0 0.492602739726
877.5 0.492237442922
878.0 0.491872146119
878.5 0.491506849315
879.0 0.491141552511
879.5 0.490776255708
880.0 0.490410958904
880.5 0.490091324201
881.0 0.489771689498
881.5 0.489452054794
882.0 0.489132420091
882.5 0.488812785388
883.0 0.488493150685
883.5 0.488173515982
884.0 0.487853881278
884.5 0.487534246575
885.0 0.487214611872
885.5 0.486894977169
886.0 0.486575342466
886.5 0.486255707762
887.0 0.485936073059
887.5 0.485616438356
888.0 0.485296803653
888.5 0.48497716895
889.0 0.484657534246
889.5 0.484337899543
890.0 0.48401826484
890.5 0.483652968036
891.0 0.483287671233
891.5 0.482922374429
892.0 0.482557077625
892.5 0.482191780822
893.0 0.481826484018
893.5 0.481461187214
894.0 0.481095890411
894.5 0.480730593607
895.0 0.480365296803
895.5 0.48
896.0 0.479634703196
896.5 0.479269406393
897.0 0.478904109589
897.5 0.478538812785
898.0 0.478173515982
898.5 0.477808219178
899.0 0.477442922374
899.5 0.477077625571
900.0 0.476712328767
900.5 0.476392694064
901.0 0.476073059361
901.5 0.475753424657
902.0 0.475433789954
902.5 0.475114155251
903.0 0.474794520548
903.5 0.474474885845
904.0 0.474155251141
904.5 0.473835616438
905.0 0.473515981735
905.5 0.473196347032
906.0 0.472876712329
906.5 0.472557077625
907.0 0.472237442922
907.5 0.471917808219
908.0 0.471598173516
908.5 0.471278538813
909.0 0.470958904109
909.5 0.470639269406
910.0 0.470319634703
910.5 0.469954337899
911.0 0.469589041096
911.5 0.469223744292
912.0 0.468858447488
912.5 0.468493150685
913.0 0.468127853881
913.5 0.467762557077
914.0 0.467397260274
914.5 0.46703196347
915.0 0.466666666667
915.5 0.466301369863
916.0 0.465936073059
916.5 0.465570776256
917.0 0.465205479452
917.5 0.464840182648
918.0 0.464474885845
918.5 0.464109589041
919.0 0.463744292237
919.5 0.463378995434
920.0 0.46301369863
920.5 0.462694063927
921.0 0.462374429224
921.5 0.46205479452
922.0 0.461735159817
922.5 0.461415525114
923.0 0.461095890411
923.5 0.460776255708
924.0 0.460456621004
924.5 0.460136986301
925.0 0.459817351598
925.5 0.459497716895
926.0 0.459178082192
926.5 0.458858447488
927.0 0.458538812785
927.5 0.458219178082
928.0 0.457899543379
928.5 0.457579908676
929.0 0.457260273972
929.5 0.456940639269
930.0 0.456621004566
930.5 0.456301369863
931.0 0.45598173516
931.5 0.455662100456
932.0 0.455342465753
932.5 0.45502283105
933.0 0.454703196347
933.5 0.454383561644
934.0 0.45406392694
934.5 0.453744292237
935.0 0.453424657534
935.5 0.453105022831
936.0 0.452785388128
936.5 0.452465753424
937.0 0.452146118721
937.5 0.451826484018
938.0 0.451506849315
938.5 0.451187214612
939.0 0.450867579908
939.5 0.450547945205
940.0 0.450228310502
940.5 0.449908675799
941.0 0.449589041096
941.5 0.449269406392
942.0 0.448949771689
942.5 0.448630136986
943.0 0.448310502283
943.5 0.44799086758
944.0 0.447671232876
944.5 0.447351598173
945.0 0.44703196347
945.5 0.446712328767
946.0 0.446392694064
946.5 0.44607305936
947.0 0.445753424657
947.5 0.445433789954
948.0 0.445114155251
948.5 0.444794520548
949.0 0.444474885844
949.5 0.444155251141
950.0 0.443835616438
950.5 0.443515981735
951.0 0.443196347032
951.5 0.442876712328
952.0 0.442557077625
952.5 0.442237442922
953.0 0.441917808219
953.5 0.441598173516
954.0 0.441278538812
954.5 0.440958904109
955.0 0.440639269406
955.5 0.440319634703
956.0 0.44
956.5 0.439680365296
957.0 0.439360730593
957.5 0.43904109589
958.0 0.438721461187
958.5 0.438401826484
959.0 0.43808219178
959.5 0.437762557077
960.0 0.437442922374
960.5 0.437168949771
961.0 0.436894977169
961.5 0.436621004566
962.0 0.436347031963
962.5 0.436073059361
963.0 0.435799086758
963.5 0.435525114155
964.0 0.435251141552
964.5 0.43497716895
965.0 0.434703196347
965.5 0.434429223744
966.0 0.434155251142
966.5 0.433881278539
967.0 0.433607305936
967.5 0.433333333333
968.0 0.433059360731
968.5 0.432785388128
969.0 0.432511415525
969.5 0.432237442923
970.0 0.43196347032
970.5 0.431689497717
971.0 0.431415525114
971.5 0.431141552512
972.0 0.430867579909
972.5 0.430593607306
973.0 0.430319634703
973.5 0.430045662101
974.0 0.429771689498
974.5 0.429497716895
975.0 0.429223744292
975.5 0.42894977169
976.0 0.428675799087
976.5 0.428401826484
977.0 0.428127853881
977.5 0.427853881279
978.0 0.427579908676
978.5 0.427305936073
979.0 0.42703196347
979.5 0.426757990868
980.0 0.426484018265
980.5 0.426210045662
981.0 0.425936073059
981.5 0.425662100457
982.0 0.425388127854
982.5 0.425114155251
983.0 0.424840182648
983.5 0.424566210046
984.0 0.424292237443
984.5 0.42401826484
985.0 0.423744292237
985.5 0.423470319635
986.0 0.423196347032
986.5 0.422922374429
987.0 0.422648401826
987.5 0.422374429224
988.0 0.422100456621
988.5 0.421826484018
989.0 0.421552511415
989.5 0.421278538813
990.0 0.42100456621
990.5 0.42100456621
991.0 0.42100456621
991.5 0.42100456621
992.0 0.42100456621
992.5 0.42100456621
993.0 0.42100456621
993.5 0.42100456621
994.0 0.42100456621
994.5 0.42100456621
995.0 0.42100456621
995.5 0.42100456621
996.0 0.42100456621
996.5 0.42100456621
997.0 0.42100456621
997.5 0.42100456621
998.0 0.42100456621
998.5 0.42100456621
999.0 0.42100456621
999.5 0.42100456621
1000.0 0.42100456621
1000.5 0.420744048706
1001.0 0.420483531202
1001.5 0.420223013699
1002.0 0.419962496195
1002.5 0.419701978691
1003.0 0.419441461187
1003.5 0.419180943683
1004.0 0.41892042618
1004.5 0.418659908676
1005.0 0.418399391172
1005.5 0.418138873668
1006.0 0.417878356164
1006.5 0.41761783866
1007.0 0.417357321157
1007.5 0.417096803653
1008.0 0.416836286149
1008.5 0.416575768645
1009.0 0.416315251141
1009.5 0.416054733638
1010.0 0.415794216134
1010.5 0.41553369863
1011.0 0.415273181126
1011.5 0.415012663622
1012.0 0.414752146119
1012.5 0.414491628615
1013.0 0.414231111111
1013.5 0.413970593607
1014.0 0.413710076103
1014.5 0.4134495586
1015.0 0.413189041096
1015.5 0.412928523592
1016.0 0.412668006088
1016.5 0.412407488584
1017.0 0.412146971081
1017.5 0.411886453577
1018.0 0.411625936073
1018.5 0.411365418569
1019.0 0.411104901065
1019.5 0.410844383561
1020.0 0.410583866058
1020.5 0.410323348554
1021.0 0.41006283105
1021.5 0.409802313546
1022.0 0.409541796042
1022.5 0.409281278539
1023.0 0.409020761035
1023.5 0.408760243531
1024.0 0.408499726027
1024.5 0.408239208523
1025.0 0.40797869102
1025.5 0.407718173516
1026.0 0.407457656012
1026.5 0.407197138508
1027.0 0.406936621004
1027.5 0.406676103501
1028.0 0.406415585997
1028.5 0.406155068493
1029.0 0.405894550989
1029.5 0.405634033485
1030.0 0.405373515981
1030.5 0.405112998478
1031.0 0.404852480974
1031.5 0.40459196347
1032.0 0.404331445966
1032.5 0.404070928462
1033.0 0.403810410959
1033.5 0.403549893455
1034.0 0.403289375951
1034.5 0.403028858447
1035.0 0.402768340943
1035.5 0.40250782344
1036.0 0.402247305936
1036.5 0.401986788432
1037.0 0.401726270928
1037.5 0.401465753424
1038.0 0.401205235921
1038.5 0.400944718417
1039.0 0.400684200913
1039.5 0.400423683409
1040.0 0.400163165905
1040.5 0.399902648402
1041.0 0.399642130898
1041.5 0.399381613394
1042.0 0.39912109589
1042.5 0.398860578386
1043.0 0.398600060882
1043.5 0.398339543379
1044.0 0.398079025875
1044.5 0.397818508371
1045.0 0.397557990867
1045.5 0.397297473363
1046.0 0.39703695586
1046.5 0.396776438356
1047.0 0.396515920852
1047.5 0.396255403348
1048.0 0.395994885844
1048.5 0.395734368341
1049.0 0.395473850837
1049.5 0.395213333333
1050.0 0.394952815829
1050.5 0.394692298325
1051.0 0.394431780822
1051.5 0.394171263318
1052.0 0.393910745814
1052.5 0.39365022831
1053.0 0.393389710806
1053.5 0.393129193303
1054.0 0.392868675799
1054.5 0.392608158295
1055.0 0.392347640791
1055.5 0.392087123287
1056.0 0.391826605783
1056.5 0.39156608828
1057.0 0.391305570776
1057.5 0.391045053272
1058.0 0.390784535768
1058.5 0.390524018264
1059.0 0.390263500761
1059.5 0.390002983257
1060.0 0.389742465753
1060.5 0.389481940639
1061.0 0.389221415525
1061.5 0.388960890411
1062.0 0.388700365296
1062.5 0.388439840182
1063.0 0.388179315068
1063.5 0.387918789954
1064.0 0.38765826484
1064.5 0.387397739726
1065.0 0.387137214611
1065.5 0.386876689497
1066.0 0.386616164383
1066.5 0.386355639269
1067.0 0.386095114155
1067.5 0.385834589041
1068.0 0.385574063927
1068.5 0.385313538812
1069.0 0.385053013698
1069.5 0.384792488584
1070.0 0.38453196347
1070.5 0.384271438356
1071.0 0.384010913242
1071.5 0.383750388128
1072.0 0.383489863013
1072.5 0.383229337899
1073.0 0.382968812785
1073.5 0.382708287671
1074.0 0.382447762557
1074.5 0.382187237443
1075.0 0.381926712328
1075.5 0.381666187214
1076.0 0.3814056621
1076.5 0.381145136986
1077.0 0.380884611872
1077.5 0.380624086758
1078.0 0.380363561644
1078.5 0.380103036529
1079.0 0.379842511415
1079.5 0.379581986301
1080.0 0.379321461187
1080.5 0.379060936073
1081.0 0.378800410959
1081.5 0.378539885845
1082.0 0.37827936073
1082.5 0.378018835616
1083.0 0.377758310502
1083.5 0.377497785388
1084.0 0.377237260274
1084.5 0.37697673516
1085.0 0.376716210045
1085.5 0.376455684931
1086.0 0.376195159817
1086.5 0.375934634703
1087.0 0.375674109589
1087.5 0.375413584475
1088.0 0.375153059361
1088.5 0.374892534246
1089.0 0.374632009132
1089.5 0.374371484018
1090.0 0.374110958904
1090.5 0.37385043379
1091.0 0.373589908676
1091.5 0.373329383562
1092.0 0.373068858447
1092.5 0.372808333333
1093.0 0.372547808219
1093.5 0.372287283105
1094.0 0.372026757991
1094.5 0.371766232877
1095.0 0.371505707762
1095.5 0.371245182648
1096.0 0.370984657534
1096.5 0.37072413242
1097.0 0.370463607306
1097.5 0.370203082192
1098.0 0.369942557078
1098.5 0.369682031963
1099.0 0.369421506849
1099.5 0.369160981735
1100.0 0.368900456621
1100.5 0.368639931507
1101.0 0.368379406393
1101.5 0.368118881279
1102.0 0.367858356164
1102.5 0.36759783105
1103.0 0.367337305936
1103.5 0.367076780822
1104.0 0.366816255708
1104.5 0.366555730594
1105.0 0.366295205479
1105.5 0.366034680365
1106.0 0.365774155251
1106.5 0.365513630137
1107.0 0.365253105023
1107.5 0.364992579909
1108.0 0.364732054795
1108.5 0.36447152968
1109.0 0.364211004566
1109.5 0.363950479452
1110.0 0.363689954338
1110.5 0.363429429224
1111.0 0.36316890411
1111.5 0.362908378996
1112.0 0.362647853881
1112.5 0.362387328767
1113.0 0.362126803653
1113.5 0.361866278539
1114.0 0.361605753425
1114.5 0.361345228311
1115.0 0.361084703196
1115.5 0.360824178082
1116.0 0.360563652968
1116.5 0.360303127854
1117.0 0.36004260274
1117.5 0.359782077626
1118.0 0.359521552512
1118.5 0.359261027397
1119.0 0.359000502283
1119.5 0.358739977169
1120.0 0.358479452055
1120.5 0.358218934551
1121.0 0.357958417047
1121.5 0.357697899544
1122.0 0.35743738204
1122.5 0.357176864536
1123.0 0.356916347032
1123.5 0.356655829528
1124.0 0.356395312025
1124.5 0.356134794521
1125.0 0.355874277017
1125.5 0.355613759513
1126.0 0.355353242009
1126.5 0.355092724505
1127.0 0.354832207002
1127.5 0.354571689498
1128.0 0.354311171994
1128.5 0.35405065449
1129.0 0.353790136986
1129.5 0.353529619483
1130.0 0.353269101979
1130.5 0.353008584475
1131.0 0.352748066971
1131.5 0.352487549467
1132.0 0.352227031964
1132.5 0.35196651446
1133.0 0.351705996956
1133.5 0.351445479452
1134.0 0.351184961948
1134.5 0.350924444445
1135.0 0.350663926941
1135.5 0.350403409437
1136.0 0.350142891933
1136.5 0.349882374429
1137.0 0.349621856926
1137.5 0.349361339422
1138.0 0.349100821918
1138.5 0.348840304414
1139.0 0.34857978691
1139.5 0.348319269406
1140.0 0.348058751903
1140.5 0.347798234399
1141.0 0.347537716895
1141.5 0.347277199391
1142.0 0.347016681887
1142.5 0.346756164384
1143.0 0.34649564688
1143.5 0.346235129376
1144.0 0.345974611872
1144.5 0.345714094368
1145.0 0.345453576865
1145.5 0.345193059361
1146.0 0.344932541857
1146.5 0.344672024353
1147.0 0.344411506849
1147.5 0.344150989346
1148.0 0.343890471842
1148.5 0.343629954338
1149.0 0.343369436834
1149.5 0.34310891933
1150.0 0.342848401827
1150.5 0.342587884323
1151.0 0.342327366819
1151.5 0.342066849315
1152.0 0.341806331811
1152.5 0.341545814307
1153.0 0.341285296804
1153.5 0.3410247793
1154.0 0.340764261796
1154.5 0.340503744292
1155.0 0.340243226788
1155.5 0.339982709285
1156.0 0.339722191781
1156.5 0.339461674277
1157.0 0.339201156773
1157.5 0.338940639269
1158.0 0.338680121766
1158.5 0.338419604262
1159.0 0.338159086758
1159.5 0.337898569254
1160.0 0.33763805175
1160.5 0.337377534247
1161.0 0.337117016743
1161.5 0.336856499239
1162.0 0.336595981735
1162.5 0.336335464231
1163.0 0.336074946727
1163.5 0.335814429224
1164.0 0.33555391172
1164.5 0.335293394216
1165.0 0.335032876712
1165.5 0.334772359208
1166.0 0.334511841705
1166.5 0.334251324201
1167.0 0.333990806697
1167.5 0.333730289193
1168.0 0.333469771689
1168.5 0.333209254186
1169.0 0.332948736682
1169.5 0.332688219178
1170.0 0.332427701674
1170.5 0.33216718417
1171.0 0.331906666667
1171.5 0.331646149163
1172.0 0.331385631659
1172.5 0.331125114155
1173.0 0.330864596651
1173.5 0.330604079148
1174.0 0.330343561644
1174.5 0.33008304414
1175.0 0.329822526636
1175.5 0.329562009132
1176.0 0.329301491628
1176.5 0.329040974125
1177.0 0.328780456621
1177.5 0.328519939117
1178.0 0.328259421613
1178.5 0.327998904109
1179.0 0.327738386606
1179.5 0.327477869102
1180.0 0.327217351598
1180.5 0.326956826484
1181.0 0.32669630137
1181.5 0.326435776256
1182.0 0.326175251141
1182.5 0.325914726027
1183.0 0.325654200913
1183.5 0.325393675799
1184.0 0.325133150685
1184.5 0.324872625571
1185.0 0.324612100456
1185.5 0.324351575342
1186.0 0.324091050228
1186.5 0.323830525114
1187.0 0.32357
1187.5 0.323309474886
1188.0 0.323048949772
1188.5 0.322788424657
1189.0 0.322527899543
1189.5 0.322267374429
1190.0 0.322006849315
1190.5 0.321746324201
1191.0 0.321485799087
1191.5 0.321225273973
1192.0 0.320964748858
1192.5 0.320704223744
1193.0 0.32044369863
1193.5 0.320183173516
1194.0 0.319922648402
1194.5 0.319662123288
1195.0 0.319401598174
1195.5 0.319141073059
1196.0 0.318880547945
1196.5 0.318620022831
1197.0 0.318359497717
1197.5 0.318098972603
1198.0 0.317838447489
1198.5 0.317577922374
1199.0 0.31731739726
1199.5 0.317056872146
1200.0 0.316796347032
1200.5 0.316624925799
1201.0 0.316453504566
1201.5 0.316282083333
1202.0 0.3161106621
1202.5 0.315939240868
1203.0 0.315767819635
1203.5 0.315596398402
1204.0 0.315424977169
1204.5 0.315253555936
1205.0 0.315082134703
1205.5 0.31491071347
1206.0 0.314739292237
1206.5 0.314567871005
1207.0 0.314396449772
1207.5 0.314225028539
1208.0 0.314053607306
1208.5 0.313882186073
1209.0 0.31371076484
1209.5 0.313539343607
1210.0 0.313367922375
1210.5 0.313196501142
1211.0 0.313025079909
1211.5 0.312853658676
1212.0 0.312682237443
1212.5 0.31251081621
1213.0 0.312339394977
1213.5 0.312167973744
1214.0 0.311996552511
1214.5 0.311825131279
1215.0 0.311653710046
1215.5 0.311482288813
1216.0 0.31131086758
1216.5 0.311139446347
1217.0 0.310968025114
1217.5 0.310796603881
1218.0 0.310625182648
1218.5 0.310453761416
1219.0 0.310282340183
1219.5 0.31011091895
1220.0 0.309939497717
1220.5 0.309768076484
1221.0 0.309596655251
1221.5 0.309425234018
1222.0 0.309253812786
1222.5 0.309082391553
1223.0 0.30891097032
1223.5 0.308739549087
1224.0 0.308568127854
1224.5 0.308396706621
1225.0 0.308225285388
1225.5 0.308053864155
1226.0 0.307882442922
1226.5 0.30771102169
1227.0 0.307539600457
1227.5 0.307368179224
1228.0 0.307196757991
1228.5 0.307025336758
1229.0 0.306853915525
1229.5 0.306682494292
1230.0 0.306511073059
1230.5 0.306339651827
1231.0 0.306168230594
1231.5 0.305996809361
1232.0 0.305825388128
1232.5 0.305653966895
1233.0 0.305482545662
1233.5 0.305311124429
1234.0 0.305139703197
1234.5 0.304968281964
1235.0 0.304796860731
1235.5 0.304625439498
1236.0 0.304454018265
1236.5 0.304282597032
1237.0 0.304111175799
1237.5 0.303939754566
1238.0 0.303768333334
1238.5 0.303596912101
1239.0 0.303425490868
1239.5 0.303254069635
1240.0 0.303082648402
1240.5 0.302911227169
1241.0 0.302739805936
1241.5 0.302568384703
1242.0 0.30239696347
1242.5 0.302225542238
1243.0 0.302054121005
1243.5 0.301882699772
1244.0 0.301711278539
1244.5 0.301539857306
1245.0 0.301368436073
1245.5 0.30119701484
1246.0 0.301025593607
1246.5 0.300854172375
1247.0 0.300682751142
1247.5 0.300511329909
1248.0 0.300339908676
1248.5 0.300168487443
1249.0 0.29999706621
1249.5 0.299825644977
1250.0 0.299654223745
1250.5 0.299482802512
1251.0 0.299311381279
1251.5 0.299139960046
1252.0 0.298968538813
1252.5 0.29879711758
1253.0 0.298625696347
1253.5 0.298454275114
1254.0 0.298282853881
1254.5 0.298111432649
1255.0 0.297940011416
1255.5 0.297768590183
1256.0 0.29759716895
1256.5 0.297425747717
1257.0 0.297254326484
1257.5 0.297082905251
1258.0 0.296911484018
1258.5 0.296740062786
1259.0 0.296568641553
1259.5 0.29639722032
1260.0 0.296225799087
1260.5 0.296054377854
1261.0 0.295882956621
1261.5 0.295711535388
1262.0 0.295540114156
1262.5 0.295368692923
1263.0 0.29519727169
1263.5 0.295025850457
1264.0 0.294854429224
1264.5 0.294683007991
1265.0 0.294511586758
1265.5 0.294340165525
1266.0 0.294168744293
1266.5 0.29399732306
1267.0 0.293825901827
1267.5 0.293654480594
1268.0 0.293483059361
1268.5 0.293311638128
1269.0 0.293140216895
1269.5 0.292968795662
1270.0 0.292797374429
1270.5 0.292625953197
1271.0 0.292454531964
1271.5 0.292283110731
1272.0 0.292111689498
1272.5 0.291940268265
1273.0 0.291768847032
1273.5 0.291597425799
1274.0 0.291426004567
1274.5 0.291254583334
1275.0 0.291083162101
1275.5 0.290911740868
1276.0 0.290740319635
1276.5 0.290568898402
1277.0 0.290397477169
1277.5 0.290226055936
1278.0 0.290054634704
1278.5 0.289883213471
1279.0 0.289711792238
1279.5 0.289540371005
