30.0 0.0347794782609
30.5 0.034778305492
31.0 0.0347771327231
31.5 0.0347759599543
32.0 0.0347747871854
32.5 0.0347736144165
33.0 0.0347724416476
33.5 0.0347712688787
34.0 0.0347700961098
34.5 0.034768923341
35.0 0.0347677505721
35.5 0.0347665778032
36.0 0.0347654050343
36.5 0.0347642322654
37.0 0.0347630594966
37.5 0.0347618867277
38.0 0.0347607139588
38.5 0.0347595411899
39.0 0.034758368421
39.5 0.0347571956521
40.0 0.0347560228833
40.5 0.0347548501144
41.0 0.0347536773455
41.5 0.0347525045766
42.0 0.0347513318077
42.5 0.0347501590389
43.0 0.03474898627
43.5 0.0347478135011
44.0 0.0347466407322
44.5 0.0347454679634
45.0 0.0347442951945
45.5 0.0347431224256
46.0 0.0347419496567
46.5 0.0347407768879
47.0 0.034739604119
47.5 0.0347384313501
48.0 0.0347372585813
48.5 0.0347360858124
49.0 0.0347349130435
49.5 0.0347337402746
50.0 0.0347325675057
50.5 0.0347313947369
51.0 0.034730221968
51.5 0.0347290491991
52.0 0.0347278764302
52.5 0.0347267036613
53.0 0.0347255270786
53.5 0.034724344775
54.0 0.0347231624714
54.5 0.0347219801678
55.0 0.0347207978642
55.5 0.0347196155606
56.0 0.0347184332571
56.5 0.0347172509535
57.0 0.0347160686499
57.5 0.034714889016
58.0 0.0347137162471
58.5 0.0347125434783
59.0 0.0347113707094
59.5 0.0347101979405
60.0 0.0347090251716
60.5 0.0347078524027
61.0 0.0347066796338
61.5 0.034705506865
62.0 0.0347043340961
62.5 0.0347031613272
63.0 0.0347019885583
63.5 0.0347008157895
64.0 0.0346996430206
64.5 0.0346984702517
65.0 0.0346972974829
65.5 0.034696124714
66.0 0.0346949519451
66.5 0.0346937791762
67.0 0.0346926064074
67.5 0.0346914336385
68.0 0.0346902608696
68.5 0.0346890881007
69.0 0.0346879153318
69.5 0.034686742563
70.0 0.0346855697941
70.5 0.0346843970252
71.0 0.0346832242563
71.5 0.0346820514874
72.0 0.0346808787185
72.5 0.0346797059497
73.0 0.0346785331808
73.5 0.0346773604119
74.0 0.034676187643
74.5 0.0346750148741
75.0 0.0346738421053
75.5 0.0346726693364
76.0 0.0346714965675
76.5 0.0346703237986
77.0 0.0346691510297
77.5 0.0346679782609
78.0 0.034666805492
78.5 0.0346656327231
79.0 0.0346644599542
79.5 0.0346632871853
80.0 0.0346621144164
80.5 0.0346609416476
81.0 0.0346597688787
81.5 0.0346585961098
82.0 0.034657423341
82.5 0.0346562505721
83.0 0.0346550778032
83.5 0.0346539050343
84.0 0.0346527322655
84.5 0.0346515594966
85.0 0.0346503867277
85.5 0.0346492139588
86.0 0.03464804119
86.5 0.0346468684211
87.0 0.0346456956522
87.5 0.0346445228833
88.0 0.0346433501144
88.5 0.0346421773456
89.0 0.0346410045767
89.5 0.0346398297102
90.0 0.0346386521739
90.5 0.0346374746377
91.0 0.0346362971015
91.5 0.0346180546584
92.0 0.0345749304348
92.5 0.0345318062112
93.0 0.0344886819876
93.5 0.034445557764
94.0 0.0344024335404
94.5 0.0343593093168
95.0 0.0343161850932
95.5 0.0342730608696
96.0 0.034229936646
96.5 0.0341868124224
97.0 0.0341436881988
97.5 0.0341005639752
98.0 0.0340574397516
98.5 0.0340143130435
99.0 0.0339711826087
99.5 0.0339280521739
100.0 0.0338849217391
100.5 0.0338417913043
101.0 0.0337986608696
101.5 0.0337555304348
102.0 0.0337124
102.5 0.0336692695652
103.0 0.0336261391304
103.5 0.0335830086956
104.0 0.0335398782608
104.5 0.0334967478261
105.0 0.0334536173913
105.5 0.033410489441
106.0 0.0333673652174
106.5 0.0333242409938
107.0 0.0332811167702
107.5 0.0332379925466
108.0 0.033194868323
108.5 0.0331517440994
109.0 0.0331086198758
109.5 0.0330654956522
110.0 0.0330223714286
110.5 0.032979247205
111.0 0.0329361229814
111.5 0.0328929987578
112.0 0.0328498745342
112.5 0.0328067503106
113.0 0.032763626087
113.5 0.0327205018634
114.0 0.0326773776398
114.5 0.0326342534162
115.0 0.0325911291926
115.5 0.032548004969
116.0 0.0325048807454
116.5 0.0324617565218
117.0 0.0324186322982
117.5 0.0323755080746
118.0 0.032332383851
118.5 0.0322892596274
119.0 0.0322461354038
119.5 0.0322030086957
120.0 0.0321598782609
120.5 0.0321167478261
121.0 0.0320736173913
121.5 0.0320304869565
122.0 0.0319873565218
122.5 0.031944226087
123.0 0.0319010956522
123.5 0.0318579652174
124.0 0.0318148347826
124.5 0.0317717043478
125.0 0.031728573913
125.5 0.0316854434783
126.0 0.0316423130435
126.5 0.0315991850932
127.0 0.0315560608696
127.5 0.031512936646
128.0 0.0314698124224
128.5 0.0314266881988
129.0 0.0313835639752
129.5 0.0313404397516
130.0 0.031297315528
130.5 0.0312541913044
131.0 0.0312110670808
131.5 0.0311679428572
132.0 0.0311248186336
132.5 0.03108169441
133.0 0.0310385701864
133.5 0.0309954445166
134.0 0.0309523166775
134.5 0.0309091888384
135.0 0.0308660609994
135.5 0.0308229331603
136.0 0.0307798053212
136.5 0.0307366774822
137.0 0.0306935496431
137.5 0.030650421804
138.0 0.030607293965
138.5 0.0305641661259
139.0 0.0305210382868
139.5 0.0304779104478
140.0 0.0304347826087
140.5 0.0303913043478
141.0 0.030347826087
141.5 0.0303043478261
142.0 0.0302608695652
142.5 0.0302173913044
143.0 0.0301739130435
143.5 0.0301304347826
144.0 0.0300869565218
144.5 0.0300434782609
145.0 0.03
145.5 0.0299565217392
146.0 0.0299130434783
146.5 0.0298695652174
147.0 0.0298260869566
147.5 0.0297826086957
148.0 0.0297391304348
148.5 0.0296956521739
149.0 0.0296521739131
149.5 0.0296086956522
150.0 0.0295652173913
150.5 0.0295217391304
151.0 0.0294782608696
151.5 0.0294347826087
152.0 0.0293913043478
152.5 0.029347826087
153.0 0.0293043478261
153.5 0.0292608695652
154.0 0.0292173913043
154.5 0.0291739130435
155.0 0.0291304347826
155.5 0.0290869565217
156.0 0.0290434782609
156.5 0.029
157.0 0.0289565217391
157.5 0.0289130434783
158.0 0.0288695652174
158.5 0.0288260869565
159.0 0.0287826086957
159.5 0.0287391304348
160.0 0.0286956521739
160.5 0.028652173913
161.0 0.0286086956522
161.5 0.0285652173913
162.0 0.0285217391304
162.5 0.0284782608695
163.0 0.0284347826087
163.5 0.0283913043478
164.0 0.0283478260869
164.5 0.0283043478261
165.0 0.0282608695652
165.5 0.0282173913043
166.0 0.0281739130435
166.5 0.0281304347826
167.0 0.0280869565217
167.5 0.0280434782608
168.0 0.028
168.5 0.0279565217391
169.0 0.0279130434782
169.5 0.0278695652174
170.0 0.0278260869565
170.5 0.0278260869565
171.0 0.0278260869565
171.5 0.0278260869565
172.0 0.0278260869565
172.5 0.0278260869565
173.0 0.0278260869565
173.5 0.0278260869565
174.0 0.0278260869565
174.5 0.0278260869565
175.0 0.0278260869565
175.5 0.0278260869565
176.0 0.0278260869565
176.5 0.0278260869565
177.0 0.0278260869565
177.5 0.0278260869565
178.0 0.0278260869565
178.5 0.0278260869565
179.0 0.0278260869565
179.5 0.0278260869565
180.0 0.0278260869565
180.5 0.0279130434782
181.0 0.028
181.5 0.0280869565217
182.0 0.0281739130435
182.5 0.0282608695652
183.0 0.028347826087
183.5 0.0284347826087
184.0 0.0285217391304
184.5 0.0286086956522
185.0 0.0286956521739
185.5 0.0287826086957
186.0 0.0288695652174
186.5 0.0289565217391
187.0 0.0290434782609
187.5 0.0291304347826
188.0 0.0292173913044
188.5 0.0293043478261
189.0 0.0293913043479
189.5 0.0294782608696
190.0 0.0295652173913
190.5 0.0297826086957
191.0 0.03
191.5 0.0302173913043
192.0 0.0304347826087
192.5 0.0306521739131
193.0 0.0308695652174
193.5 0.0310869565217
194.0 0.0313043478261
194.5 0.0315217391304
195.0 0.0317391304348
195.5 0.0319565217391
196.0 0.0321739130435
196.5 0.0323913043479
197.0 0.0326086956522
197.5 0.0328260869566
198.0 0.0330434782609
198.5 0.0332608695652
199.0 0.0334782608696
199.5 0.0336956521739
200.0 0.0339130434783
200.5 0.0340869565218
201.0 0.0342608695652
201.5 0.0344347826087
202.0 0.0346086956522
202.5 0.0347826086957
203.0 0.0349565217392
203.5 0.0351304347826
204.0 0.0353043478261
204.5 0.0354782608696
205.0 0.035652173913
205.5 0.0358260869565
206.0 0.036
206.5 0.0361739130435
207.0 0.0363478260869
207.5 0.0365217391304
208.0 0.0366956521739
208.5 0.0368695652174
209.0 0.0370434782608
209.5 0.0372173913043
210.0 0.0373913043478
210.5 0.0374782608695
211.0 0.0375652173913
211.5 0.037652173913
212.0 0.0377391304348
212.5 0.0378260869565
213.0 0.0379130434782
213.5 0.038
214.0 0.0380869565217
214.5 0.0381739130435
215.0 0.0382608695652
215.5 0.0383478260869
216.0 0.0384347826087
216.5 0.0385217391304
217.0 0.0386086956522
217.5 0.0386956521739
218.0 0.0387826086956
218.5 0.0388695652174
219.0 0.0389565217391
219.5 0.0390434782609
220.0 0.0391304347826
220.5 0.0389130434783
221.0 0.0386956521739
221.5 0.0384782608696
222.0 0.0382608695652
222.5 0.0380434782609
223.0 0.0378260869565
223.5 0.0376086956522
224.0 0.0373913043478
224.5 0.0371739130435
225.0 0.0369565217391
225.5 0.0367391304348
226.0 0.0365217391305
226.5 0.0363043478261
227.0 0.0360869565218
227.5 0.0358695652174
228.0 0.0356521739131
228.5 0.0354347826087
229.0 0.0352173913044
229.5 0.035
230.0 0.0347826086957
230.5 0.0345217391305
231.0 0.0342608695653
231.5 0.034
232.0 0.0337391304348
232.5 0.0334782608696
233.0 0.0332173913044
233.5 0.0329565217392
234.0 0.0326956521739
234.5 0.0324347826087
235.0 0.0321739130435
235.5 0.0319130434783
236.0 0.0316521739131
236.5 0.0313913043478
237.0 0.0311304347826
237.5 0.0308695652174
238.0 0.0306086956522
238.5 0.030347826087
239.0 0.0300869565217
239.5 0.0298260869565
240.0 0.0295652173913
240.5 0.029652173913
241.0 0.0297391304348
241.5 0.0298260869565
242.0 0.0299130434783
242.5 0.03
243.0 0.0300869565217
243.5 0.0301739130435
244.0 0.0302608695652
244.5 0.030347826087
245.0 0.0304347826087
245.5 0.0305217391304
246.0 0.0306086956522
246.5 0.0306956521739
247.0 0.0307826086957
247.5 0.0308695652174
248.0 0.0309565217391
248.5 0.0310434782609
249.0 0.0311304347826
249.5 0.0312173913044
250.0 0.0313043478261
250.5 0.0317391304348
251.0 0.0321739130435
251.5 0.0326086956522
252.0 0.0330434782609
252.5 0.0334782608696
253.0 0.0339130434783
253.5 0.034347826087
254.0 0.0347826086957
254.5 0.0352173913044
255.0 0.035652173913
255.5 0.0360869565217
256.0 0.0365217391304
256.5 0.0369565217391
257.0 0.0373913043478
257.5 0.0378260869565
258.0 0.0382608695652
258.5 0.0386956521739
259.0 0.0391304347826
259.5 0.0395652173913
260.0 0.04
260.5 0.0413043478261
261.0 0.0426086956522
261.5 0.0439130434783
262.0 0.0452173913043
262.5 0.0465217391304
263.0 0.0478260869565
263.5 0.0491304347826
264.0 0.0504347826087
264.5 0.0517391304348
265.0 0.0530434782608
265.5 0.0543478260869
266.0 0.055652173913
266.5 0.0569565217391
267.0 0.0582608695652
267.5 0.0595652173913
268.0 0.0608695652174
268.5 0.0621739130434
269.0 0.0634782608695
269.5 0.0647826086956
270.0 0.0660869565217
270.5 0.0673913043478
271.0 0.0686956521739
271.5 0.07
272.0 0.0713043478261
272.5 0.0726086956522
273.0 0.0739130434782
273.5 0.0752173913043
274.0 0.0765217391304
274.5 0.0778260869565
275.0 0.0791304347826
275.5 0.0804347826087
276.0 0.0817391304348
276.5 0.0830434782609
277.0 0.084347826087
277.5 0.0856521739131
278.0 0.0869565217391
278.5 0.0882608695652
279.0 0.0895652173913
279.5 0.0908695652174
280.0 0.0921739130435
280.5 0.0940434782609
281.0 0.0959130434782
281.5 0.0977826086956
282.0 0.099652173913
282.5 0.10152173913
283.0 0.103391304348
283.5 0.105260869565
284.0 0.107130434783
284.5 0.109
285.0 0.110869565217
285.5 0.112739130435
286.0 0.114608695652
286.5 0.116478260869
287.0 0.118347826087
287.5 0.120217391304
288.0 0.122086956521
288.5 0.123956521739
289.0 0.125826086956
289.5 0.127695652174
290.0 0.129565217391
290.5 0.131304347826
291.0 0.133043478261
291.5 0.134782608696
292.0 0.136521739131
292.5 0.138260869565
293.0 0.14
293.5 0.141739130435
294.0 0.14347826087
294.5 0.145543478261
295.0 0.147608695653
295.5 0.149673913044
296.0 0.151739130435
296.5 0.153804347826
297.0 0.155869565218
297.5 0.157934782609
298.0 0.16
298.5 0.16097826087
299.0 0.161956521739
299.5 0.162934782609
300.0 0.163913043478
300.5 0.164891304348
301.0 0.165869565218
301.5 0.166847826087
302.0 0.167826086957
302.5 0.1675
303.0 0.167173913044
303.5 0.166847826087
304.0 0.166521739131
304.5 0.166195652174
305.0 0.165869565217
305.5 0.165543478261
306.0 0.165217391304
306.5 0.166630434782
307.0 0.168043478261
307.5 0.169456521739
308.0 0.170869565217
308.5 0.172282608695
309.0 0.173695652173
309.5 0.175108695652
310.0 0.17652173913
310.5 0.181086956521
311.0 0.185652173913
311.5 0.190217391304
312.0 0.194782608696
312.5 0.199347826087
313.0 0.203913043478
313.5 0.20847826087
314.0 0.213043478261
314.5 0.218260869565
315.0 0.22347826087
315.5 0.228695652174
316.0 0.233913043479
316.5 0.239130434783
317.0 0.244347826087
317.5 0.249565217392
318.0 0.254782608696
318.5 0.256521739131
319.0 0.258260869565
319.5 0.26
320.0 0.261739130435
320.5 0.26347826087
321.0 0.265217391305
321.5 0.266956521739
322.0 0.268695652174
322.5 0.267934782609
323.0 0.267173913044
323.5 0.266413043478
324.0 0.265652173913
324.5 0.264891304348
325.0 0.264130434782
325.5 0.263369565217
326.0 0.262608695652
326.5 0.263478260869
327.0 0.264347826087
327.5 0.265217391304
328.0 0.266086956521
328.5 0.266956521739
329.0 0.267826086956
329.5 0.268695652174
330.0 0.269565217391
330.5 0.269673913043
331.0 0.269782608695
331.5 0.269891304348
332.0 0.27
332.5 0.270108695652
333.0 0.270217391305
333.5 0.270326086957
334.0 0.270434782609
334.5 0.270326086957
335.0 0.270217391305
335.5 0.270108695652
336.0 0.27
336.5 0.269891304348
337.0 0.269782608695
337.5 0.269673913043
338.0 0.269565217391
338.5 0.270652173913
339.0 0.271739130434
339.5 0.272826086956
340.0 0.273913043478
340.5 0.275
341.0 0.276086956522
341.5 0.277173913043
342.0 0.278260869565
342.5 0.279130434782
343.0 0.28
343.5 0.280869565217
344.0 0.281739130434
344.5 0.282608695652
345.0 0.283478260869
345.5 0.284347826087
346.0 0.285217391304
346.5 0.286847826087
347.0 0.288478260869
347.5 0.290108695652
348.0 0.291739130434
348.5 0.293369565217
349.0 0.295
349.5 0.296630434782
350.0 0.298260869565
350.5 0.296956521739
351.0 0.295652173913
351.5 0.294347826087
352.0 0.293043478261
352.5 0.291739130435
353.0 0.290434782609
353.5 0.289130434783
354.0 0.287826086957
354.5 0.286739130435
355.0 0.285652173914
355.5 0.284565217392
356.0 0.28347826087
356.5 0.282391304348
357.0 0.281304347826
357.5 0.280217391305
358.0 0.279130434783
358.5 0.283586956522
359.0 0.288043478261
359.5 0.2925
360.0 0.296956521739
360.5 0.301413043479
361.0 0.305869565218
361.5 0.310326086957
362.0 0.314782608696
362.5 0.320108695652
363.0 0.325434782609
363.5 0.330760869565
364.0 0.336086956522
364.5 0.341413043478
365.0 0.346739130435
365.5 0.352065217391
366.0 0.357391304348
366.5 0.358695652174
367.0 0.36
367.5 0.361304347826
368.0 0.362608695652
368.5 0.363913043479
369.0 0.365217391305
369.5 0.366521739131
370.0 0.367826086957
370.5 0.365217391305
371.0 0.362608695652
371.5 0.36
372.0 0.357391304348
372.5 0.354782608696
373.0 0.352173913043
373.5 0.349565217391
374.0 0.346956521739
374.5 0.342934782609
375.0 0.338913043478
375.5 0.334891304348
376.0 0.330869565217
376.5 0.326847826087
377.0 0.322826086957
377.5 0.318804347826
378.0 0.314782608696
378.5 0.31
379.0 0.305217391304
379.5 0.300434782609
380.0 0.295652173913
380.5 0.290869565217
381.0 0.286086956522
381.5 0.281304347826
382.0 0.27652173913
382.5 0.276956521739
383.0 0.277391304348
383.5 0.277826086956
384.0 0.278260869565
384.5 0.278695652174
385.0 0.279130434782
385.5 0.279565217391
386.0 0.28
386.5 0.283913043478
387.0 0.287826086957
387.5 0.291739130435
388.0 0.295652173913
388.5 0.299565217391
389.0 0.30347826087
389.5 0.307391304348
390.0 0.311304347826
390.5 0.316956521739
391.0 0.322608695652
391.5 0.328260869565
392.0 0.333913043478
392.5 0.339565217391
393.0 0.345217391304
393.5 0.350869565217
394.0 0.35652173913
394.5 0.371847826087
395.0 0.387173913043
395.5 0.4025
396.0 0.417826086957
396.5 0.433152173913
397.0 0.44847826087
397.5 0.463804347826
398.0 0.479130434783
398.5 0.493586956522
399.0 0.508043478261
399.5 0.5225
400.0 0.53695652174
400.5 0.551413043479
401.0 0.565869565218
401.5 0.580326086957
402.0 0.594782608696
402.5 0.600108695652
403.0 0.605434782609
403.5 0.610760869566
404.0 0.616086956522
404.5 0.621413043478
405.0 0.626739130435
405.5 0.632065217392
406.0 0.637391304348
406.5 0.636195652174
407.0 0.635
407.5 0.633804347826
408.0 0.632608695652
408.5 0.631413043479
409.0 0.630217391305
409.5 0.629021739131
410.0 0.627826086957
410.5 0.624021739131
411.0 0.620217391305
411.5 0.616413043479
412.0 0.612608695653
412.5 0.608804347826
413.0 0.605
413.5 0.601195652174
414.0 0.597391304348
414.5 0.598369565218
415.0 0.599347826087
415.5 0.600326086957
416.0 0.601304347826
416.5 0.602282608695
417.0 0.603260869565
417.5 0.604239130434
418.0 0.605217391304
418.5 0.609239130434
419.0 0.613260869565
419.5 0.617282608696
420.0 0.621304347826
420.5 0.625326086956
421.0 0.629347826087
421.5 0.633369565217
422.0 0.637391304348
422.5 0.637608695652
423.0 0.637826086957
423.5 0.638043478261
424.0 0.638260869565
424.5 0.63847826087
425.0 0.638695652174
425.5 0.638913043479
426.0 0.639130434783
426.5 0.642282608696
427.0 0.645434782609
427.5 0.648586956522
428.0 0.651739130435
428.5 0.654891304348
429.0 0.658043478261
429.5 0.661195652174
430.0 0.664347826087
430.5 0.672608695652
431.0 0.680869565218
431.5 0.689130434783
432.0 0.697391304348
432.5 0.705652173913
433.0 0.713913043478
433.5 0.722173913044
434.0 0.730434782609
434.5 0.734891304348
435.0 0.739347826087
435.5 0.743804347826
436.0 0.748260869565
436.5 0.752717391305
437.0 0.757173913044
437.5 0.761630434783
438.0 0.766086956522
438.5 0.771086956522
439.0 0.776086956522
439.5 0.781086956522
440.0 0.786086956522
440.5 0.791086956522
441.0 0.796086956522
441.5 0.801086956522
442.0 0.806086956522
442.5 0.813369565218
443.0 0.820652173913
443.5 0.827934782609
444.0 0.835217391305
444.5 0.8425
445.0 0.849782608696
445.5 0.857065217391
446.0 0.864347826087
446.5 0.868913043478
447.0 0.873478260869
447.5 0.878043478261
448.0 0.882608695652
448.5 0.887173913043
449.0 0.891739130435
449.5 0.896304347826
450.0 0.900869565217
450.5 0.904130434782
451.0 0.907391304348
451.5 0.910652173913
452.0 0.913913043478
452.5 0.917173913043
453.0 0.920434782608
453.5 0.923695652174
454.0 0.926956521739
454.5 0.931304347826
455.0 0.935652173913
455.5 0.94
456.0 0.944347826087
456.5 0.948695652174
457.0 0.953043478261
457.5 0.957391304348
458.0 0.961739130435
458.5 0.963695652174
459.0 0.965652173913
459.5 0.967608695652
460.0 0.969565217392
460.5 0.971521739131
461.0 0.97347826087
461.5 0.975434782609
462.0 0.977391304348
462.5 0.976086956522
463.0 0.974782608696
463.5 0.97347826087
464.0 0.972173913044
464.5 0.970869565217
465.0 0.969565217391
465.5 0.968260869565
466.0 0.966956521739
466.5 0.968260869565
467.0 0.969565217391
467.5 0.970869565217
468.0 0.972173913044
468.5 0.97347826087
469.0 0.974782608696
469.5 0.976086956522
470.0 0.977391304348
470.5 0.982826086957
471.0 0.988260869566
471.5 0.993695652175
472.0 0.999130434784
472.5 1.00456521739
473.0 1.01
473.5 1.01543478261
474.0 1.02086956522
474.5 1.02467391305
475.0 1.02847826087
475.5 1.0322826087
476.0 1.03608695652
476.5 1.03989130435
477.0 1.04369565218
477.5 1.0475
478.0 1.05130434783
478.5 1.05043478261
479.0 1.0495652174
479.5 1.04869565218
480.0 1.04782608696
480.5 1.04695652174
481.0 1.04608695652
481.5 1.04521739131
482.0 1.04434782609
482.5 1.04065217392
483.0 1.03695652174
483.5 1.03326086957
484.0 1.0295652174
484.5 1.02586956522
485.0 1.02217391305
485.5 1.01847826087
486.0 1.0147826087
486.5 1.01489130435
487.0 1.015
487.5 1.01510869565
488.0 1.0152173913
488.5 1.01532608696
489.0 1.01543478261
489.5 1.01554347826
490.0 1.01565217391
490.5 1.01782608695
491.0 1.02
491.5 1.02217391304
492.0 1.02434782609
492.5 1.02652173913
493.0 1.02869565217
493.5 1.03086956522
494.0 1.03304347826
494.5 1.02891304348
495.0 1.0247826087
495.5 1.02065217391
496.0 1.01652173913
496.5 1.01239130435
497.0 1.00826086956
497.5 1.00413043478
498.0 1.0
498.5 0.996304347826
499.0 0.992608695652
499.5 0.988913043478
500.0 0.985217391304
500.5 0.981521739131
501.0 0.977826086957
501.5 0.974130434783
502.0 0.970434782609
502.5 0.97097826087
503.0 0.971521739131
503.5 0.972065217392
504.0 0.972608695652
504.5 0.973152173913
505.0 0.973695652174
505.5 0.974239130435
506.0 0.974782608696
506.5 0.973913043479
507.0 0.973043478261
507.5 0.972173913044
508.0 0.971304347826
508.5 0.970434782609
509.0 0.969565217392
509.5 0.968695652174
510.0 0.967826086957
510.5 0.962173913044
511.0 0.956521739131
511.5 0.950869565218
512.0 0.945217391304
512.5 0.939565217391
513.0 0.933913043478
513.5 0.928260869565
514.0 0.922608695652
514.5 0.920652173913
515.0 0.918695652174
515.5 0.916739130435
516.0 0.914782608695
516.5 0.912826086956
517.0 0.910869565217
517.5 0.908913043478
518.0 0.906956521739
518.5 0.914456521739
519.0 0.921956521739
519.5 0.929456521739
520.0 0.936956521739
520.5 0.944456521739
521.0 0.951956521739
521.5 0.959456521739
522.0 0.966956521739
522.5 0.97402173913
523.0 0.981086956522
523.5 0.988152173913
524.0 0.995217391304
524.5 1.0022826087
525.0 1.00934782609
525.5 1.01641304348
526.0 1.02347826087
526.5 1.02815217391
527.0 1.03282608696
527.5 1.0375
528.0 1.04217391305
528.5 1.04684782609
529.0 1.05152173913
529.5 1.05619565218
530.0 1.06086956522
530.5 1.0647826087
531.0 1.06869565217
531.5 1.07260869565
532.0 1.07652173913
532.5 1.08043478261
533.0 1.08434782609
533.5 1.08826086956
534.0 1.09217391304
534.5 1.09
535.0 1.08782608696
535.5 1.08565217391
536.0 1.08347826087
536.5 1.08130434783
537.0 1.07913043479
537.5 1.07695652174
538.0 1.0747826087
538.5 1.07141304348
539.0 1.06804347827
539.5 1.06467391305
540.0 1.06130434783
540.5 1.05793478261
541.0 1.05456521739
541.5 1.05119565218
542.0 1.04782608696
542.5 1.04923913044
543.0 1.05065217392
543.5 1.05206521739
544.0 1.05347826087
544.5 1.05489130435
545.0 1.05630434782
545.5 1.0577173913
546.0 1.05913043478
546.5 1.06032608695
547.0 1.06152173913
547.5 1.0627173913
548.0 1.06391304347
548.5 1.06510869565
549.0 1.06630434782
549.5 1.0675
550.0 1.06869565217
550.5 1.07076086956
551.0 1.07282608695
551.5 1.07489130434
552.0 1.07695652174
552.5 1.07902173913
553.0 1.08108695652
553.5 1.08315217391
554.0 1.0852173913
554.5 1.08608695652
555.0 1.08695652174
555.5 1.08782608695
556.0 1.08869565217
556.5 1.08956521739
557.0 1.09043478261
557.5 1.09130434782
558.0 1.09217391304
558.5 1.09184782608
559.0 1.09152173913
559.5 1.09119565217
560.0 1.09086956522
560.5 1.09054347826
561.0 1.0902173913
561.5 1.08989130435
562.0 1.08956521739
562.5 1.09032608695
563.0 1.09108695652
563.5 1.09184782608
564.0 1.09260869565
564.5 1.09336956521
565.0 1.09413043478
565.5 1.09489130434
566.0 1.09565217391
566.5 1.09543478261
567.0 1.0952173913
567.5 1.095
568.0 1.0947826087
568.5 1.09456521739
569.0 1.09434782609
569.5 1.09413043478
570.0 1.09391304348
570.5 1.09380434783
571.0 1.09369565218
571.5 1.09358695652
572.0 1.09347826087
572.5 1.09336956522
573.0 1.09326086956
573.5 1.09315217391
574.0 1.09304347826
574.5 1.09141304348
575.0 1.08978260869
575.5 1.08815217391
576.0 1.08652173913
576.5 1.08489130435
577.0 1.08326086957
577.5 1.08163043478
578.0 1.08
578.5 1.07826086957
579.0 1.07652173913
579.5 1.0747826087
580.0 1.07304347826
580.5 1.07130434782
581.0 1.06956521739
581.5 1.06782608696
582.0 1.06608695652
582.5 1.06391304348
583.0 1.06173913043
583.5 1.05956521739
584.0 1.05739130434
584.5 1.0552173913
585.0 1.05304347826
585.5 1.05086956521
586.0 1.04869565217
586.5 1.04934782608
587.0 1.05
587.5 1.05065217391
588.0 1.05130434782
588.5 1.05195652174
589.0 1.05260869565
589.5 1.05326086957
590.0 1.05391304348
590.5 1.05782608696
591.0 1.06173913043
591.5 1.06565217391
592.0 1.06956521739
592.5 1.07347826087
593.0 1.07739130435
593.5 1.08130434782
594.0 1.0852173913
594.5 1.08934782608
595.0 1.09347826087
595.5 1.09760869565
596.0 1.10173913043
596.5 1.10586956522
597.0 1.11
597.5 1.11413043479
598.0 1.11826086957
598.5 1.12119565218
599.0 1.12413043479
599.5 1.12706521739
600.0 1.13
600.5 1.13293478261
601.0 1.13586956521
601.5 1.13880434782
602.0 1.14173913043
602.5 1.14304347826
603.0 1.14434782608
603.5 1.14565217391
604.0 1.14695652173
604.5 1.14826086956
605.0 1.14956521739
605.5 1.15086956521
606.0 1.15217391304
606.5 1.15206521739
607.0 1.15195652174
607.5 1.15184782609
608.0 1.15173913043
608.5 1.15163043478
609.0 1.15152173913
609.5 1.15141304348
610.0 1.15130434783
610.5 1.15
611.0 1.14869565218
611.5 1.14739130435
612.0 1.14608695653
612.5 1.1447826087
613.0 1.14347826087
613.5 1.14217391305
614.0 1.14086956522
614.5 1.13858695652
615.0 1.13630434783
615.5 1.13402173913
616.0 1.13173913044
616.5 1.12945652174
617.0 1.12717391304
617.5 1.12489130435
618.0 1.12260869565
618.5 1.12
619.0 1.11739130435
619.5 1.11478260869
620.0 1.11217391304
620.5 1.10956521739
621.0 1.10695652173
621.5 1.10434782608
622.0 1.10173913043
622.5 1.09891304347
623.0 1.09608695652
623.5 1.09326086956
624.0 1.09043478261
624.5 1.08760869565
625.0 1.08478260869
625.5 1.08195652174
626.0 1.07913043478
626.5 1.07684782608
627.0 1.07456521739
627.5 1.07228260869
628.0 1.07
628.5 1.0677173913
629.0 1.06543478261
629.5 1.06315217392
630.0 1.06086956522
630.5 1.06021739131
631.0 1.05956521739
631.5 1.05891304348
632.0 1.05826086956
632.5 1.05760869565
633.0 1.05695652174
633.5 1.05630434782
634.0 1.05565217391
634.5 1.05630434782
635.0 1.05695652174
635.5 1.05760869565
636.0 1.05826086956
636.5 1.05891304348
637.0 1.05956521739
637.5 1.06021739131
638.0 1.06086956522
638.5 1.06217391305
639.0 1.06347826087
639.5 1.0647826087
640.0 1.06608695652
640.5 1.06739130435
641.0 1.06869565218
641.5 1.07
642.0 1.07130434783
642.5 1.07304347826
643.0 1.0747826087
643.5 1.07652173913
644.0 1.07826086957
644.5 1.08
645.0 1.08173913043
645.5 1.08347826087
646.0 1.0852173913
646.5 1.08684782608
647.0 1.08847826087
647.5 1.09010869565
648.0 1.09173913044
648.5 1.09336956522
649.0 1.095
649.5 1.09663043479
650.0 1.09826086957
650.5 1.0997826087
651.0 1.10130434783
651.5 1.10282608696
652.0 1.10434782609
652.5 1.10586956522
653.0 1.10739130435
653.5 1.10891304348
654.0 1.11043478261
654.5 1.11152173913
655.0 1.11260869565
655.5 1.11369565217
656.0 1.1147826087
656.5 1.11586956522
657.0 1.11695652174
657.5 1.11804347826
658.0 1.11913043478
658.5 1.11880434782
659.0 1.11847826087
659.5 1.11815217391
660.0 1.11782608696
660.5 1.1175
661.0 1.11717391304
661.5 1.11684782609
662.0 1.11652173913
662.5 1.11445652174
663.0 1.11239130435
663.5 1.11032608696
664.0 1.10826086957
664.5 1.10619565217
665.0 1.10413043478
665.5 1.10206521739
666.0 1.1
666.5 1.09858695652
667.0 1.09717391304
667.5 1.09576086956
668.0 1.09434782608
668.5 1.09293478261
669.0 1.09152173913
669.5 1.09010869565
670.0 1.08869565217
670.5 1.08836956521
671.0 1.08804347826
671.5 1.0877173913
672.0 1.08739130435
672.5 1.08706521739
673.0 1.08673913043
673.5 1.08641304348
674.0 1.08608695652
674.5 1.08597826087
675.0 1.08586956521
675.5 1.08576086956
676.0 1.08565217391
676.5 1.08554347826
677.0 1.08543478261
677.5 1.08532608695
678.0 1.0852173913
678.5 1.08554347826
679.0 1.08586956522
679.5 1.08619565217
680.0 1.08652173913
680.5 1.08684782609
681.0 1.08717391304
681.5 1.0875
682.0 1.08782608696
682.5 1.08793478261
683.0 1.08804347826
683.5 1.08815217391
684.0 1.08826086957
684.5 1.08836956522
685.0 1.08847826087
685.5 1.08858695652
686.0 1.08869565217
686.5 1.08869565217
687.0 1.08869565217
687.5 1.08869565217
688.0 1.08869565217
688.5 1.08869565217
689.0 1.08869565217
689.5 1.08869565217
690.0 1.08869565217
690.5 1.08847826087
691.0 1.08826086956
691.5 1.08804347826
692.0 1.08782608695
692.5 1.08760869565
693.0 1.08739130435
693.5 1.08717391304
694.0 1.08695652174
694.5 1.08717391304
695.0 1.08739130435
695.5 1.08760869565
696.0 1.08782608695
696.5 1.08804347826
697.0 1.08826086956
697.5 1.08847826087
698.0 1.08869565217
698.5 1.08804347826
699.0 1.08739130435
699.5 1.08673913043
700.0 1.08608695652
700.5 1.08543478261
701.0 1.08478260869
701.5 1.08413043478
702.0 1.08347826087
702.5 1.08260869565
703.0 1.08173913043
703.5 1.08086956522
704.0 1.08
704.5 1.07913043478
705.0 1.07826086957
705.5 1.07739130435
706.0 1.07652173913
706.5 1.07413043478
707.0 1.07173913043
707.5 1.06934782609
708.0 1.06695652174
708.5 1.06456521739
709.0 1.06217391305
709.5 1.0597826087
710.0 1.05739130435
710.5 1.05217391305
711.0 1.04695652174
711.5 1.04173913044
712.0 1.03652173913
712.5 1.03130434782
713.0 1.02608695652
713.5 1.02086956521
714.0 1.01565217391
714.5 1.01130434782
715.0 1.00695652174
715.5 1.00260869565
716.0 0.998260869564
716.5 0.993913043477
717.0 0.98956521739
717.5 0.985217391304
718.0 0.980869565217
718.5 0.98152173913
719.0 0.982173913043
719.5 0.982826086956
720.0 0.983478260869
720.5 0.984130434783
721.0 0.984782608696
721.5 0.985434782609
722.0 0.986086956522
722.5 0.990434782609
723.0 0.994782608696
723.5 0.999130434784
724.0 1.00347826087
724.5 1.00782608696
725.0 1.01217391305
725.5 1.01652173913
726.0 1.02086956522
726.5 1.02532608696
727.0 1.0297826087
727.5 1.03423913044
728.0 1.03869565217
728.5 1.04315217391
729.0 1.04760869565
729.5 1.05206521739
730.0 1.05652173913
730.5 1.05902173913
731.0 1.06152173913
731.5 1.06402173913
732.0 1.06652173913
732.5 1.06902173913
733.0 1.07152173913
733.5 1.07402173913
734.0 1.07652173913
734.5 1.07815217391
735.0 1.07978260869
735.5 1.08141304348
736.0 1.08304347826
736.5 1.08467391304
737.0 1.08630434782
737.5 1.08793478261
738.0 1.08956521739
738.5 1.09065217391
739.0 1.09173913043
739.5 1.09282608696
740.0 1.09391304348
740.5 1.095
741.0 1.09608695652
741.5 1.09717391305
742.0 1.09826086957
742.5 1.09880434783
743.0 1.09934782609
743.5 1.09989130435
744.0 1.10043478261
744.5 1.10097826087
745.0 1.10152173913
745.5 1.10206521739
746.0 1.10260869565
746.5 1.1025
747.0 1.10239130434
747.5 1.10228260869
748.0 1.10217391304
748.5 1.10206521739
749.0 1.10195652174
749.5 1.10184782608
750.0 1.10173913043
750.5 1.10065217391
751.0 1.09956521739
751.5 1.09847826087
752.0 1.09739130434
752.5 1.09630434782
753.0 1.0952173913
753.5 1.09413043478
754.0 1.09304347826
754.5 1.09097826087
755.0 1.08891304348
755.5 1.08684782609
756.0 1.08478260869
756.5 1.0827173913
757.0 1.08065217391
757.5 1.07858695652
758.0 1.07652173913
758.5 1.07391304348
759.0 1.07130434782
759.5 1.06869565217
760.0 1.06608695652
760.5 1.06347826087
761.0 1.06086956521
761.5 1.05826086956
762.0 1.05565217391
762.5 1.05358695652
763.0 1.05152173913
763.5 1.04945652174
764.0 1.04739130435
764.5 1.04532608695
765.0 1.04326086956
765.5 1.04119565217
766.0 1.03913043478
766.5 1.0377173913
767.0 1.03630434782
767.5 1.03489130435
768.0 1.03347826087
768.5 1.03206521739
769.0 1.03065217392
769.5 1.02923913044
770.0 1.02782608696
770.5 1.02597826087
771.0 1.02413043478
771.5 1.0222826087
772.0 1.02043478261
772.5 1.01858695652
773.0 1.01673913043
773.5 1.01489130435
774.0 1.01304347826
774.5 1.01097826087
775.0 1.00891304348
775.5 1.00684782609
776.0 1.0047826087
776.5 1.0027173913
777.0 1.00065217391
777.5 0.998586956521
778.0 0.99652173913
778.5 0.994347826087
779.0 0.992173913043
779.5 0.99
780.0 0.987826086956
780.5 0.985652173913
781.0 0.98347826087
781.5 0.981304347826
782.0 0.979130434783
782.5 0.977173913044
783.0 0.975217391305
783.5 0.973260869566
784.0 0.971304347826
784.5 0.969347826087
785.0 0.967391304348
785.5 0.965434782609
786.0 0.96347826087
786.5 0.961630434783
787.0 0.959782608696
787.5 0.957934782609
788.0 0.956086956522
788.5 0.954239130435
789.0 0.952391304348
789.5 0.950543478261
790.0 0.948695652174
790.5 0.947717391304
791.0 0.946739130435
791.5 0.945760869565
792.0 0.944782608696
792.5 0.943804347826
793.0 0.942826086956
793.5 0.941847826087
794.0 0.940869565217
794.5 0.94152173913
795.0 0.942173913043
795.5 0.942826086956
796.0 0.943478260869
796.5 0.944130434782
797.0 0.944782608696
797.5 0.945434782609
798.0 0.946086956522
798.5 0.946739130435
799.0 0.947391304348
799.5 0.948043478261
800.0 0.948695652174
800.5 0.950695652174
801.0 0.952695652174
801.5 0.954695652174
802.0 0.956695652174
802.5 0.958695652174
803.0 0.960695652174
803.5 0.962695652174
804.0 0.964695652174
804.5 0.966695652174
805.0 0.968695652174
805.5 0.970695652174
806.0 0.972695652174
806.5 0.974695652174
807.0 0.976695652174
807.5 0.978695652174
808.0 0.980695652174
808.5 0.982695652174
809.0 0.984695652174
809.5 0.986695652174
810.0 0.988695652174
810.5 0.989130434783
811.0 0.989565217391
811.5 0.99
812.0 0.990434782609
812.5 0.990869565218
813.0 0.991304347826
813.5 0.991739130435
814.0 0.992173913044
814.5 0.992608695652
815.0 0.993043478261
815.5 0.99347826087
816.0 0.993913043478
816.5 0.994347826087
817.0 0.994782608696
817.5 0.995217391305
818.0 0.995652173913
818.5 0.996086956522
819.0 0.996521739131
819.5 0.996956521739
820.0 0.997391304348
820.5 0.998086956522
821.0 0.998782608696
821.5 0.99947826087
822.0 1.00017391304
822.5 1.00086956522
823.0 1.00156521739
823.5 1.00226086957
824.0 1.00295652174
824.5 1.00365217391
825.0 1.00434782609
825.5 1.00504347826
826.0 1.00573913044
826.5 1.00643478261
827.0 1.00713043479
827.5 1.00782608696
828.0 1.00852173913
828.5 1.00921739131
829.0 1.00991304348
829.5 1.01060869566
830.0 1.01130434783
830.5 1.00947826087
831.0 1.00765217392
831.5 1.00582608696
832.0 1.004
832.5 1.00217391305
833.0 1.00034782609
833.5 0.998521739133
834.0 0.996695652176
834.5 0.99486956522
835.0 0.993043478263
835.5 0.991217391306
836.0 0.98939130435
836.5 0.987565217393
837.0 0.985739130436
837.5 0.983913043479
838.0 0.982086956523
838.5 0.980260869566
839.0 0.978434782609
839.5 0.976608695653
840.0 0.974782608696
840.5 0.971869565218
841.0 0.968956521739
841.5 0.966043478261
842.0 0.963130434783
842.5 0.960217391305
843.0 0.957304347826
843.5 0.954391304348
844.0 0.95147826087
844.5 0.948565217391
845.0 0.945652173913
845.5 0.942739130435
846.0 0.939826086956
846.5 0.936913043478
847.0 0.934
847.5 0.931086956521
848.0 0.928173913043
848.5 0.925260869565
849.0 0.922347826087
849.5 0.919434782608
850.0 0.91652173913
850.5 0.918391304347
851.0 0.920260869565
851.5 0.922130434782
852.0 0.924
852.5 0.925869565217
853.0 0.927739130434
853.5 0.929608695652
854.0 0.931478260869
854.5 0.933347826087
855.0 0.935217391304
855.5 0.937086956521
856.0 0.938956521739
856.5 0.940826086956
857.0 0.942695652174
857.5 0.944565217391
858.0 0.946434782608
858.5 0.948304347826
859.0 0.950173913043
859.5 0.952043478261
860.0 0.953913043478
860.5 0.955826086956
861.0 0.957739130434
861.5 0.959652173913
862.0 0.961565217391
862.5 0.963478260869
863.0 0.965391304347
863.5 0.967304347826
864.0 0.969217391304
864.5 0.971130434782
865.0 0.97304347826
865.5 0.974956521739
866.0 0.976869565217
866.5 0.978782608695
867.0 0.980695652173
867.5 0.982608695652
868.0 0.98452173913
868.5 0.986434782608
869.0 0.988347826086
869.5 0.990260869565
870.0 0.992173913043
870.5 0.99304347826
871.0 0.993913043478
871.5 0.994782608695
872.0 0.995652173912
872.5 0.99652173913
873.0 0.997391304347
873.5 0.998260869564
874.0 0.999130434782
874.5 0.999999999999
875.0 1.00086956522
875.5 1.00173913043
876.0 1.00260869565
876.5 1.00347826087
877.0 1.00434782609
877.5 1.0052173913
878.0 1.00608695652
878.5 1.00695652174
879.0 1.00782608696
879.5 1.00869565217
880.0 1.00956521739
880.5 1.00834782609
881.0 1.00713043478
881.5 1.00591304348
882.0 1.00469565217
882.5 1.00347826087
883.0 1.00226086956
883.5 1.00104347826
884.0 0.999826086956
884.5 0.998608695651
885.0 0.997391304347
885.5 0.996173913043
886.0 0.994956521738
886.5 0.993739130434
887.0 0.99252173913
887.5 0.991304347826
888.0 0.990086956521
888.5 0.988869565217
889.0 0.987652173913
889.5 0.986434782608
890.0 0.985217391304
890.5 0.985
891.0 0.984782608695
891.5 0.984565217391
892.0 0.984347826087
892.5 0.984130434782
893.0 0.983913043478
893.5 0.983695652174
894.0 0.983478260869
894.5 0.983260869565
895.0 0.98304347826
895.5 0.982826086956
896.0 0.982608695652
896.5 0.982391304347
897.0 0.982173913043
897.5 0.981956521739
898.0 0.981739130434
898.5 0.98152173913
899.0 0.981304347826
899.5 0.981086956521
900.0 0.980869565217
900.5 0.982391304348
901.0 0.983913043478
901.5 0.985434782609
902.0 0.98695652174
902.5 0.98847826087
903.0 0.990000000001
903.5 0.991521739132
904.0 0.993043478262
904.5 0.994565217393
905.0 0.996086956523
905.5 0.997608695654
906.0 0.999130434785
906.5 1.00065217392
907.0 1.00217391305
907.5 1.00369565218
908.0 1.00521739131
908.5 1.00673913044
909.0 1.00826086957
909.5 1.0097826087
910.0 1.01130434783
910.5 1.01034782609
911.0 1.00939130435
911.5 1.00843478261
912.0 1.00747826087
912.5 1.00652173913
913.0 1.00556521739
913.5 1.00460869565
914.0 1.00365217392
914.5 1.00269565218
915.0 1.00173913044
915.5 1.0007826087
916.0 0.999826086958
916.5 0.998869565218
917.0 0.997913043479
917.5 0.99695652174
918.0 0.996
918.5 0.995043478261
919.0 0.994086956522
919.5 0.993130434782
920.0 0.992173913043
920.5 0.990434782608
921.0 0.988695652173
921.5 0.986956521739
922.0 0.985217391304
922.5 0.983478260869
923.0 0.981739130435
923.5 0.98
924.0 0.978260869565
924.5 0.97652173913
925.0 0.974782608696
925.5 0.973043478261
926.0 0.971304347826
926.5 0.969565217391
927.0 0.967826086956
927.5 0.966086956522
928.0 0.964347826087
928.5 0.962608695652
929.0 0.960869565217
929.5 0.959130434783
930.0 0.957391304348
930.5 0.955130434783
931.0 0.952869565217
931.5 0.950608695652
932.0 0.948347826087
932.5 0.946086956522
933.0 0.943826086957
933.5 0.941565217391
934.0 0.939304347826
934.5 0.937043478261
935.0 0.934782608696
935.5 0.93252173913
936.0 0.930260869565
936.5 0.928
937.0 0.925739130434
937.5 0.923478260869
938.0 0.921217391304
938.5 0.918956521739
939.0 0.916695652174
939.5 0.914434782608
940.0 0.912173913043
940.5 0.913173913043
941.0 0.914173913043
941.5 0.915173913043
942.0 0.916173913043
942.5 0.917173913043
943.0 0.918173913043
943.5 0.919173913043
944.0 0.920173913043
944.5 0.921173913043
945.0 0.922173913043
945.5 0.923173913043
946.0 0.924173913043
946.5 0.925173913043
947.0 0.926173913043
947.5 0.927173913043
948.0 0.928173913043
948.5 0.929173913043
949.0 0.930173913043
949.5 0.931173913043
950.0 0.932173913043
950.5 0.932130434782
951.0 0.932086956521
951.5 0.93204347826
952.0 0.932
952.5 0.931956521739
953.0 0.931913043478
953.5 0.931869565217
954.0 0.931826086956
954.5 0.931782608695
955.0 0.931739130434
955.5 0.931695652174
956.0 0.931652173913
956.5 0.931608695652
957.0 0.931565217391
957.5 0.93152173913
958.0 0.931478260869
958.5 0.931434782609
959.0 0.931391304348
959.5 0.931347826087
960.0 0.931304347826
960.5 0.930782608696
961.0 0.930260869565
961.5 0.929739130435
962.0 0.929217391304
962.5 0.928695652174
963.0 0.928173913043
963.5 0.927652173913
964.0 0.927130434782
964.5 0.926608695652
965.0 0.926086956521
965.5 0.925565217391
966.0 0.925043478261
966.5 0.92452173913
967.0 0.924
967.5 0.923478260869
968.0 0.922956521739
968.5 0.922434782608
969.0 0.921913043478
969.5 0.921391304347
970.0 0.920869565217
970.5 0.921043478261
971.0 0.921217391304
971.5 0.921391304348
972.0 0.921565217391
972.5 0.921739130434
973.0 0.921913043478
973.5 0.922086956521
974.0 0.922260869565
974.5 0.922434782608
975.0 0.922608695652
975.5 0.922782608695
976.0 0.922956521739
976.5 0.923130434783
977.0 0.923304347826
977.5 0.92347826087
978.0 0.923652173913
978.5 0.923826086956
979.0 0.924
979.5 0.924173913043
980.0 0.924347826087
980.5 0.925260869565
981.0 0.926173913043
981.5 0.927086956522
982.0 0.928
982.5 0.928913043478
983.0 0.929826086956
983.5 0.930739130435
984.0 0.931652173913
984.5 0.932565217391
985.0 0.93347826087
985.5 0.934391304348
986.0 0.935304347826
986.5 0.936217391304
987.0 0.937130434783
987.5 0.938043478261
988.0 0.938956521739
988.5 0.939869565217
989.0 0.940782608696
989.5 0.941695652174
990.0 0.942608695652
990.5 0.945217391304
991.0 0.947826086956
991.5 0.950434782609
992.0 0.953043478261
992.5 0.955652173913
993.0 0.958260869565
993.5 0.960869565217
994.0 0.96347826087
994.5 0.966086956522
995.0 0.968695652174
995.5 0.971304347826
996.0 0.973913043478
996.5 0.976521739131
997.0 0.979130434783
997.5 0.981739130435
998.0 0.984347826087
998.5 0.986956521739
999.0 0.989565217392
999.5 0.992173913044
1000.0 0.994782608696
1000.5 0.994116884058
1001.0 0.993451159421
1001.5 0.992785434783
1002.0 0.992119710145
1002.5 0.991453985508
1003.0 0.99078826087
1003.5 0.990122536232
1004.0 0.989456811595
1004.5 0.988791086957
1005.0 0.988125362319
1005.5 0.987459637681
1006.0 0.986793913044
1006.5 0.986128188406
1007.0 0.985462463768
1007.5 0.984796739131
1008.0 0.984131014493
1008.5 0.983465289855
1009.0 0.982799565218
1009.5 0.98213384058
1010.0 0.981468115942
1010.5 0.980802391305
1011.0 0.980136666667
1011.5 0.979470942029
1012.0 0.978805217392
1012.5 0.978139492754
1013.0 0.977473768116
1013.5 0.976808043479
1014.0 0.976142318841
1014.5 0.975476594203
1015.0 0.974810869566
1015.5 0.974145144928
1016.0 0.97347942029
1016.5 0.972813695652
1017.0 0.972147971015
1017.5 0.971482246377
1018.0 0.970816521739
1018.5 0.970150797102
1019.0 0.969485072464
1019.5 0.968819347826
1020.0 0.968153623189
1020.5 0.967487898551
1021.0 0.966822173913
1021.5 0.966156449276
1022.0 0.965490724638
1022.5 0.964825
1023.0 0.964159275363
1023.5 0.963493550725
1024.0 0.962827826087
1024.5 0.96216210145
1025.0 0.961496376812
1025.5 0.960830652174
1026.0 0.960164927536
1026.5 0.959499202899
1027.0 0.958833478261
1027.5 0.958167753623
1028.0 0.957502028986
1028.5 0.956836304348
1029.0 0.95617057971
1029.5 0.955504855073
1030.0 0.954839130435
1030.5 0.954173405797
1031.0 0.95350768116
1031.5 0.952841956522
1032.0 0.952176231884
1032.5 0.951510507247
1033.0 0.950844782609
1033.5 0.950179057971
1034.0 0.949513333334
1034.5 0.948847608696
1035.0 0.948181884058
1035.5 0.94751615942
1036.0 0.946850434783
1036.5 0.946184710145
1037.0 0.945518985507
1037.5 0.94485326087
1038.0 0.944187536232
1038.5 0.943521811594
1039.0 0.942856086957
1039.5 0.942190362319
1040.0 0.941524637681
1040.5 0.940858913044
1041.0 0.940193188406
1041.5 0.939527463768
1042.0 0.938861739131
1042.5 0.938196014493
1043.0 0.937530289855
1043.5 0.936864565218
1044.0 0.93619884058
1044.5 0.935533115942
1045.0 0.934867391305
1045.5 0.934201666667
1046.0 0.933535942029
1046.5 0.932870217391
1047.0 0.932204492754
1047.5 0.931538768116
1048.0 0.930873043478
1048.5 0.930207318841
1049.0 0.929541594203
1049.5 0.928875869565
1050.0 0.928210144928
1050.5 0.92754442029
1051.0 0.926878695652
1051.5 0.926212971015
1052.0 0.925547246377
1052.5 0.924881521739
1053.0 0.924215797102
1053.5 0.923550072464
1054.0 0.922884347826
1054.5 0.922218623189
1055.0 0.921552898551
1055.5 0.920887173913
1056.0 0.920221449275
1056.5 0.919555724638
1057.0 0.91889
1057.5 0.918224275362
1058.0 0.917558550725
1058.5 0.916892826087
1059.0 0.916227101449
1059.5 0.915561376812
1060.0 0.914895652174
1060.5 0.914229956522
1061.0 0.91356426087
1061.5 0.912898565217
1062.0 0.912232869565
1062.5 0.911567173913
1063.0 0.910901478261
1063.5 0.910235782609
1064.0 0.909570086957
1064.5 0.908904391304
1065.0 0.908238695652
1065.5 0.907573
1066.0 0.906907304348
1066.5 0.906241608696
1067.0 0.905575913044
1067.5 0.904910217391
1068.0 0.904244521739
1068.5 0.903578826087
1069.0 0.902913130435
1069.5 0.902247434783
1070.0 0.90158173913
1070.5 0.900916043478
1071.0 0.900250347826
1071.5 0.899584652174
1072.0 0.898918956522
1072.5 0.89825326087
1073.0 0.897587565217
1073.5 0.896921869565
1074.0 0.896256173913
1074.5 0.895590478261
1075.0 0.894924782609
1075.5 0.894259086957
1076.0 0.893593391304
1076.5 0.892927695652
1077.0 0.892262
1077.5 0.891596304348
1078.0 0.890930608696
1078.5 0.890264913044
1079.0 0.889599217391
1079.5 0.888933521739
1080.0 0.888267826087
1080.5 0.887602130435
1081.0 0.886936434783
1081.5 0.88627073913
1082.0 0.885605043478
1082.5 0.884939347826
1083.0 0.884273652174
1083.5 0.883607956522
1084.0 0.88294226087
1084.5 0.882276565217
1085.0 0.881610869565
1085.5 0.880945173913
1086.0 0.880279478261
1086.5 0.879613782609
1087.0 0.878948086957
1087.5 0.878282391304
1088.0 0.877616695652
1088.5 0.876951
1089.0 0.876285304348
1089.5 0.875619608696
1090.0 0.874953913044
1090.5 0.874288217391
1091.0 0.873622521739
1091.5 0.872956826087
1092.0 0.872291130435
1092.5 0.871625434783
1093.0 0.87095973913
1093.5 0.870294043478
1094.0 0.869628347826
1094.5 0.868962652174
1095.0 0.868296956522
1095.5 0.86763126087
1096.0 0.866965565217
1096.5 0.866299869565
1097.0 0.865634173913
1097.5 0.864968478261
1098.0 0.864302782609
1098.5 0.863637086957
1099.0 0.862971391304
1099.5 0.862305695652
1100.0 0.86164
1100.5 0.860974304348
1101.0 0.860308608696
1101.5 0.859642913043
1102.0 0.858977217391
1102.5 0.858311521739
1103.0 0.857645826087
1103.5 0.856980130435
1104.0 0.856314434783
1104.5 0.85564873913
1105.0 0.854983043478
1105.5 0.854317347826
1106.0 0.853651652174
1106.5 0.852985956522
1107.0 0.85232026087
1107.5 0.851654565217
1108.0 0.850988869565
1108.5 0.850323173913
1109.0 0.849657478261
1109.5 0.848991782609
1110.0 0.848326086957
1110.5 0.847660391304
1111.0 0.846994695652
1111.5 0.846329
1112.0 0.845663304348
1112.5 0.844997608696
1113.0 0.844331913043
1113.5 0.843666217391
1114.0 0.843000521739
1114.5 0.842334826087
1115.0 0.841669130435
1115.5 0.841003434783
1116.0 0.84033773913
1116.5 0.839672043478
1117.0 0.839006347826
1117.5 0.838340652174
1118.0 0.837674956522
1118.5 0.83700926087
1119.0 0.836343565217
1119.5 0.835677869565
1120.0 0.835012173913
1120.5 0.834346471014
1121.0 0.833680768116
1121.5 0.833015065217
1122.0 0.832349362319
1122.5 0.83168365942
1123.0 0.831017956522
1123.5 0.830352253623
1124.0 0.829686550725
1124.5 0.829020847826
1125.0 0.828355144927
1125.5 0.827689442029
1126.0 0.82702373913
1126.5 0.826358036232
1127.0 0.825692333333
1127.5 0.825026630435
1128.0 0.824360927536
1128.5 0.823695224638
1129.0 0.823029521739
1129.5 0.822363818841
1130.0 0.821698115942
1130.5 0.821032413043
1131.0 0.820366710145
1131.5 0.819701007246
1132.0 0.819035304348
1132.5 0.818369601449
1133.0 0.817703898551
1133.5 0.817038195652
1134.0 0.816372492754
1134.5 0.815706789855
1135.0 0.815041086957
1135.5 0.814375384058
1136.0 0.813709681159
1136.5 0.813043978261
1137.0 0.812378275362
1137.5 0.811712572464
1138.0 0.811046869565
1138.5 0.810381166667
1139.0 0.809715463768
1139.5 0.80904976087
1140.0 0.808384057971
1140.5 0.807718355072
1141.0 0.807052652174
1141.5 0.806386949275
1142.0 0.805721246377
1142.5 0.805055543478
1143.0 0.80438984058
1143.5 0.803724137681
1144.0 0.803058434783
1144.5 0.802392731884
1145.0 0.801727028985
1145.5 0.801061326087
1146.0 0.800395623188
1146.5 0.79972992029
1147.0 0.799064217391
1147.5 0.798398514493
1148.0 0.797732811594
1148.5 0.797067108696
1149.0 0.796401405797
1149.5 0.795735702899
1150.0 0.79507
1150.5 0.794404297101
1151.0 0.793738594203
1151.5 0.793072891304
1152.0 0.792407188406
1152.5 0.791741485507
1153.0 0.791075782609
1153.5 0.79041007971
1154.0 0.789744376812
1154.5 0.789078673913
1155.0 0.788412971015
1155.5 0.787747268116
1156.0 0.787081565217
1156.5 0.786415862319
1157.0 0.78575015942
1157.5 0.785084456522
1158.0 0.784418753623
1158.5 0.783753050725
1159.0 0.783087347826
1159.5 0.782421644928
1160.0 0.781755942029
1160.5 0.78109023913
1161.0 0.780424536232
1161.5 0.779758833333
1162.0 0.779093130435
1162.5 0.778427427536
1163.0 0.777761724638
1163.5 0.777096021739
1164.0 0.776430318841
1164.5 0.775764615942
1165.0 0.775098913043
1165.5 0.774433210145
1166.0 0.773767507246
1166.5 0.773101804348
1167.0 0.772436101449
1167.5 0.771770398551
1168.0 0.771104695652
1168.5 0.770438992754
1169.0 0.769773289855
1169.5 0.769107586957
1170.0 0.768441884058
1170.5 0.767776181159
1171.0 0.767110478261
1171.5 0.766444775362
1172.0 0.765779072464
1172.5 0.765113369565
1173.0 0.764447666667
1173.5 0.763781963768
1174.0 0.76311626087
1174.5 0.762450557971
1175.0 0.761784855073
1175.5 0.761119152174
1176.0 0.760453449275
1176.5 0.759787746377
1177.0 0.759122043478
1177.5 0.75845634058
1178.0 0.757790637681
1178.5 0.757124934783
1179.0 0.756459231884
1179.5 0.755793528986
1180.0 0.755127826087
1180.5 0.754462108696
1181.0 0.753796391304
1181.5 0.753130673913
1182.0 0.752464956522
1182.5 0.751799239131
1183.0 0.751133521739
1183.5 0.750467804348
1184.0 0.749802086957
1184.5 0.749136369565
1185.0 0.748470652174
1185.5 0.747804934783
1186.0 0.747139217391
1186.5 0.7464735
1187.0 0.745807782609
1187.5 0.745142065218
1188.0 0.744476347826
1188.5 0.743810630435
1189.0 0.743144913044
1189.5 0.742479195652
1190.0 0.741813478261
1190.5 0.74114776087
1191.0 0.740482043478
1191.5 0.739816326087
1192.0 0.739150608696
1192.5 0.738484891305
1193.0 0.737819173913
1193.5 0.737153456522
1194.0 0.736487739131
1194.5 0.735822021739
1195.0 0.735156304348
1195.5 0.734490586957
1196.0 0.733824869565
1196.5 0.733159152174
1197.0 0.732493434783
1197.5 0.731827717391
1198.0 0.731162
1198.5 0.730496282609
1199.0 0.729830565218
1199.5 0.729164847826
1200.0 0.728499130435
1200.5 0.728160005435
1201.0 0.727820880435
1201.5 0.727481755435
1202.0 0.727142630435
1202.5 0.726803505435
1203.0 0.726464380435
1203.5 0.726125255435
1204.0 0.725786130435
1204.5 0.725447005435
1205.0 0.725107880435
1205.5 0.724768755435
1206.0 0.724429630435
1206.5 0.724090505435
1207.0 0.723751380435
1207.5 0.723412255435
1208.0 0.723073130435
1208.5 0.722734005435
1209.0 0.722394880435
1209.5 0.722055755435
1210.0 0.721716630435
1210.5 0.721377505435
1211.0 0.721038380435
1211.5 0.720699255435
1212.0 0.720360130435
1212.5 0.720021005435
1213.0 0.719681880435
1213.5 0.719342755435
1214.0 0.719003630435
1214.5 0.718664505435
1215.0 0.718325380435
1215.5 0.717986255435
1216.0 0.717647130435
1216.5 0.717308005435
1217.0 0.716968880435
1217.5 0.716629755435
1218.0 0.716290630435
1218.5 0.715951505435
1219.0 0.715612380435
1219.5 0.715273255435
1220.0 0.714934130435
1220.5 0.714595005435
1221.0 0.714255880435
1221.5 0.713916755435
1222.0 0.713577630435
1222.5 0.713238505435
1223.0 0.712899380435
1223.5 0.712560255435
1224.0 0.712221130435
1224.5 0.711882005435
1225.0 0.711542880435
1225.5 0.711203755435
1226.0 0.710864630435
1226.5 0.710525505435
1227.0 0.710186380435
1227.5 0.709847255435
1228.0 0.709508130435
1228.5 0.709169005435
1229.0 0.708829880435
1229.5 0.708490755435
1230.0 0.708151630435
1230.5 0.707812505435
1231.0 0.707473380435
1231.5 0.707134255435
1232.0 0.706795130435
1232.5 0.706456005435
1233.0 0.706116880435
1233.5 0.705777755435
1234.0 0.705438630435
1234.5 0.705099505435
1235.0 0.704760380435
1235.5 0.704421255435
1236.0 0.704082130435
1236.5 0.703743005435
1237.0 0.703403880435
1237.5 0.703064755435
1238.0 0.702725630435
1238.5 0.702386505435
1239.0 0.702047380435
1239.5 0.701708255435
1240.0 0.701369130435
1240.5 0.701030005435
1241.0 0.700690880435
1241.5 0.700351755435
1242.0 0.700012630435
1242.5 0.699673505435
1243.0 0.699334380435
1243.5 0.698995255435
1244.0 0.698656130435
1244.5 0.698317005435
1245.0 0.697977880435
1245.5 0.697638755435
1246.0 0.697299630435
1246.5 0.696960505435
1247.0 0.696621380435
1247.5 0.696282255435
1248.0 0.695943130435
1248.5 0.695604005435
1249.0 0.695264880435
1249.5 0.694925755435
1250.0 0.694586630435
1250.5 0.694247505435
1251.0 0.693908380435
1251.5 0.693569255435
1252.0 0.693230130435
1252.5 0.692891005435
1253.0 0.692551880435
1253.5 0.692212755435
1254.0 0.691873630435
1254.5 0.691534505435
1255.0 0.691195380435
1255.5 0.690856255435
1256.0 0.690517130435
1256.5 0.690178005435
1257.0 0.689838880435
1257.5 0.689499755435
1258.0 0.689160630435
1258.5 0.688821505435
1259.0 0.688482380435
1259.5 0.688143255435
1260.0 0.687804130435
1260.5 0.687465005435
1261.0 0.687125880435
1261.5 0.686786755435
1262.0 0.686447630435
1262.5 0.686108505435
1263.0 0.685769380435
1263.5 0.685430255435
1264.0 0.685091130435
1264.5 0.684752005435
1265.0 0.684412880435
1265.5 0.684073755435
1266.0 0.683734630435
1266.5 0.683395505435
1267.0 0.683056380435
1267.5 0.682717255435
1268.0 0.682378130435
1268.5 0.682039005435
1269.0 0.681699880435
1269.5 0.681360755435
1270.0 0.681021630435
1270.5 0.680682505435
1271.0 0.680343380435
1271.5 0.680004255435
1272.0 0.679665130435
1272.5 0.679326005435
1273.0 0.678986880435
1273.5 0.678647755435
1274.0 0.678308630435
1274.5 0.677969505435
1275.0 0.677630380435
1275.5 0.677291255435
1276.0 0.676952130435
1276.5 0.676613005435
1277.0 0.676273880435
1277.5 0.675934755435
1278.0 0.675595630435
1278.5 0.675256505435
1279.0 0.674917380435
1279.5 0.674578255435
