123.5   0.165564827798
124.0   0.178235974783
124.5   0.158905058313
125.0   0.107543577642
125.5   0.0919314386037
126.0   0.0710971077442
126.5   0.100710238608
127.0   0.103780054037
127.5   0.138761870561
128.0   0.1567290263
128.5   0.134475073247
129.0   0.100367089618
129.5   0.108310817743
130.0   0.0873929796961
130.5   0.0522863299018
131.0   0.0913029971385
131.5   0.10438512489
132.0   0.0928890636935
132.5   0.0819097210347
133.0   0.0818644048474
133.5   0.0780396046376
134.0   0.082745077921
134.5   0.0987565124206
135.0   0.102830409157
135.5   0.0921266687187
136.0   0.0776642498033
136.5   0.0698017488058
137.0   0.0944996408906
137.5   0.0743476179076
138.0   0.08642480933
138.5   0.0774516342328
139.0   0.078288131149
139.5   0.0716067010956
140.0   0.0619745887342
140.5   0.0327356726746
141.0   0.084326869364
141.5   0.0596990891161
142.0   0.0743872339455
142.5   0.0913400481093
143.0   0.0856219432949
143.5   0.0947473123796
144.0   0.103371923344
144.5   0.12104694643
145.0   0.0949989739731
145.5   0.0864436198228
146.0   0.14274655996
146.5   0.139074238745
147.0   0.112478766944
147.5   0.109411801589
148.0   0.0832754768175
148.5   0.123458964625
149.0   0.118478459136
149.5   0.115882041109
150.0   0.0928143917371
150.5   0.0749056625284
151.0   0.0674347617908
151.5   0.116200679458
152.0   0.104022595392
152.5   0.0951488879009
153.0   0.117644242279
153.5   0.110643318855
154.0   0.103857861076
154.5   0.104673837455
155.0   0.0954646761745
155.5   0.047601947171
156.0   0.133167743995
156.5   0.0649047505045
157.0   0.0653698826909
157.5   0.0704780715255
158.0   0.0246271532314
158.5   0.090426029162
159.0   0.0773840874631
159.5   0.0991181868965
160.0   0.11042443312
160.5   0.0752613518474
161.0   0.100047596247
161.5   0.0878216309267
162.0   0.0909148169682
162.5   0.0828080645713
163.0   0.0830340754928
163.5   0.0895014649384
164.0   0.0826547305539
164.5   0.0795330437657
165.0   0.101977951822
165.5   0.123600328329
166.0   0.0923495445581
166.5   0.0669870150598
167.0   0.0824529452672
167.5   0.0852799343343
168.0   0.0975056146471
168.5   0.0916663816592
169.0   0.0526514244673
169.5   0.0802524026129
170.0   0.0901806377327
170.5   0.102624918773
171.0   0.087298357217
171.5   0.101859388716
172.0   0.0957365732982
172.5   0.0782963963656
173.0   0.116253975854
173.5   0.115262149868
174.0   0.126994197248
174.5   0.124335362586
175.0   0.111140941893
175.5   0.099926183066
176.0   0.10026106684
176.5   0.105840658025
177.0   0.107575783486
177.5   0.11349196849
178.0   0.0918915375583
178.5   0.0857815474765
179.0   0.101696364445
179.5   0.096073167117
180.0   0.102936146927
180.5   0.102919331486
181.0   0.0962062656042
181.5   0.111600658937
182.0   0.110995873092
182.5   0.10291106627
183.0   0.102075994391
183.5   0.0959243932191
184.0   0.0880362415495
184.5   0.0926792981976
185.0   0.0935973072494
185.5   0.0941493667134
186.0   0.0917350684588
186.5   0.0821382970234
187.0   0.0921494693161
187.5   0.105107333812
188.0   0.0946199140417
188.5   0.10108359839
189.0   0.088805761711
189.5   0.100065836725
190.0   0.0919873000673
190.5   0.118636353272
191.0   0.105438227482
191.5   0.0774177183442
192.0   0.0744391053046
192.5   0.0832033699283
193.0   0.0811427659405
193.5   0.0809090598174
194.0   0.0778851305904
194.5   0.0869928292121
195.0   0.0944511896212
195.5   0.100340013908
196.0   0.100147063853
196.5   0.101356635544
197.0   0.0903767228701
197.5   0.0787196324544
198.0   0.140256734726
198.5   0.104001789847
199.0   0.115333401735
199.5   0.116112327143
200.0   0.131746126749
200.5   0.13721028991
201.0   0.0860152535996
201.5   0.104067626572
202.0   0.112835596293
202.5   0.11654810356
203.0   0.0573671580195
203.5   0.105550805431
204.0   0.105434807392
204.5   0.112457106376
205.0   0.0876132904682
205.5   0.105879989056
206.0   0.12102785093
206.5   0.105391201249
207.0   0.117385455499
207.5   0.106468529475
208.0   0.120994220049
208.5   0.137262446276
209.0   0.114614612903
209.5   0.0964109009656
210.0   0.0271961535392
210.5   0.113301583501
211.0   0.119248834319
211.5   0.0931857564668
212.0   0.130134694529
212.5   0.122794042204
213.0   0.126847418402
213.5   0.0965474195424
214.0   0.11978436335
214.5   0.0793318284939
215.0   0.119114310795
215.5   0.122053022789
216.0   0.0610146835847
216.5   0.0829719438649
217.0   0.0829249176328
217.5   0.113521039251
218.0   0.133224460481
218.5   0.114175986411
219.0   0.121631211738
219.5   0.128132802079
220.0   0.122797177286
220.5   0.135443813628
221.0   0.113637892313
221.5   0.0550719928862
222.0   0.0225699978339
222.5   0.102325090917
223.0   0.110818028432
223.5   0.122031077214
224.0   0.106851864519
224.5   0.121130453618
225.0   0.15188589441
225.5   0.141443790827
226.0   0.130776816353
226.5   0.135983902778
227.0   0.142703238825
227.5   0.110522190681
228.0   0.0404921508944
228.5   0.0985920631121
229.0   0.127103925123
229.5   0.112386424524
230.0   0.0959625842197
230.5   0.122131114835
231.0   0.142952905366
231.5   0.124404904408
232.0   0.101289943797
232.5   0.126365755783
233.0   0.140972958492
233.5   0.0895715767753
234.0   0.116220629981
234.5   0.109836462715
235.0   0.11572671204
235.5   0.116739058563
236.0   0.111276605447
236.5   0.100133383495
237.0   0.0864801007786
237.5   0.0766633035786
238.0   0.0673689250658
238.5   0.0837300637277
239.0   0.0806320325593
239.5   0.0959223981668
240.0   0.0799628350263
240.5   0.0715516946544
241.0   0.0835279934334
241.5   0.104920938929
242.0   0.119995838891
242.5   0.136072825108
243.0   0.117461267485
243.5   0.113450357399
244.0   0.11796487568
244.5   0.126085308435
245.0   0.124282351198
245.5   0.150906608753
246.0   0.128686571588
246.5   0.0923692100733
247.0   0.0947923435594
247.5   0.103299816455
248.0   0.112027885131
248.5   0.0933627461039
249.0   0.104467207041
249.5   0.114452728661
250.0   0.116860186737
250.5   0.124044369962
251.0   0.116156218293
251.5   0.0980055177446
252.0   0.098371182325
252.5   0.0998170252061
253.0   0.0896180329925
253.5   0.0976546735524
254.0   0.097971601856
254.5   0.0929352349032
255.0   0.0996007045385
255.5   0.11181526956
256.0   0.131441453766
256.5   0.131263894114
257.0   0.119554077317
257.5   0.122473123796
258.0   0.111812419485
258.5   0.111601228952
259.0   0.112246770865
259.5   0.100631006532
260.0   0.0983985430418
260.5   0.109202891116
261.0   0.106505010431
261.5   0.110151395967
262.0   0.114242393151
262.5   0.119320941209
263.0   0.116814585542
263.5   0.129505113034
264.0   0.152794213208
264.5   0.162384429472
265.0   0.159244787213
265.5   0.15460344061
266.0   0.157419884401
266.5   0.156349396354
267.0   0.162119657535
267.5   0.168157825735
268.0   0.180510049363
268.5   0.159209446287
269.0   0.147034497304
269.5   0.153563448362
270.0   0.158522293284
270.5   0.156389582407
271.0   0.155321944435
271.5   0.143125334884
272.0   0.13909846438
272.5   0.142069952233
273.0   0.141639020942
273.5   0.142226991347
274.0   0.134691963929
274.5   0.115862090587
275.0   0.125831366782
275.5   0.131998643364
276.0   0.135574917063
276.5   0.138656132791
277.0   0.158812145878
277.5   0.165978373633
278.0   0.143937606165
278.5   0.125762394975
279.0   0.104525918579
279.5   0.0909182370578
280.0   0.0860468894285
280.5   0.099178893487
281.0   0.124095956314
281.5   0.141122017397
282.0   0.152908501203
282.5   0.163214371217
283.0   0.168447108314
283.5   0.164448453549
284.0   0.167354674692
284.5   0.158122997823
285.0   0.141280196541
285.5   0.13876871074
286.0   0.155836382913
286.5   0.176742535654
287.0   0.183634301219
287.5   0.178431204898
288.0   0.179544444064
288.5   0.180349590159
289.0   0.180964351266
289.5   0.191554373725
290.0   0.210065893726
290.5   0.222000866423
291.0   0.226401951731
291.5   0.224389514005
292.0   0.225398725447
292.5   0.217688703444
293.0   0.220926958286
293.5   0.224633765405
294.0   0.221406055839
294.5   0.225216890683
295.0   0.223929796961
295.5   0.237598755087
296.0   0.237005369541
296.5   0.228047584847
297.0   0.223905001311
297.5   0.227142401131
298.0   0.223162841866
298.5   0.219098635384
299.0   0.222768391532
299.5   0.217841182439
300.0   0.202699590729
300.5   0.209047277039
301.0   0.216617075367
301.5   0.215831879795
302.0   0.224427419998
302.5   0.230897944526
303.0   0.233744599108
303.5   0.228781479075
304.0   0.256084909425
304.5   0.246768585337
305.0   0.244804313873
305.5   0.242772210632
306.0   0.249450505603
306.5   0.256609323164
307.0   0.267606336286
307.5   0.285685784968
308.0   0.30221906814
308.5   0.27093550851
309.0   0.264039182827
309.5   0.271780555651
310.0   0.270435035398
310.5   0.298023758222
311.0   0.315252459614
311.5   0.322172440918
312.0   0.313807471756
312.5   0.297750151054
313.0   0.2966984735
313.5   0.307651310464
314.0   0.316611945233
314.5   0.301805807312
315.0   0.299924758029
315.5   0.278328602209
316.0   0.290077750037
316.5   0.295176533625
317.0   0.289134375321
317.5   0.284831617588
318.0   0.336562467937
318.5   0.278511577003
319.0   0.270572408997
319.5   0.259590786279
320.0   0.241951959141
320.5   0.369999543988
321.0   0.279615125916
321.5   0.292374910223
322.0   0.271404060786
322.5   0.251728285281
323.0   0.24856755247
323.5   0.254116647856
324.0   0.256843029287
324.5   0.249818450243
325.0   0.26101069348
325.5   0.2671984906
326.0   0.30890534332
326.5   0.316093231643
327.0   0.307999019574
327.5   0.293685944572
328.0   0.278071240467
328.5   0.297690299486
329.0   0.335673244639
329.5   0.356735296465
330.0   0.324788809467
330.5   0.317857427865
331.0   0.300312368184
331.5   0.329511383198
332.0   0.333766544683
332.5   0.320795854851
333.0   0.319020258331
333.5   0.312869797189
334.0   0.316024829851
334.5   0.330186850895
335.0   0.324634905435
335.5   0.309945620575
336.0   0.284613586876
336.5   0.294657820035
337.0   0.305034941915
337.5   0.316101781867
338.0   0.305089093334
338.5   0.310566936854
339.0   0.326789561887
339.5   0.348646784546
340.0   0.329340378718
340.5   0.317843177491
341.0   0.324096241322
341.5   0.327969492801
342.0   0.305185995873
342.5   0.300771230206
343.0   0.308663086973
343.5   0.30399466466
344.0   0.301928360523
344.5   0.295635395647
345.0   0.298684975546
345.5   0.32089845754
346.0   0.305841513048
346.5   0.291166478562
347.0   0.295629695498
347.5   0.296293762897
348.0   0.304208420261
348.5   0.299762303772
349.0   0.297160185597
349.5   0.301241492527
350.0   0.320057685511
350.5   0.32002633469
351.0   0.328679161394
351.5   0.328981269309
352.0   0.311937822771
352.5   0.308546233911
353.0   0.326895014649
353.5   0.333552789083
354.0   0.338660122895
354.5   0.341521597866
355.0   0.341196689353
355.5   0.337078331452
356.0   0.331440883751
356.5   0.320308492082
357.0   0.297721650307
357.5   0.284854988201
358.0   0.27888436677
358.5   0.277924746628
359.0   0.297123134626
359.5   0.308848341827
360.0   0.314728045875
360.5   0.312419485391
361.0   0.318447393322
361.5   0.329588335214
362.0   0.358171734099
362.5   0.350154474047
363.0   0.354871347629
363.5   0.355099353603
364.0   0.35686069975
364.5   0.357444965058
365.0   0.377700445752
365.5   0.386054014615
366.0   0.393928770934
366.5   0.400210335511
367.0   0.398409088318
367.5   0.392093322845
368.0   0.393569661525
368.5   0.383183989421
369.0   0.414443608423
369.5   0.42510573777
370.0   0.416646716144
370.5   0.406061538812
371.0   0.409436027224
371.5   0.442904454097
372.0   0.516182723987
372.5   0.612931358802
373.0   0.512657181618
373.5   0.403239964887
374.0   0.393321705029
374.5   0.3805419702
375.0   0.396445386869
375.5   0.419528141637
376.0   0.417496038396
376.5   0.392042021501
377.0   0.410584607317
377.5   0.484563995577
378.0   0.536193098259
378.5   0.510710580617
379.0   0.447484524095
379.5   0.4250686868
380.0   0.451657033414
380.5   0.493627233034
381.0   0.512622980722
381.5   0.496371854943
382.0   0.455484683699
382.5   0.406372196952
383.0   0.352867745135
383.5   0.353893772017
384.0   0.409974691337
384.5   0.479262856687
385.0   0.519990423749
385.5   0.543603292406
386.0   0.549240740107
386.5   0.539789892495
387.0   0.520905297719
387.5   0.493926490874
388.0   0.463345189644
388.5   0.426872784067
389.0   0.460634768631
389.5   0.50226295929
390.0   0.544270209879
390.5   0.582817469818
391.0   0.609679423601
391.5   0.610694050184
392.0   0.57180763136
392.5   0.491201819488
393.0   0.412003944503
393.5   0.421095682707
394.0   0.485572922011
394.5   0.556146471038
395.0   0.610300739879
395.5   0.577775687723
396.0   0.472377076279
396.5   0.369121720989
397.0   0.378421514644
397.5   0.494906916561
398.0   0.615114516
398.5   0.693662573959
399.0   0.734857553268
399.5   0.755027531721
400.0   0.765701061368
400.5   0.775881528096
401.0   0.795239235268
401.5   0.803826510255
402.0   0.789581837044
402.5   0.769913471733
403.0   0.759157289921
403.5   0.759408096492
404.0   0.770486336742
404.5   0.773749672241
405.0   0.770873946897
405.5   0.755232737098
406.0   0.753582543863
406.5   0.744604808646
407.0   0.737419770398
407.5   0.735837978955
408.0   0.753884651778
408.5   0.761616904363
409.0   0.71985191012
409.5   0.652071434272
410.0   0.60147405862
410.5   0.639553906312
411.0   0.699374123602
411.5   0.734475643262
412.0   0.743319424969
412.5   0.722399876877
413.0   0.724597284449
413.5   0.746733814426
414.0   0.744627609243
414.5   0.735795227835
415.0   0.744011993114
415.5   0.749638040517
416.0   0.763956815669
416.5   0.774282636205
417.0   0.754816626196
417.5   0.736407993889
418.0   0.742931814814
418.5   0.763392500884
419.0   0.768907395374
419.5   0.764204772165
420.0   0.771429711458
420.5   0.787575384475
421.0   0.80686753993
421.5   0.810800642977
422.0   0.795270586089
422.5   0.753856151031
423.0   0.781937936774
423.5   0.8016946544
424.0   0.815426314169
424.5   0.804425025936
425.0   0.787281826784
425.5   0.785033117868
426.0   0.816361138662
426.5   0.81363931735
427.0   0.787800540374
427.5   0.78970154018
428.0   0.789655938986
428.5   0.776545595495
429.0   0.766935143701
429.5   0.75508168314
430.0   0.725591960509
430.5   0.709434887194
431.0   0.751829747939
431.5   0.816050480523
432.0   0.838560370282
432.5   0.832808919594
433.0   0.817033756284
433.5   0.783323073065
434.0   0.756347116294
434.5   0.755797051883
435.0   0.777588722825
435.5   0.821838982181
436.0   0.871447381921
436.5   0.890594183568
437.0   0.873308480682
437.5   0.841875007125
438.0   0.811775368515
438.5   0.784825062417
439.0   0.807021443962
439.5   0.840355917325
440.0   0.83271486713
440.5   0.824643455659
441.0   0.826478903747
441.5   0.849652860905
442.0   0.8850992396
442.5   0.896887148443
443.0   0.881918556266
443.5   0.864612902858
444.0   0.86133816706
444.5   0.871427431399
445.0   0.869705986297
445.5   0.846751484889
446.0   0.827658834661
446.5   0.832298756227
447.0   0.86381488195
447.5   0.908452751462
448.0   0.918222807438
448.5   0.916641015995
449.0   0.924079710888
449.5   0.940256734726
450.0   0.950796310863
450.5   0.974412029595
451.0   0.970048565272
451.5   0.945418219957
452.0   0.915937047551
452.5   0.88892403981
453.0   0.879467492048
453.5   0.897702269799
454.0   0.920272011127
454.5   0.906018787692
455.0   0.877264384327
455.5   0.895912422905
456.0   0.937081751542
456.5   0.956562011925
457.0   0.966967634552
457.5   0.96151259163
458.0   0.946276092434
458.5   0.936705541685
459.0   0.947889234698
459.5   0.973058244126
460.0   0.972952791363
460.5   0.977649714423
461.0   1.00269902071
461.5   1.0064924701
462.0   1.02434248777
462.5   1.028053285
463.0   1.01150575145
463.5   0.984033881688
464.0   0.957009473648
464.5   0.941983879978
465.0   0.949613529874
465.5   0.971339649099
466.0   0.956542061402
466.5   0.920494316951
467.0   0.917592940935
467.5   0.937802820434
468.0   0.947045612595
468.5   0.94491945689
469.0   0.936001573241
469.5   0.914067398566
470.0   0.894387632956
470.5   0.883557349203
471.0   0.913936295131
471.5   0.953757538448
472.0   0.966719678056
472.5   0.954059646363
473.0   0.940353637265
473.5   0.947051312744
474.0   0.975537809091
474.5   1.00851032297
475.0   0.992732309587
475.5   0.978157027714
476.0   0.951771036401
476.5   0.951602881996
477.0   0.96455647138
477.5   0.970282271396
478.0   0.968101964271
478.5   0.962561419109
479.0   0.957439834924
479.5   0.982953703387
480.0   0.988984461393
480.5   0.986077385227
481.0   0.996639761962
481.5   1.00920574119
482.0   0.990891161348
482.5   0.970997640138
483.0   0.967705803892
483.5   0.960828573709
484.0   0.956587662597
484.5   0.941063305859
485.0   0.911516581734
485.5   0.878652370692
486.0   0.853377908501
486.5   0.832683516308
487.0   0.848672435218
487.5   0.897408712108
488.0   0.929383699853
488.5   0.92780190841
489.0   0.919502490965
489.5   0.95273436164
490.0   0.967192790451
490.5   0.956288404756
491.0   0.944600248527
491.5   0.926909835038
492.0   0.917185380257
492.5   0.938119178722
493.0   0.97606792298
493.5   0.947216617075
494.0   0.955524584744
494.5   0.987875782345
495.0   1.01313599416
495.5   1.01034862113
496.0   0.983124707867
496.5   0.925424946134
497.0   0.910148545892
497.5   0.910333800746
498.0   0.941616220345
498.5   0.997637288097
499.0   1.03889211897
499.5   1.00330323654
500.0   1.0
500.5   0.991378524117
501.0   0.947513024841
501.5   0.888157369723
502.0   0.866374249005
502.5   0.900954205
503.0   0.939700970165
503.5   0.942722049318
504.0   0.930512329423
504.5   0.923808953795
505.0   0.933108747449
505.5   0.959118528905
506.0   0.979735969082
506.5   0.983141808315
507.0   0.967711504041
507.5   0.94418128755
508.0   0.935736516297
508.5   0.943879179635
509.0   0.956752966928
509.5   0.963647297559
510.0   0.962894877846
510.5   0.959223981668
511.0   0.965257589749
511.5   0.973491455476
512.0   0.975058996546
512.5   0.968329970245
513.0   0.955689889075
513.5   0.943500119703
514.0   0.952141546109
514.5   0.941884127364
515.0   0.932222374226
515.5   0.927727806469
516.0   0.920195059111
516.5   0.868460503665
517.0   0.839395442161
517.5   0.846076017192
518.0   0.869891241151
518.5   0.889867414526
519.0   0.918983777375
519.5   0.947031362222
520.0   0.952631758952
520.5   0.948584652918
521.0   0.952856914851
521.5   0.981041303282
522.0   0.962558569035
522.5   0.956299805055
523.0   0.969472850189
523.5   0.998492310499
524.0   1.03048724877
524.5   1.00331463684
525.0   0.985342065962
525.5   0.974317977131
526.0   0.95782174493
526.5   0.926827182872
527.0   0.924929033141
527.5   0.952999418585
528.0   0.996320553599
528.5   1.03395863972
529.0   1.03686571588
529.5   1.02021557965
530.0   1.01669288735
530.5   1.03183818416
531.0   1.05630322514
531.5   1.03288416157
532.0   1.01165110526
532.5   1.00227150951
533.0   1.00860437543
533.5   1.02612663452
534.0   1.03866696307
534.5   1.04713168485
535.0   1.064083929
535.5   1.0990571953
536.0   1.09252767423
536.5   1.07156252494
537.0   1.05343319995
537.5   1.04598025468
538.0   1.05172315515
538.5   1.03333162329
539.0   1.01005506344
539.5   0.985547271339
540.0   0.963102933297
540.5   0.969344596828
541.0   0.993290924222
541.5   1.01679549004
542.0   1.02981463114
542.5   1.02732936603
543.0   1.0236983709
543.5   1.03183248401
544.0   1.03859286113
544.5   1.01411356978
545.0   1.01418482164
545.5   1.01683539109
546.0   1.02448784158
546.5   1.03972434078
547.0   1.03738727955
547.5   1.03460275659
548.0   1.03643250453
548.5   1.04525348564
549.0   1.05587856402
549.5   1.06570562149
550.0   1.07536452455
550.5   1.07744792914
551.0   1.03722767537
551.5   1.02845229545
552.0   1.02496665413
552.5   1.0239121265
553.0   1.03704527059
553.5   1.03830785367
554.0   1.03670326163
554.5   1.04178779484
555.0   1.07446675103
555.5   1.09621282078
556.0   1.09708209355
556.5   1.08050605926
557.0   1.05727225053
557.5   1.08577584733
558.0   1.07987904283
558.5   1.04553279296
559.0   1.02494955368
559.5   1.03436620039
560.0   1.04790975524
560.5   1.05887684257
561.0   1.05921885153
561.5   1.03733882828
562.0   1.03135367147
562.5   1.04469487101
563.0   1.06196917359
563.5   1.05426827183
564.0   1.04702053194
564.5   1.04827741487
565.0   1.06294959928
565.5   1.06249643741
566.0   1.06455704139
566.5   1.0764390027
567.0   1.08302552527
567.5   1.08665082025
568.0   1.09448282545
568.5   1.11296840977
569.0   1.11138661833
569.5   1.10560666689
570.0   1.0938700594
570.5   1.07138582031
571.0   1.06992658208
571.5   1.10090119361
572.0   1.15428309222
572.5   1.17931244799
573.0   1.18141865317
573.5   1.16839096184
574.0   1.14352121026
574.5   1.13909219422
575.0   1.13099798215
575.5   1.11837500143
576.0   1.09906289545
576.5   1.11782208694
577.0   1.11789903895
577.5   1.09502433964
578.0   1.05879989056
578.5   1.04931484205
579.0   1.06824503802
579.5   1.12074626355
580.0   1.12517527959
580.5   1.12008504623
581.0   1.11284870664
581.5   1.12020474936
582.0   1.13025696273
582.5   1.1424581324
583.0   1.15636364673
583.5   1.15284380451
584.0   1.15319436369
584.5   1.14622308104
585.0   1.10662414355
585.5   1.10370281701
586.0   1.10816318388
586.5   1.11242404551
587.0   1.12420340413
587.5   1.10613108063
588.0   1.05452192847
588.5   0.946122188401
589.0   0.897331760092
589.5   0.901843428298
590.0   0.966389069394
590.5   1.05994847065
591.0   1.10077009018
591.5   1.10049648301
592.0   1.10130590421
592.5   1.11162887468
593.0   1.11160892415
593.5   1.08106467389
594.0   1.09046992031
594.5   1.09653772929
595.0   1.09361355268
595.5   1.09778321192
596.0   1.09587936204
596.5   1.09267302803
597.0   1.09972411277
597.5   1.09789721491
598.0   1.09440017328
598.5   1.09311763968
599.0   1.10814038328
599.5   1.11923002383
600.0   1.12326002941
600.5   1.11304251171
601.0   1.1085764447
601.5   1.10607407914
602.0   1.09218281519
602.5   1.11285440679
603.0   1.14274884002
603.5   1.15919377088
604.0   1.16122017397
604.5   1.15624679367
605.0   1.14483794475
605.5   1.16089241538
606.0   1.16412725013
606.5   1.15171232486
607.0   1.1659769486
607.5   1.17275727624
608.0   1.17129803801
608.5   1.1498626264
609.0   1.1496374705
609.5   1.15585063329
610.0   1.14451588632
610.5   1.14478949348
611.0   1.14704675262
611.5   1.14401427317
612.0   1.15886886236
612.5   1.17370635111
613.0   1.18105954376
613.5   1.14883659952
614.0   1.13002325661
614.5   1.137709908
615.0   1.13934870094
615.5   1.12904283092
616.0   1.10567791876
616.5   1.06807118347
617.0   1.06674874882
617.5   1.09905149515
618.0   1.1316107482
618.5   1.1468586477
619.0   1.14631713351
619.5   1.11913312129
620.0   1.09263027691
620.5   1.06545766499
621.0   1.02924461621
621.5   1.04248891321
622.0   1.08512033015
622.5   1.12655186566
623.0   1.11028078936
623.5   1.06684280128
624.0   1.04754494568
624.5   1.03258205365
625.0   1.02649429415
625.5   1.0542597216
626.0   1.08235575772
626.5   1.10810903246
627.0   1.12147303259
627.5   1.12197179566
628.0   1.11559617862
628.5   1.10693480169
629.0   1.11396593591
629.5   1.12646921349
630.0   1.12417490338
630.5   1.11366097792
631.0   1.10545561294
631.5   1.14162876067
632.0   1.1381716201
632.5   1.11210768722
633.0   1.09873798694
633.5   1.07804929489
634.0   1.05510334371
634.5   1.06641529008
635.0   1.06727316256
635.5   1.06021352759
636.0   1.06557166798
636.5   1.05938415586
637.0   1.04218680529
637.5   1.02001322435
638.0   1.01032012039
638.5   1.01531915136
639.0   1.06747266778
639.5   1.10535301025
640.0   1.11693286364
640.5   1.07673256039
641.0   1.04117502879
641.5   1.02994573458
642.0   1.0269503061
642.5   1.03094041064
643.0   1.04873912697
643.5   1.05152935007
644.0   1.04995895892
644.5   1.05446777706
645.0   1.05110183887
645.5   1.04527628624
646.0   1.05837237936
646.5   1.06673734852
647.0   1.07121196575
647.5   1.09108553644
648.0   1.10366576604
648.5   1.10728821095
649.0   1.09154154839
649.5   1.09107983629
650.0   1.12423475495
650.5   1.14109579671
651.0   1.15045259186
651.5   1.14950351699
652.0   1.1514159171
652.5   1.15564542791
653.0   1.16747608787
653.5   1.19275910029
654.0   1.22933125848
654.5   1.19954797816
655.0   1.20473511406
655.5   1.26228382184
656.0   1.21804781285
656.5   1.18865499276
657.0   1.25094052464
657.5   1.31765507256
658.0   1.36168872624
658.5   1.22964476669
659.0   1.15313166205
659.5   1.1227441659
660.0   1.12352223628
660.5   1.12635521051
661.0   1.1307899267
661.5   1.12743823888
662.0   1.12006224563
662.5   1.10514210472
663.0   1.0975609061
663.5   1.09461392888
664.0   1.10014022367
664.5   1.09947615628
665.0   1.09146744645
665.5   1.08705553085
666.0   1.08328773214
666.5   1.07973083895
667.0   1.08109032457
667.5   1.08451041417
668.0   1.08440781148
668.5   1.08333903348
669.0   1.08121857793
669.5   1.08811290856
670.0   1.10125745295
670.5   1.12767764515
671.0   1.13454062496
671.5   1.13259687404
672.0   1.14415677691
672.5   1.13832552413
673.0   1.11138661833
673.5   1.08696147839
674.0   1.06949907088
674.5   1.07396798796
675.0   1.07927197693
675.5   1.0851032297
676.0   1.08239280869
676.5   1.08341028535
677.0   1.09063522464
677.5   1.08609220562
678.0   1.0793204282
678.5   1.08250681168
679.0   1.08584709919
679.5   1.08933559059
680.0   1.09302928737
680.5   1.09585086129
681.0   1.09604751644
681.5   1.09975831367
682.0   1.10557816615
682.5   1.08940969253
683.0   1.08033505478
683.5   1.08433940969
684.0   1.08503197784
684.5   1.08452181447
685.0   1.08481252209
685.5   1.09125369085
686.0   1.10543851249
686.5   1.09699374124
687.0   1.08641711413
687.5   1.09486758553
688.0   1.10169636444
688.5   1.10697470274
689.0   1.1100955345
689.5   1.11265490156
690.0   1.11440484741
690.5   1.11069405018
691.0   1.10268819043
691.5   1.10217232691
692.0   1.10225782916
692.5   1.10181036743
693.0   1.10475734464
693.5   1.11004423316
694.0   1.11505181436
694.5   1.11826384851
695.0   1.116679207
695.5   1.11701836588
696.0   1.1186030074
696.5   1.11341872157
697.0   1.1101411357
697.5   1.1131337141
698.0   1.11795319037
698.5   1.12397824823
699.0   1.11951788137
699.5   1.11552492675
700.0   1.11516866742
700.5   1.11402578748
701.0   1.11232144282
701.5   1.11219603954
702.0   1.11314226433
702.5   1.11723782163
703.0   1.12453116272
703.5   1.13453492482
704.0   1.13479143154
704.5   1.12888892689
705.0   1.1009581951
705.5   1.08139528256
706.0   1.070801555
706.5   1.06827923892
707.0   1.06719051039
707.5   1.05983731774
708.0   1.04889873115
708.5   1.03271315708
709.0   1.02437668867
709.5   1.0193092559
710.0   1.01789561887
710.5   1.01599176898
711.0   1.0130077408
711.5   1.00636421674
712.0   0.997372231152
712.5   0.997574586454
713.0   0.998911271475
713.5   1.00089492345
714.0   1.00309518109
714.5   1.00552629479
715.0   1.00915158977
715.5   1.013435252
716.0   1.02217073087
716.5   1.02925031636
717.0   1.03328887217
717.5   1.0247443483
718.0   1.00901763626
718.5   1.0047938256
719.0   1.00300967885
719.5   1.0069199813
720.0   1.01340105111
720.5   1.02273219558
721.0   1.02794498216
721.5   1.03189803573
722.0   1.04126053103
722.5   1.05000741019
723.0   1.05727795068
723.5   1.05758575875
724.0   1.05247272479
724.5   1.05092513424
725.0   1.05193976082
725.5   1.07048804679
726.0   1.07757903257
726.5   1.06401837728
727.0   1.05604101827
727.5   1.05152649999
728.0   1.05174310567
728.5   1.0525724774
729.0   1.05304558979
729.5   1.0575800586
730.0   1.06854714594
730.5   1.0768551136
731.0   1.08364969162
731.5   1.08440496141
732.0   1.08524573344
732.5   1.09133634301
733.0   1.0973243499
733.5   1.1031527526
734.0   1.09732719997
734.5   1.08457026574
735.0   1.0871068322
735.5   1.09278703102
736.0   1.1053245095
736.5   1.11761118141
737.0   1.12943614123
737.5   1.12578804565
738.0   1.11101610862
738.5   1.11123841445
739.0   1.11467275443
739.5   1.11415974099
740.0   1.11178562878
740.5   1.10452648859
741.0   1.10087554294
741.5   1.10079859092
742.0   1.10930891389
742.5   1.12102842094
743.0   1.12267291403
743.5   1.12307192448
744.0   1.11999384384
744.5   1.11891081546
745.0   1.120954319
745.5   1.12253611045
746.0   1.1238129439
746.5   1.12186919297
747.0   1.11957488286
747.5   1.12801110389
748.0   1.13296738375
748.5   1.12702497805
749.0   1.12563699169
749.5   1.12981520116
750.0   1.13811746868
750.5   1.14857724272
751.0   1.1511793609
751.5   1.15213983606
752.0   1.1476908695
752.5   1.14718925636
753.0   1.15798818929
753.5   1.1639505455
754.0   1.1641643011
754.5   1.16544113456
755.0   1.1672822828
755.5   1.17150324338
756.0   1.17598356077
756.5   1.17545629695
757.0   1.16857906677
757.5   1.13950830512
758.0   1.11923857405
758.5   1.11167447587
759.0   1.10867904739
759.5   1.10882155112
760.0   1.09951320725
760.5   1.08746879168
761.0   1.08683892518
761.5   1.0882098111
762.0   1.09912559709
762.5   1.10648733997
763.0   1.10586602369
763.5   1.09957590889
764.0   1.08717238392
764.5   1.07217814107
765.0   1.05580446208
765.5   1.04460651869
766.0   1.03455145525
766.5   1.04768174926
767.0   1.05992567005
767.5   1.06554601731
768.0   1.06807403354
768.5   1.06383027235
769.0   1.06088329514
769.5   1.05937845572
770.0   1.05707559538
770.5   1.05430817287
771.0   1.05254397665
771.5   1.05105623767
772.0   1.06571702179
772.5   1.07995314477
773.0   1.07975933969
773.5   1.07693776577
774.0   1.0658053741
774.5   1.06234253337
775.0   1.07099821015
775.5   1.0783856037
776.0   1.08464721776
776.5   1.08415700491
777.0   1.0804006065
777.5   1.07678386174
778.0   1.07320416795
778.5   1.07161382628
779.0   1.0703968444
779.5   1.07202138696
780.0   1.0764618033
780.5   1.09091168189
781.0   1.10095249496
781.5   1.10284494454
782.0   1.09884913985
782.5   1.08847201797
783.0   1.08027235314
783.5   1.07348347527
784.0   1.0745380029
784.5   1.07848250624
785.0   1.079961695
785.5   1.08101622263
786.0   1.07760468324
786.5   1.07384258468
787.0   1.06778902607
787.5   1.06404117788
788.0   1.06919126281
788.5   1.06983537969
789.0   1.06087189484
789.5   1.05299713853
790.0   1.04656166992
790.5   1.03999794795
791.0   1.03332592314
791.5   1.0286375503
792.0   1.02504645622
792.5   1.01895299657
793.0   1.01203016519
793.5   1.00841627051
794.0   1.00538379106
794.5   1.02375252232
795.0   1.04271406911
795.5   1.05158635156
796.0   1.05877994003
796.5   1.05583296282
797.0   1.05592416521
797.5   1.06593077739
798.0   1.0736373793
798.5   1.07657295621
799.0   1.07427009588
799.5   1.06453139072
800.0   1.06212307762
800.5   1.06708505763
801.0   1.07295336138
801.5   1.07947148215
802.0   1.07937457961
802.5   1.07593168941
803.0   1.07731397563
803.5   1.08036925567
804.0   1.08198809809
804.5   1.08328773214
805.0   1.08498922672
805.5   1.08673347242
806.0   1.08543098829
806.5   1.08407720282
807.0   1.08435366007
807.5   1.08361549073
808.0   1.07399648871
808.5   1.06589372642
809.0   1.06532086141
809.5   1.06507290491
810.0   1.06591937709
810.5   1.06944206938
811.0   1.07949143268
811.5   1.09027611523
812.0   1.10244308401
812.5   1.1098817789
813.0   1.11036344152
813.5   1.11161747438
814.0   1.11378353113
814.5   1.12064081079
815.0   1.13201260873
815.5   1.13930309974
816.0   1.14336730622
816.5   1.14378911727
817.0   1.14182256575
817.5   1.13250852172
818.0   1.11921577345
818.5   1.10950556905
819.0   1.10140565683
819.5   1.08751439288
820.0   1.071488423
820.5   1.07813764721
821.0   1.09165840145
821.5   1.10645313907
822.0   1.12154713453
822.5   1.13149389514
823.0   1.14039752842
823.5   1.13000615616
824.0   1.11656805408
824.5   1.11323631679
825.0   1.11114721206
825.5   1.11850610486
826.0   1.12673142036
826.5   1.07980494089
827.0   1.02933296852
827.5   1.01589486645
828.0   1.00403570574
828.5   0.999982899552
829.0   0.996112498147
829.5   0.986299691052
830.0   0.976555285748
830.5   0.98244924017
831.0   0.988232041679
831.5   0.988348894741
832.0   0.988314693845
832.5   0.982782698907
833.0   0.977621213676
833.5   0.983344163617
834.0   0.989198216993
834.5   0.998669015128
835.0   1.00768665139
835.5   1.00547214337
836.0   1.00322058438
836.5   0.999980049477
837.0   0.996708163754
837.5   0.992396000775
838.0   0.988340344517
838.5   0.992991666382
839.0   0.997711390038
839.5   1.00614476099
840.0   1.01448977963
840.5   1.01504269412
841.0   1.0155956086
841.5   1.00949359873
842.0   1.00338018856
842.5   0.997169875851
843.0   0.99096526329
843.5   0.979336958628
844.0   0.967514848889
844.5   0.974423429894
845.0   0.982443540021
845.5   0.981081204328
846.0   0.978917997652
846.5   0.980924450221
847.0   0.983412565409
847.5   0.984167835197
848.0   0.984658048041
848.5   0.971690208283
849.0   0.956131650649
849.5   0.946136438775
850.0   0.93748931222
850.5   0.944221188595
851.0   0.955507484296
851.5   0.957012323723
852.0   0.954957419884
852.5   0.941701722585
853.0   0.923518246178
853.5   0.89817253212
854.0   0.869027668525
854.5   0.879077031818
855.0   0.914366656406
855.5   0.94760992738
856.0   0.979237206015
856.5   0.997993547431
857.0   1.00444611649
857.5   1.00900908604
858.0   1.01134329719
858.5   1.01054812636
859.0   1.00516433531
859.5   1.00231141056
860.0   1.00419530992
860.5   1.0078434055
861.0   1.0158435651
861.5   1.02376677269
862.0   1.03143917371
862.5   1.03778914008
863.0   1.03739582977
863.5   1.03602494385
864.0   1.02557372003
864.5   1.01425322343
865.0   0.971225646112
865.5   0.928249370133
866.0   0.920927528301
866.5   0.915275830227
867.0   0.939817823227
867.5   0.968381271589
868.0   0.986607499116
868.5   1.00232281086
869.0   1.01524219935
869.5   1.02709850998
870.0   1.03304091567
870.5   1.03572283594
871.0   1.0401604022
871.5   1.04597455453
872.0   1.0465189188
872.5   1.04120352953
873.0   1.03776633948
873.5   1.03733312813
874.0   1.03617599781
874.5   1.0332632215
875.0   1.03227139551
875.5   1.03902322241
876.0   1.04510813183
876.5   1.04540738967
877.0   1.04572374796
877.5   1.05537125073
878.0   1.06501020327
878.5   1.06313485413
879.0   1.05999692192
879.5   1.05026106684
880.0   1.038855068
880.5   1.04006064959
881.0   1.04690652895
881.5   1.0530341895
882.0   1.05864313645
882.5   1.06437178654
883.0   1.07024009029
883.5   1.07306451429
884.0   1.07036834365
884.5   1.06520115827
885.0   1.05213926605
885.5   1.03894342032
886.0   1.02464459569
886.5   1.01036287151
887.0   1.00509878359
887.5   0.999868896565
888.0   1.01002371262
888.5   1.02240728707
889.0   1.03240534902
889.5   1.04158543954
890.0   1.04243191172
890.5   1.03811404859
891.0   1.03622159901
891.5   1.03690561693
892.0   1.03847885815
892.5   1.04168804223
893.0   1.04448681555
893.5   1.04577219923
894.0   1.04712313463
894.5   1.04935474309
895.0   1.05158350149
895.5   1.0588853928
896.0   1.06655209366
896.5   1.06157871336
897.0   1.05317384315
897.5   1.05207941448
898.0   1.05511189393
898.5   1.05349020144
899.0   1.04701198171
899.5   1.043626093
900.0   1.04631656349
900.5   1.04518793392
901.0   1.0267023496
901.5   1.0087212285
902.0   1.01187626116
902.5   1.01502559367
903.0   1.03558888243
903.5   1.05890249325
904.0   1.07308731489
904.5   1.08335328386
905.0   1.08709258183
905.5   1.08513173045
906.0   1.08764264624
906.5   1.09789436483
907.0   1.10284779461
907.5   1.0860380542
908.0   1.06927676505
908.5   1.0536868566
909.0   1.03811404859
909.5   1.04871632637
910.0   1.06406682855
910.5   1.06254488868
911.0   1.05263517904
911.5   1.0523473215
912.0   1.06218577927
912.5   1.06682855091
913.0   1.05957226079
913.5   1.05286888516
914.0   1.05030951811
914.5   1.04775300113
915.0   1.0395647366
915.5   1.03094611079
916.0   1.02264099319
916.5   1.01445842881
917.0   1.00991540978
917.5   1.00844762133
918.0   1.00982135732
918.5   1.01657318422
919.0   1.02108200235
919.5   1.01246052647
920.0   1.00385045088
920.5   0.983170309062
921.0   0.961794749022
921.5   0.957519637014
922.0   0.959269582863
922.5   0.959232531892
923.0   0.957622239703
923.5   0.955957796094
924.0   0.954179349499
924.5   0.952851214702
925.0   0.955248127501
925.5   0.9576450403
926.0   0.975469407298
926.5   0.995123522236
927.0   1.0032633355
927.5   1.00586830375
928.0   1.00166444361
928.5   0.989315070055
929.0   0.984267587811
929.5   1.00349134147
930.0   1.02262104267
930.5   1.02836394314
931.0   1.03410114345
931.5   1.02506925681
932.0   1.01180215922
932.5   1.00950784911
933.0   1.01632522772
933.5   1.01579226376
934.0   0.999011024089
934.5   0.982853950774
935.0   0.974178323472
935.5   0.965514096469
936.0   0.967463547545
936.5   0.971496403206
937.0   0.974796789676
937.5   0.977601263153
938.0   0.976005221337
938.5   0.966195264316
939.0   0.957702041793
939.5   0.960788672663
940.0   0.963869603384
940.5   0.948903861281
941.0   0.930808737189
941.5   0.935377406888
942.0   0.955074272946
942.5   0.964066258536
943.0   0.952586157757
943.5   0.942533944389
944.0   0.947752431114
944.5   0.952962367614
945.0   0.95560153676
945.5   0.957690641495
946.0   0.963191285612
946.5   0.971348199323
947.0   0.979205855193
947.5   0.986353842471
948.0   0.993134170115
948.5   0.986117286273
949.0   0.979108952655
949.5   0.979507963109
950.0   0.982323836885
950.5   0.98757367443
951.0   0.995471231346
951.5   1.00378774924
952.0   1.01378866126
952.5   1.02377817299
953.0   1.01670143758
953.5   1.00817116408
954.0   0.995816090382
954.5   0.981309210301
955.0   0.974842390871
955.5   0.983062006225
956.0   0.990298345817
956.5   0.983731773772
957.0   0.977173751952
957.5   0.981634118814
958.0   0.989300819681
958.5   0.991324372699
959.0   0.987263016291
959.5   0.98748817219
960.0   1.00658652257
960.5   1.0256677725
961.0   1.0093282944
961.5   0.98844579728
962.0   0.987200314648
962.5   0.999897397312
963.0   1.00660647309
963.5   0.997865294071
964.0   0.989132665276
964.5   0.990677405748
965.0   0.992515703911
965.5   0.993692784751
966.0   0.994530706705
966.5   0.995887342248
967.0   0.998207303031
967.5   1.00031065814
968.0   0.996146699044
968.5   0.991988440097
969.0   0.992532804359
969.5   0.994949667681
970.0   0.997084373611
970.5   0.998783018115
971.0   1.00005415142
971.5   0.995662186349
972.0   0.991275921429
972.5   0.983891377954
973.0   0.975477957522
973.5   0.972770386584
974.0   0.978157027714
974.5   0.982665845845
975.0   0.97727635464
975.5   0.97188971351
976.0   0.973904716304
976.5   0.978430634883
977.0   0.984033881688
977.5   0.991204669562
978.0   0.998338406466
978.5   1.00504463217
979.0   1.01174515772
979.5   1.00753844751
980.0   0.999173478345
980.5   0.996987471072
981.0   1.00501328135
981.5   1.01262868087
982.0   1.0060763592
982.5   0.999529737679
983.0   0.996460207257
983.5   0.995060820593
984.0   0.996066896953
984.5   1.00216605675
985.0   1.0082595164
985.5   1.00966175314
986.0   1.0108815851
986.5   1.00461427089
987.0   0.993424877732
987.5   0.986804154269
988.0   0.994715961558
988.5   1.0026220687
989.0   0.997010271669
989.5   0.989437623266
990.0   0.992205045772
990.5   1.00512728433
991.0   1.01729995326
991.5   1.02463034532
992.0   1.03195218715
992.5   1.01800962185
993.0   0.99726677839
993.5   0.827123020623
994.0   0.413354879898
994.5   0.0
995.0   0.0
995.5   0.0
996.0   0.0
996.5   0.0
997.0   0.0
997.5   0.0
998.0   0.0
998.5   0.0
999.0   0.0
999.5   0.0
