123.5   0.632405852427
124.0   0.693004066514
124.5   0.816355821231
125.0   0.748768825199
125.5   0.54737156202
126.0   0.618817924228
126.5   0.887994535236
127.0   1.00760282806
127.5   1.00110478981
128.0   0.939384523572
128.5   1.00417255436
129.0   0.900524528553
129.5   0.657803687729
130.0   0.500602948901
130.5   0.712729989865
131.0   0.894327348233
131.5   0.882130271487
132.0   0.905912844908
132.5   0.849600623417
133.0   0.586063865729
133.5   0.570128259192
134.0   0.889025343582
134.5   0.89851963098
135.0   0.925660962696
135.5   0.92436875319
136.0   0.90440115707
136.5   0.890625809172
137.0   0.923890339748
137.5   0.86271507027
138.0   0.69511500418
138.5   0.607442041691
139.0   0.457027868816
139.5   0.463074620167
140.0   0.65380129073
140.5   0.840298687816
141.0   0.90585365974
141.5   0.790716313159
142.0   0.861583153928
142.5   0.781397115216
143.0   0.790740973645
143.5   0.699936129339
144.0   0.880879984809
144.5   0.843726495474
145.0   0.816427336643
145.5   0.829194070633
146.0   0.962301513907
146.5   0.922945843105
147.0   0.888125235816
147.5   0.927907533039
148.0   0.982811640736
148.5   1.04101038946
149.0   1.09132271453
149.5   0.979773468769
150.0   0.868816074692
150.5   0.866300705043
151.0   0.881654324093
151.5   0.874016971347
152.0   0.825995605501
152.5   0.738724608946
153.0   0.717516590342
153.5   0.614095441016
154.0   0.450241302863
154.5   0.263911597087
155.0   0.446786368669
155.5   0.765671122817
156.0   0.829312440969
156.5   0.654077488181
157.0   0.809709820052
157.5   0.881230163721
158.0   0.782568488337
158.5   0.808506388299
159.0   0.813391630724
159.5   0.73672710952
160.0   0.655912228396
160.5   0.5808136481
161.0   0.600833031242
161.5   0.611306339965
162.0   0.773525487846
162.5   0.728865346344
163.0   0.800060171588
163.5   0.796028182004
164.0   0.808807246237
164.5   0.921562389798
165.0   0.96702399712
165.5   0.916371357338
166.0   0.789808807246
166.5   0.648856863137
167.0   0.607609733001
167.5   0.852172712185
168.0   0.876056393601
168.5   0.991282517934
169.0   0.899530710937
169.5   0.879730806127
170.0   0.800965211451
170.5   0.844153121894
171.0   0.788380965063
171.5   0.784575851958
172.0   0.797648375984
172.5   0.832922736229
173.0   0.919853418067
173.5   0.952780099974
174.0   0.982510782798
174.5   0.984466359397
175.0   0.944474448037
175.5   0.991677085722
176.0   0.976175503752
176.5   0.936232913365
177.0   0.923658531172
177.5   0.914159311676
178.0   0.965319957485
178.5   0.9437987507
179.0   0.89046304996
179.5   0.939823480236
180.0   0.970747730619
180.5   0.953482923846
181.0   0.993233162436
181.5   0.996108575191
182.0   0.984621720464
182.5   0.935552283931
183.0   0.972000483346
183.5   0.98875975014
184.0   0.948131598221
184.5   0.784509268644
185.0   0.711842212342
185.5   0.766356684348
186.0   0.773823879736
186.5   0.912544049794
187.0   0.952718448757
187.5   0.935557216028
188.0   0.898068344073
188.5   0.847048263039
189.0   0.786810092058
189.5   0.788824853825
190.0   0.797648375984
190.5   0.890975988084
191.0   0.872993561147
191.5   0.786218240376
192.0   0.768699430589
192.5   0.778090143943
193.0   0.769895464197
193.5   0.846101300347
194.0   0.84831087996
194.5   0.860059135847
195.0   0.874771582241
195.5   0.801046591058
196.0   0.733716064088
196.5   0.801584189669
197.0   0.705317047548
197.5   1.67144340295
198.0   1.38631392306
198.5   0.85648089922
199.0   0.501581970225
199.5   1.05302497861
200.0   0.663450939195
200.5   0.61425573418
201.0   0.647098570432
201.5   0.848047012752
202.0   1.06755247135
202.5   0.819204107451
203.0   0.749185587425
203.5   0.975931364933
204.0   0.734924427938
204.5   0.911999053037
205.0   0.671440936901
205.5   0.761234701251
206.0   0.90440115707
206.5   0.956496435327
207.0   0.907318492652
207.5   0.944590352324
208.0   1.0075387108
208.5   0.798945517587
209.0   0.755330980723
209.5   0.863657100864
210.0   0.610675031504
210.5   0.825073303297
211.0   0.956609873566
211.5   0.960141255268
212.0   1.01628578545
212.5   0.913357845857
213.0   0.959717094896
213.5   0.824871087306
214.0   0.599518627299
214.5   0.96302160012
215.0   0.957719595469
215.5   0.787759520797
216.0   1.01417484778
216.5   0.70726769205
217.0   0.672249800867
217.5   0.787707733775
218.0   0.817551854839
218.5   0.808252385286
219.0   0.974042371648
219.5   0.484733925678
220.0   0.841978066963
220.5   0.853099946487
221.0   0.765261758737
221.5   0.8309301689
222.0   0.578406784593
222.5   0.789885254755
223.0   0.759903034966
223.5   0.888181954935
224.0   0.872135376208
224.5   0.941480664945
225.0   0.90027052554
225.5   0.943063868195
226.0   0.812725797582
226.5   0.617239653076
227.0   0.94895279243
227.5   0.71644139312
228.0   0.816947672913
228.5   0.96198092758
229.0   0.754097956385
229.5   1.0054968225
230.0   0.781362590535
230.5   0.701474943712
231.0   0.826326056024
231.5   0.821149819855
232.0   0.856150448698
232.5   0.891550577425
233.0   0.778309622275
233.5   0.721637357678
234.0   0.682449378186
234.5   0.590798679184
235.0   0.603876135307
235.5   0.528673980967
236.0   0.984017538538
236.5   0.672496405734
237.0   0.674454448382
237.5   0.670575353816
238.0   0.472859901309
238.5   0.633964395189
239.0   0.588026840474
239.5   0.873928193595
240.0   0.65530804647
240.5   0.736154986227
241.0   0.688298845643
241.5   0.799167461967
242.0   0.794030682578
242.5   0.888401433267
243.0   0.798984974365
243.5   0.878993457573
244.0   0.729494188756
244.5   0.875671690008
245.0   0.736034149842
245.5   0.910235828235
246.0   0.717129420701
246.5   0.83517177262
247.0   0.824826698429
247.5   0.824730522531
248.0   0.677019139004
248.5   0.824205254163
249.0   0.746504992516
249.5   0.71612573889
250.0   0.675514849312
250.5   0.820069690536
251.0   0.73670738113
251.5   0.788149156488
252.0   0.841077959197
252.5   0.766356684348
253.0   0.751696024976
253.5   0.634326904344
254.0   0.730700086558
254.5   0.641498173891
255.0   0.673606127638
255.5   0.734201875677
256.0   0.761762435667
256.5   0.804846772066
257.0   0.735762884488
257.5   0.752366790216
258.0   0.714416767158
258.5   0.653705114832
259.0   0.546873420188
259.5   0.600103080835
260.0   0.513271040944
260.5   0.61667492793
261.0   0.697322117744
261.5   0.708522910825
262.0   0.76145911168
262.5   0.766692066968
263.0   0.774033493873
263.5   0.778945862833
264.0   0.728586682844
264.5   0.779404547887
265.0   0.774033493873
265.5   0.773355330488
266.0   0.71139832358
266.5   0.706604324956
267.0   0.766378878786
267.5   0.749365608978
268.0   0.756332196485
268.5   0.712917409564
269.0   0.710705363902
269.5   0.739111778588
270.0   0.707783096223
270.5   0.854562313351
271.0   0.933017185893
271.5   0.858919821359
272.0   0.798550949799
272.5   0.76977709386
273.0   0.754990666006
273.5   0.793973963458
274.0   0.674908201338
274.5   0.651063976701
275.0   0.670654267374
275.5   0.623431901299
276.0   0.698732697586
276.5   0.738963815668
277.0   0.750458068541
277.5   0.717188605869
278.0   0.765079271135
278.5   0.638494526605
279.0   0.557918852202
279.5   0.482201293689
280.0   0.44029079646
280.5   0.443832042357
281.0   0.55967221281
281.5   0.630847309664
282.0   0.670686326007
282.5   0.65212684368
283.0   0.658629814035
283.5   0.695832624344
284.0   0.70989156784
284.5   0.738591442318
285.0   0.676651697751
285.5   0.688141018527
286.0   0.720749580155
286.5   0.716207118496
287.0   0.700744993305
287.5   0.677593728345
288.0   0.725272313425
288.5   0.693534266979
289.0   0.664439824713
289.5   0.712710261475
290.0   0.696020044044
290.5   0.746660353582
291.0   0.740436046727
291.5   0.747935300747
292.0   0.799458455711
292.5   0.757217507959
293.0   0.782159124257
293.5   0.64907387542
294.0   0.720749580155
294.5   0.75258133645
295.0   0.705252930282
295.5   0.758041168217
296.0   0.745474184169
296.5   0.731644583201
297.0   0.741215318108
297.5   0.849832431993
298.0   0.892036389014
298.5   0.763705682023
299.0   0.735193227244
299.5   0.803601417485
300.0   0.797046660107
300.5   0.855487081604
301.0   0.78706656112
301.5   0.758509717465
302.0   0.762364151544
302.5   0.721967808201
303.0   0.772874450996
303.5   0.680794659525
304.0   0.64656097182
304.5   0.715383458239
305.0   0.778132066771
305.5   1.01636469901
306.0   0.992162897311
306.5   0.7996656038
307.0   0.791061559973
307.5   0.708318228785
308.0   0.797648375984
308.5   0.674525963793
309.0   0.678020354766
309.5   0.582098459459
310.0   0.717129420701
310.5   0.88404145921
311.0   0.862988801673
311.5   0.750290377231
312.0   0.560616709453
312.5   0.7643986417
313.0   0.916716604152
313.5   0.900033784867
314.0   0.517189592288
314.5   0.78410730271
315.0   0.634026046406
315.5   0.671063631454
316.0   0.560616709453
316.5   0.59019203121
317.0   0.652015871489
317.5   0.900943756828
318.0   0.73039922862
318.5   0.530977270429
319.0   0.703839884392
319.5   0.747895843968
320.0   0.813931695384
320.5   0.752361858118
321.0   0.792006056616
321.5   0.734085971389
322.0   0.872739558133
322.5   0.828057222193
323.0   0.819988310929
323.5   0.797507811209
324.0   0.801867785266
324.5   0.855889047538
325.0   0.759481340643
325.5   0.806094592695
326.0   0.833837640287
326.5   0.794681719428
327.0   0.805626043447
327.5   0.784805194485
328.0   0.773823879736
328.5   0.819487703048
329.0   0.816932876621
329.5   0.747730618707
330.0   0.876056393601
330.5   0.894347076623
331.0   0.798684116427
331.5   0.803739516211
332.0   0.80247443324
332.5   0.743528471765
333.0   0.716895146076
333.5   0.73849526642
334.0   0.842883106827
334.5   0.791411738885
335.0   0.788092437369
335.5   0.754790916063
336.0   0.69360824844
336.5   0.765126126059
337.0   0.77740704846
337.5   0.77113588668
338.0   0.838059515619
338.5   0.707132059373
339.0   0.713164014431
339.5   0.75877851677
340.0   0.780457550671
340.5   0.825162081049
341.0   0.741412602002
341.5   0.727827139852
342.0   0.733111882162
342.5   0.748670183252
343.0   0.704426803976
343.5   0.764857326754
344.0   0.725573171363
344.5   0.717805118037
345.0   0.776193752512
345.5   0.755681159635
346.0   0.735222819828
346.5   0.751747811998
347.0   0.725033106703
347.5   0.667290576981
348.0   0.727684109029
348.5   0.702727696439
349.0   0.700281376154
349.5   0.736786294688
350.0   0.708986527976
350.5   0.752620793229
351.0   0.77089421391
351.5   0.718029528467
352.0   0.729494188756
352.5   0.719573274937
353.0   0.695445454702
353.5   0.75838888108
354.0   0.744270752416
354.5   0.736946587852
355.0   0.761986846096
355.5   0.744157314177
356.0   0.76568345306
356.5   0.754766255576
357.0   0.69902369133
357.5   0.682715711443
358.0   0.664052655071
358.5   0.665204299802
359.0   0.683268106346
359.5   0.695122402326
360.0   0.730700086558
360.5   0.72993314542
361.0   0.723878995924
361.5   0.750204065528
362.0   0.706574732372
362.5   0.742352166547
363.0   0.708596892285
363.5   0.763414688279
364.0   0.798854273786
364.5   0.739323858774
365.0   0.757964720708
365.5   0.739397840235
366.0   0.780156692733
366.5   0.742403953569
367.0   0.775034709635
367.5   0.746426078958
368.0   0.732510166286
368.5   0.705627769681
369.0   0.696762324695
369.5   0.731686506028
370.0   0.735523677766
370.5   0.707615404913
371.0   0.741151200842
371.5   0.782615343262
372.0   0.921591982383
372.5   1.43274961961
373.0   1.75631740019
373.5   1.33540974632
374.0   0.878167331267
374.5   0.786750906889
375.0   0.748601133889
375.5   0.794920926149
376.0   0.864295807471
376.5   0.861119536777
377.0   0.786938326589
377.5   0.775421879277
378.0   0.867612642938
378.5   0.970560310919
379.0   0.946841854765
379.5   0.812188198971
380.0   0.782871812324
380.5   0.832367875277
381.0   0.936772978025
381.5   0.970358094928
382.0   0.963509877758
382.5   0.913503342729
383.0   0.80731282074
383.5   0.756618258131
384.0   0.772918839872
384.5   0.859765676055
385.0   0.930674439652
385.5   0.975428291004
386.0   0.973159526223
386.5   0.996086380753
387.0   1.0461496349
387.5   1.00498635042
388.0   0.929130693182
388.5   0.857408133522
389.0   0.839470095461
389.5   0.885659187141
390.0   0.900184213836
390.5   0.96938647175
391.0   1.05266740155
391.5   1.06116787133
392.0   1.04553558878
392.5   0.959305264767
393.0   0.853102412535
393.5   0.847077855623
394.0   0.924307101974
394.5   0.996905108913
395.0   0.98645152858
395.5   0.955874991061
396.0   0.899577565862
396.5   0.804042840198
397.0   0.757634270185
397.5   0.790339007711
398.0   0.914958311447
398.5   0.990429265093
399.0   1.03344208608
399.5   1.06897044934
400.0   1.07660040394
400.5   1.08721674348
401.0   1.09839041003
401.5   1.08995159146
402.0   1.09650388279
402.5   1.05840589682
403.0   1.0854239261
403.5   1.10743341052
404.0   1.09589970087
404.5   1.11213123325
405.0   1.0964841544
405.5   1.08561627789
406.0   1.07539204009
406.5   1.09506371037
407.0   1.06963874853
407.5   1.05116804395
408.0   1.00663613698
408.5   1.03313383
409.0   1.0254890791
409.5   0.957712197323
410.0   0.949337496023
410.5   0.972116387633
411.0   0.975549127389
411.5   0.968308808479
412.0   1.0024117956
412.5   1.04157264856
413.0   1.03451481725
413.5   1.05643552392
414.0   1.07297777844
414.5   1.06503956775
415.0   1.06292616404
415.5   1.0580705142
416.0   1.08202571102
416.5   1.10910292547
417.0   1.06583856752
417.5   1.02619930112
418.0   1.03769848609
418.5   1.08001588135
419.0   1.07322191725
419.5   1.06343417006
420.0   1.0361892643
420.5   1.05455146274
421.0   1.05887691211
421.5   1.04384387939
422.0   1.04463301497
422.5   1.03289708932
423.0   1.03308450902
423.5   1.0532271946
424.0   1.07207273857
424.5   1.06351308362
425.0   1.06523685164
425.5   1.06054642707
426.0   1.0413161795
426.5   1.04686725507
427.0   1.0450300488
427.5   1.05431965416
428.0   1.08172485309
428.5   1.05382891048
429.0   1.01711684385
429.5   1.02246323738
430.0   1.00904546654
430.5   0.966528321336
431.0   0.955320130109
431.5   0.998382272069
432.0   1.03830020197
432.5   1.02084057735
433.0   0.98284123332
433.5   0.993600603689
434.0   1.07086930682
434.5   1.09082950479
435.0   0.959682570215
435.5   0.977033688691
436.0   1.02714133172
436.5   1.05811490307
437.0   1.04407568797
437.5   1.01622166818
438.0   0.996986488519
438.5   0.995541383996
439.0   0.994572226867
439.5   0.99584964008
440.0   1.00964718242
440.5   1.00153388228
441.0   0.984518146419
441.5   0.987213537621
442.0   0.996081448656
442.5   0.994984056995
443.0   1.00640186236
443.5   1.01251273098
444.0   1.02985398526
444.5   1.02736574215
445.0   1.028929217
445.5   0.992328122572
446.0   0.981001561009
446.5   0.992971761277
447.0   0.997704108684
447.5   1.0290401892
448.0   1.02683800773
448.5   1.03673426106
449.0   1.02433250227
449.5   1.02800938085
450.0   1.03678851413
450.5   1.05478573736
451.0   1.0624280222
451.5   1.05572776795
452.0   1.04312625923
452.5   1.02226595349
453.0   1.00968417315
453.5   1.01465572727
454.0   1.03166653103
454.5   1.04666503907
455.0   1.0060442853
455.5   1.0082834575
456.0   1.02171355858
456.5   1.03989080336
457.0   1.03307711088
457.5   1.04794491834
458.0   1.04402636699
458.5   1.02010569485
459.0   1.03000441423
459.5   1.02882071086
460.0   1.01598246146
460.5   1.03454934193
461.0   1.0649458579
461.5   1.06031955059
462.0   1.05488437931
462.5   1.03918797949
463.0   1.04764652645
463.5   1.05133326922
464.0   1.04041113964
464.5   1.03918797949
465.0   1.02243857689
465.5   1.01968400052
466.0   1.02714133172
466.5   1.03280091342
467.0   1.02030791084
467.5   1.0168505106
468.0   1.03709183812
468.5   1.02439908559
469.0   1.03425834819
469.5   1.04163676583
470.0   1.0238220302
470.5   0.998692994202
471.0   0.991973011563
471.5   1.01947685243
472.0   1.01236476806
472.5   1.01108488879
473.0   0.988806605065
473.5   0.996828661404
474.0   0.989743703561
474.5   1.01617727931
475.0   1.04200174103
475.5   1.03386131435
476.0   1.00301597753
476.5   0.997575874153
477.0   1.00860157778
477.5   1.00675204127
478.0   1.0099505064
478.5   1.01003188601
479.0   1.00957813305
479.5   1.00147716316
480.0   0.995778124669
480.5   1.00149689155
481.0   0.993891597432
481.5   0.998685596056
482.0   1.00572863107
482.5   0.988562466246
483.0   0.987664824528
483.5   0.972730433753
484.0   0.944210580828
484.5   0.930085054019
485.0   0.921488408338
485.5   0.99324549268
486.0   1.35011972666
486.5   1.58898613341
487.0   1.24242244893
487.5   0.94573459891
488.0   0.922800346233
488.5   0.935515293201
489.0   0.922127114945
489.5   0.954087105771
490.0   0.965924139411
490.5   0.943125519412
491.0   0.940121872126
491.5   0.92096313997
492.0   0.908021316525
492.5   0.913700626623
493.0   0.949717267519
493.5   0.962123958403
494.0   0.977682259492
494.5   0.984108782339
495.0   0.97541596076
495.5   0.996485880638
496.0   1.06543906764
496.5   1.0431755802
497.0   0.969453055064
497.5   0.958913163028
498.0   0.93395428439
498.5   0.923222040557
499.0   0.930459893417
499.5   0.952496504376
500.0   1.0
500.5   1.13655251327
501.0   1.25534701004
501.5   1.15463604821
502.0   0.955971166959
502.5   0.931865541162
503.0   0.939416582204
503.5   0.925641234307
504.0   0.927929727477
504.5   0.919286226872
505.0   0.910386257204
505.5   0.919781902655
506.0   0.959288002427
506.5   0.947007080026
507.0   0.934627515678
507.5   0.933214469787
508.0   0.940896211409
508.5   0.934713827382
509.0   0.940092279541
509.5   0.942205683256
510.0   0.920388550629
510.5   0.926829869768
511.0   0.926257746475
511.5   0.921162889913
512.0   0.928827369195
512.5   0.932790309415
513.0   0.897994362613
513.5   0.918659850508
514.0   0.926117181701
514.5   0.912381290582
515.0   0.901607123921
515.5   0.895562838619
516.0   0.90289440133
516.5   0.886546964664
517.0   0.839837536713
517.5   0.852680718212
518.0   0.884798536154
518.5   0.878438596621
519.0   0.877610004266
519.5   0.924494521673
520.0   0.932146670711
520.5   0.934516543488
521.0   0.917942230344
521.5   0.900263127394
522.0   0.900783463664
522.5   0.928605424814
523.0   0.927609141149
523.5   0.918174038919
524.0   0.935465972227
524.5   0.928990128407
525.0   0.899239717194
525.5   0.892004330381
526.0   0.912844907733
526.5   0.906275354063
527.0   0.875533591282
527.5   0.903335824042
528.0   0.890231241384
528.5   0.9102999455
529.0   0.916921286192
529.5   0.928632551349
530.0   0.958987144488
530.5   0.918297341353
531.0   0.921421825024
531.5   0.943512689053
532.0   0.934861790302
532.5   0.915145731146
533.0   0.878815902068
533.5   0.876372047831
534.0   0.89686491232
534.5   0.895954940359
535.0   0.902951120449
535.5   0.957147472177
536.0   0.966528321336
536.5   0.92634159213
537.0   0.917456418755
537.5   0.897878458325
538.0   0.928228119367
538.5   0.919234439849
539.0   0.924415608115
539.5   0.906899264378
540.0   0.912243191856
540.5   0.89950605045
541.0   0.889984636517
541.5   0.927789162702
542.0   0.736732041617
542.5   0.782312019275
543.0   0.944163725904
543.5   0.762117546676
544.0   0.748191769809
544.5   0.939446174789
545.0   0.903542972131
545.5   0.907557699374
546.0   0.710495749765
546.5   0.760674908201
547.0   0.935828481383
547.5   0.61101781227
548.0   0.520506427756
548.5   0.900383963779
549.0   0.727136646223
549.5   0.489357766944
550.0   0.888120303719
550.5   0.858283580801
551.0   0.701894171987
551.5   0.867178618372
552.0   0.902290219404
552.5   0.927165252388
553.0   0.901165701209
553.5   0.891017910912
554.0   0.921892840321
554.5   0.917392301489
555.0   0.925064178917
555.5   0.90607560412
556.0   0.89837166806
556.5   0.925836052152
557.0   0.924302169876
557.5   0.916647554789
558.0   0.902290219404
558.5   0.898006692856
559.0   0.879351034631
559.5   0.863982619289
560.0   0.919784368704
560.5   0.873610073316
561.0   0.905101514894
561.5   0.907407270405
562.0   0.87334127401
562.5   0.894980851132
563.0   0.891264515779
563.5   0.904704481057
564.0   0.87484802975
564.5   0.860870465861
565.0   0.874557036007
565.5   0.882248641824
566.0   0.879974944945
566.5   0.896731745691
567.0   0.88361483279
567.5   0.899459195526
568.0   0.901387645589
568.5   0.870880157433
569.0   0.887323769997
569.5   0.923414392353
570.0   0.932750852636
570.5   0.902780963091
571.0   0.869146525214
571.5   0.88441383256
572.0   0.900783463664
572.5   0.888906973246
573.0   0.886507507885
573.5   0.892065981598
574.0   0.88631269004
574.5   0.901614522067
575.0   0.900924028438
575.5   0.909732754305
576.0   0.90440115707
576.5   0.903015237715
577.0   0.917291193494
577.5   0.900416022411
578.0   0.888418695608
578.5   0.855403235949
579.0   0.865516501565
579.5   0.870574367397
580.0   0.89686491232
580.5   0.902312413842
581.0   0.910053340633
581.5   0.912884364512
582.0   0.898973383937
582.5   0.899826636778
583.0   0.934802605134
583.5   0.921924898954
584.0   0.905609520921
584.5   0.913407166831
585.0   0.924297237779
585.5   0.893750292843
586.0   0.884500144264
586.5   0.906166847921
587.0   0.891197932465
587.5   0.94078277317
588.0   0.946020660556
588.5   0.851289866759
589.0   0.764973231042
589.5   0.778514304315
590.0   0.82629646344
590.5   0.86185935138
591.0   0.863913569926
591.5   0.851275070467
592.0   0.87484802975
592.5   0.886781239288
593.0   0.88966158414
593.5   0.886729452266
594.0   0.902290219404
594.5   0.855008668161
595.0   0.846781929782
595.5   0.863558458917
596.0   0.864897523347
596.5   0.8922484692
597.0   0.874414005184
597.5   0.909510809924
598.0   0.892943894927
598.5   0.856214565963
599.0   0.857637476049
599.5   0.859208349054
600.0   0.860673181967
600.5   0.903533107936
601.0   0.888689960962
601.5   0.847425568486
602.0   0.88631269004
602.5   0.870761787096
603.0   0.872275940983
603.5   0.869245167161
604.0   0.862485727743
604.5   0.891582636058
605.0   0.857891479062
605.5   0.885385455738
606.0   0.887814513683
606.5   0.879195673564
607.0   0.875079838326
607.5   0.857637476049
608.0   0.871230336344
608.5   0.896820523443
609.0   0.9186746468
609.5   0.89507702703
610.0   0.871232802393
610.5   0.878736988511
611.0   0.89083542331
611.5   0.907175461829
612.0   0.890532099323
612.5   0.873306749329
613.0   0.881748033943
613.5   0.836962123958
614.0   0.862485727743
614.5   0.835845003909
615.0   0.865935729839
615.5   0.856088797481
616.0   0.829914156846
616.5   0.816082089828
617.0   0.838673561739
617.5   0.835184102864
618.0   0.828409867154
618.5   0.863657100864
619.0   0.902845080356
619.5   0.883454539626
620.0   0.885405184128
620.5   0.862382153699
621.0   0.863482011408
621.5   0.839364055368
622.0   0.83655029383
622.5   0.84475730382
623.0   0.852873070009
623.5   0.848806555744
624.0   0.859770608152
624.5   0.845440399303
625.0   0.857607883464
625.5   0.837598364517
626.0   0.841077959197
626.5   0.843571134407
627.0   0.840375135324
627.5   0.84585469548
628.0   0.82177373017
628.5   0.830099110496
629.0   0.81330531902
629.5   0.875402890702
630.0   0.90862549845
630.5   0.883866369754
631.0   0.807813428621
631.5   0.803596485387
632.0   0.812725797582
632.5   0.875060109936
633.0   0.879671620958
633.5   0.858754596098
634.0   0.830819196709
634.5   0.847652444964
635.0   0.860589336312
635.5   0.859797734688
636.0   0.873040416072
636.5   0.87758534378
637.0   0.843149440084
637.5   0.863777937249
638.0   0.870626154419
638.5   0.883281916218
639.0   0.87477404829
639.5   0.840367737178
640.0   0.839867129297
640.5   0.860022145117
641.0   0.859580722404
641.5   0.854914958311
642.0   0.823282951959
642.5   0.840636536484
643.0   0.826372910949
643.5   0.831322270639
644.0   0.838362839606
644.5   0.860998700392
645.0   0.85999748463
645.5   0.84819990777
646.0   0.875449745627
646.5   0.858907491116
647.0   0.847926176367
647.5   0.857413065619
648.0   0.838658765447
648.5   0.830163227762
649.0   0.812439735936
649.5   0.813421223308
650.0   0.817852712777
650.5   0.835430707731
651.0   0.814678908132
651.5   0.822449427507
652.0   0.851025999551
652.5   0.85458204174
653.0   0.872631051992
653.5   0.896889572806
654.0   1.05367848151
654.5   1.38390705956
655.0   1.57677919247
655.5   2.28284345276
656.0   4.59286769402
656.5   4.86341789414
657.0   2.37773700577
657.5   1.47181429667
658.0   2.42129235747
658.5   2.63425785498
659.0   1.58780243004
659.5   0.881491564881
660.0   0.821169548245
660.5   0.848890401399
661.0   0.834587319085
661.5   0.83941584239
662.0   0.830215014784
662.5   0.842153156419
663.0   0.854411884382
663.5   0.82233105717
664.0   0.819058610579
664.5   0.807798632329
665.0   0.830338317218
665.5   0.808609962343
666.0   0.806392984585
666.5   0.7958506265
667.0   0.825319908164
667.5   0.84235537241
668.0   0.833230992313
668.5   0.827697179087
669.0   0.794605271919
669.5   0.81894517234
670.0   0.823884667836
670.5   0.891294108363
671.0   1.08543872239
671.5   1.379268422
672.0   1.37515505281
672.5   1.20413211116
673.0   1.32345187629
673.5   1.22968777358
674.0   0.926718897578
674.5   0.827144784184
675.0   0.792583112005
675.5   0.784713950684
676.0   0.801867785266
676.5   0.817263327144
677.0   0.776339249384
677.5   0.810121650181
678.0   0.832328418498
678.5   0.785320598658
679.0   0.796546052226
679.5   0.789362452436
680.0   0.782270096447
680.5   0.786962987075
681.0   0.8065508117
681.5   0.795976394982
682.0   0.796141620243
682.5   0.778568557386
683.0   0.814474226092
683.5   0.831596002042
684.0   0.850421817626
684.5   0.78148342692
685.0   0.762904216203
685.5   0.774420663515
686.0   0.803377007055
686.5   0.851575928406
687.0   0.833157010853
687.5   0.857208383579
688.0   0.87183451827
688.5   0.841827637994
689.0   0.775328169427
689.5   0.691721721203
690.0   0.733716064088
690.5   0.808082227927
691.0   0.813699886808
691.5   0.85221956711
692.0   0.851630181477
692.5   0.812831837675
693.0   0.832407332056
693.5   0.908371495437
694.0   0.837156941804
694.5   0.844232035452
695.0   0.831714372378
695.5   0.856409383808
696.0   0.873040416072
696.5   0.834427025921
697.0   0.844278890377
697.5   0.816910682183
698.0   0.771111226193
698.5   0.761981913999
699.0   0.75550360413
699.5   0.783522849174
700.0   0.778950794931
700.5   0.805478080526
701.0   0.878305429993
701.5   0.847977963389
702.0   0.793426500652
702.5   0.796121891854
703.0   0.799483116198
703.5   0.78844261628
704.0   0.805184620734
704.5   0.812055032342
705.0   0.816553105125
705.5   0.793379645727
706.0   0.78498274999
706.5   0.788854446409
707.0   0.780457550671
707.5   0.77699768438
708.0   0.780760874658
708.5   0.769505828506
709.0   0.763883237527
709.5   0.76173777518
710.0   0.760554071816
710.5   0.760608324887
711.0   0.756060931131
711.5   0.743195555194
712.0   0.753920400881
712.5   0.748241090783
713.0   0.750608497511
713.5   0.782642469797
714.0   0.78799626147
714.5   0.757133662304
715.0   0.74636689379
715.5   0.756287807609
716.0   0.748793485686
716.5   0.747895843968
717.0   0.742058706755
717.5   0.752307605048
718.0   0.751809463215
718.5   0.745469252072
719.0   0.738137689362
719.5   0.750115287776
720.0   0.738842979283
720.5   0.753343345491
721.0   0.754023974925
721.5   0.758060896606
722.0   0.740046411036
722.5   0.769333205099
723.0   0.760228553391
723.5   0.775569842198
724.0   0.775934817401
724.5   0.77335039839
725.0   0.77022344867
725.5   0.76670686326
726.0   0.756033804595
726.5   0.762346889203
727.0   0.773868268612
727.5   0.772928704067
728.0   0.767791924677
728.5   0.75096360852
729.0   0.7671902088
729.5   0.778788035718
730.0   0.77171294207
730.5   0.775485996543
731.0   0.768820266974
731.5   0.782783034572
732.0   0.798854273786
732.5   0.804010781565
733.0   0.80411188956
733.5   0.795897481424
734.0   0.800062637636
734.5   0.785924780583
735.0   0.77962156017
735.5   0.772684565248
736.0   0.762364151544
736.5   0.768682168249
737.0   0.775831243357
737.5   0.800425146792
738.0   0.79825009186
738.5   0.78483232102
739.0   0.77701741277
739.5   0.779362625059
740.0   0.780760874658
740.5   0.785508018357
741.0   0.783614092975
741.5   0.771463871154
742.0   0.757841418274
742.5   0.767791924677
743.0   0.773823879736
743.5   0.770218516573
744.0   0.79222060285
744.5   0.775027311489
745.0   0.771259189114
745.5   0.790686720574
746.0   0.782871812324
746.5   0.774590820874
747.0   0.778341680908
747.5   0.785900120097
748.0   0.788299585457
748.5   0.786482107584
749.0   0.778829958546
749.5   0.780879244995
750.0   0.78196677246
750.5   0.78520469437
751.0   0.787473459151
751.5   0.792094834368
752.0   0.789505483259
752.5   0.800989871938
753.0   0.813611109056
753.5   0.802163711107
754.0   0.770807902206
754.5   0.777071665841
755.0   0.768484884355
755.5   0.783384750448
756.0   0.765984310998
756.5   0.771323306379
757.0   0.764640314471
757.5   0.764171765222
758.0   0.75693637841
758.5   0.751720685463
759.0   0.758420939713
759.5   0.7521177193
760.0   0.745474184169
760.5   0.742038978365
761.0   0.741301629812
761.5   0.743306527384
762.0   0.736125393643
762.5   0.739903380213
763.0   0.741530972338
763.5   0.738796124358
764.0   0.754825440745
764.5   0.744788622638
765.0   0.738907096548
765.5   0.72574579477
766.0   0.725874029302
766.5   0.716872951638
767.0   0.72328961029
767.5   0.731975033723
768.0   0.73642871763
768.5   0.735881254824
769.0   0.723203298587
769.5   0.723459767649
770.0   0.733716064088
770.5   0.719896327314
771.0   0.728527497676
771.5   0.728071278671
772.0   0.723158909711
772.5   0.722981354206
773.0   0.731425104869
773.5   0.733854162813
774.0   0.744872468293
774.5   0.735084721102
775.0   0.722046721758
775.5   0.741264639081
776.0   0.737032899555
776.5   0.745708458794
777.0   0.736658060157
777.5   0.728416525485
778.0   0.735222819828
778.5   0.730702552607
779.0   0.722034391515
779.5   0.734305449721
780.0   0.74065305901
780.5   0.744867536195
781.0   0.751318719529
781.5   0.751109105392
782.0   0.736125393643
782.5   0.750652886387
783.0   0.74201185183
783.5   0.733183397574
784.0   0.735523677766
784.5   0.741659206869
785.0   0.732344941024
785.5   0.742907027499
786.0   0.743064854614
786.5   0.744741767713
787.0   0.741301629812
787.5   0.742098163534
788.0   0.735827001753
788.5   0.732783897689
789.0   0.727033072179
789.5   0.736532291674
790.0   0.729193330818
790.5   0.718133102511
791.0   0.718505475861
791.5   0.722083712488
792.0   0.709287385914
792.5   0.716251507372
793.0   0.714530205397
793.5   0.700145743477
794.0   0.711699181518
794.5   0.702165437341
795.0   0.711334206315
795.5   0.711760832735
796.0   0.723158909711
796.5   0.722623777148
797.0   0.718988821401
797.5   0.728189649007
798.0   0.734016922026
798.5   0.738256059698
799.0   0.723913520605
799.5   0.72120579916
800.0   0.726177353289
800.5   0.732667993401
801.0   0.740458241165
801.5   0.766356684348
802.0   0.758746458138
802.5   0.739590192031
803.0   0.730219207067
803.5   0.751809463215
804.0   0.759651498001
804.5   0.750606031462
805.0   0.740349735023
805.5   0.750211463674
806.0   0.743664104442
806.5   0.762391278079
807.0   0.740833080563
807.5   0.736712313228
808.0   0.735523677766
808.5   0.742204203627
809.0   0.737146337794
809.5   0.720325419783
810.0   0.71562266496
810.5   0.69303119305
811.0   0.716897612125
811.5   0.709193676065
812.0   0.706273874434
812.5   0.712328023931
813.0   0.712966730537
813.5   0.713099897166
814.0   0.7246681315
814.5   0.723814878658
815.0   0.736140189935
815.5   0.747957495185
816.0   0.723459767649
816.5   0.782450118
817.0   0.78403332125
817.5   0.74000202216
818.0   0.743064854614
818.5   0.737580362361
819.0   0.721896292789
819.5   0.726599047612
820.0   0.710796607703
820.5   0.727908519458
821.0   0.70482876991
821.5   0.717400686055
822.0   0.729193330818
822.5   0.722875314113
823.0   0.730344975549
823.5   0.738265923893
824.0   0.727082393152
824.5   0.732921996414
825.0   0.73086531182
825.5   0.722165092095
826.0   0.728288290954
826.5   0.721400617005
827.0   0.719087463348
827.5   0.718574525224
828.0   0.722256335896
828.5   0.713778060551
829.0   0.715953115483
829.5   0.703428054263
830.0   0.709588243853
830.5   0.72444372107
831.0   0.690466502428
831.5   0.684540587462
832.0   0.705970550447
832.5   0.70750936482
833.0   0.688964678785
833.5   0.679926610391
834.0   0.692399884589
834.5   0.671731930645
835.0   0.676131361481
835.5   0.700855965495
836.0   0.706273874434
836.5   0.699361539998
837.0   0.701918832474
837.5   0.693095310315
838.0   0.711701647567
838.5   0.676688688481
839.0   0.672415026128
839.5   0.70799271036
840.0   0.716826096713
840.5   0.69729252516
841.0   0.701117366655
841.5   0.718633710392
842.0   0.713208403307
842.5   0.682927791629
843.0   0.677453163571
843.5   0.686493698013
844.0   0.690291412972
844.5   0.697965756448
845.0   0.713997538883
845.5   0.681751486411
846.0   0.702957038966
846.5   0.685221216896
847.0   0.689231012042
847.5   0.674267028683
848.0   0.69783258982
848.5   0.697230873943
849.0   0.711356400753
849.5   0.671988399707
850.0   0.645959255944
850.5   0.645433987576
851.0   0.677455629619
851.5   0.692740199306
852.0   0.667369490539
852.5   0.684772396038
853.0   0.679065959404
853.5   0.683250844005
854.0   0.62002382203
854.5   0.580123154471
855.0   0.611762558969
855.5   0.658703795496
856.0   0.681541872273
856.5   0.689566394661
857.0   0.69838991682
857.5   0.714093714782
858.0   0.719240358366
858.5   0.724024492795
859.0   0.713080168776
859.5   0.705174016725
860.0   0.713810119184
860.5   0.706885454505
861.0   0.71361283529
861.5   0.716742251059
862.0   0.752110321154
862.5   0.718165161144
863.0   0.72827842676
863.5   0.731003410545
864.0   0.723763091636
864.5   0.752388984654
865.0   0.720860552346
865.5   0.719871666827
866.0   0.651991211003
866.5   0.612322352019
867.0   0.644652250146
867.5   0.691603350867
868.0   0.686668787469
868.5   0.725156409137
869.0   0.71564239335
869.5   0.713139353945
870.0   0.701146959239
870.5   0.73601935355
871.0   0.732746906958
871.5   0.739422500721
872.0   0.751508605277
872.5   0.733346156786
873.0   0.742833046039
873.5   0.739785009877
874.0   0.724971455487
874.5   0.709440280932
875.0   0.731173567904
875.5   0.71415289995
876.0   0.741555632825
876.5   0.72714157832
877.0   0.717003652218
877.5   0.722337715502
878.0   0.744872468293
878.5   0.758822905647
879.0   0.754132481067
879.5   0.745042625651
880.0   0.748492627747
880.5   0.750576438878
881.0   0.715664587788
881.5   0.756216292197
882.0   0.744270752416
882.5   0.759279124651
883.0   0.743119107685
883.5   0.752310071096
884.0   0.741555632825
884.5   0.739447161208
885.0   0.739691300027
885.5   0.740502630041
886.0   0.738236331309
886.5   0.720024561845
887.0   0.739681435832
887.5   0.704537776167
888.0   0.725573171363
888.5   0.696967006735
889.0   0.738514994809
889.5   0.734569316929
890.0   0.734317779964
890.5   0.89682792159
891.0   0.735333792018
891.5   0.748270683367
892.0   0.737937939419
892.5   0.732090938011
893.0   0.7643986417
893.5   0.748231226588
894.0   0.754522116758
894.5   0.752036339693
895.0   0.75237665441
895.5   0.723659517592
896.0   0.737032899555
896.5   0.741064889139
897.0   0.748006816159
897.5   0.749355744784
898.0   0.711097465642
898.5   0.749831692178
899.0   0.769148251448
899.5   0.744251024027
900.0   0.739143837221
900.5   0.716835960908
901.0   0.736924393414
901.5   0.760896852582
902.0   0.713208403307
902.5   0.727883858972
903.0   0.715568411889
903.5   0.734226536163
904.0   0.748793485686
904.5   0.759730411559
905.0   0.74411539135
905.5   0.770378809737
906.0   0.791917278863
906.5   0.831674915599
907.0   1.04472425877
907.5   1.09529058685
908.0   0.93335750061
908.5   0.751866182335
909.0   0.764830200218
909.5   0.737348553786
910.0   0.743969894478
910.5   0.748389053703
911.0   0.750038840267
911.5   0.734347372548
912.0   0.729193330818
912.5   0.737743121574
913.0   0.745222647205
913.5   0.74817204142
914.0   0.742460672689
914.5   0.708108614648
915.0   0.717780457551
915.5   0.700394814393
916.0   0.719844540292
916.5   0.725925816324
917.0   0.718900043649
917.5   0.708727592865
918.0   0.717129420701
918.5   0.698458966183
919.0   0.723472097892
919.5   0.730359771841
920.0   0.727984966967
920.5   0.702757289023
921.0   0.69098437265
921.5   0.697677228753
922.0   0.721953011909
922.5   0.716922272612
923.0   0.743057456468
923.5   0.709943354862
924.0   0.731003410545
924.5   0.709013654512
925.0   0.696999065368
925.5   0.72669522351
926.0   0.7671902088
926.5   0.729637219579
927.0   0.724594150039
927.5   0.759367902404
928.0   0.741254774887
928.5   0.884199286326
929.0   0.93936972728
929.5   0.765932523976
930.0   0.658624881938
930.5   0.844705516797
931.0   0.809288125729
931.5   0.69658476919
932.0   0.76145911168
932.5   0.747484013839
933.0   0.7218765644
933.5   0.730182216337
934.0   0.660733353555
934.5   0.721531317585
935.0   0.717284781767
935.5   0.706826269337
936.0   0.713810119184
936.5   0.652042998025
937.0   0.635431694151
937.5   0.742389157277
938.0   0.727684109029
938.5   0.734354770694
939.0   0.768329523288
939.5   0.699867079976
940.0   0.667672814526
940.5   0.71644139312
941.0   0.685561531614
941.5   0.645182450611
942.0   0.688782191183
942.5   0.672972353128
943.0   0.763217404385
943.5   0.728677926645
944.0   0.614899372884
944.5   0.701585915903
945.0   0.760665044007
945.5   0.684688550383
946.0   0.68938390706
946.5   0.717679349555
947.0   0.785347725193
947.5   0.699881876268
948.0   0.723459767649
948.5   0.735708631417
949.0   0.745003168873
949.5   0.698646385882
950.0   0.737032899555
950.5   0.754487592076
951.0   0.736285686807
951.5   0.755079443758
952.0   0.723763091636
952.5   0.835058334381
953.0   1.20056373873
953.5   1.63214691732
954.0   1.4731582932
954.5   0.934077586823
955.0   0.749131334354
955.5   0.734317779964
956.0   0.714113443171
956.5   0.728431321777
957.0   0.735548338253
957.5   0.739474287743
958.0   0.688481333245
958.5   0.74364930815
959.0   0.720986320828
959.5   0.701716616483
960.0   0.710495749765
960.5   0.731861595484
961.0   0.687995521656
961.5   0.70501618961
962.0   0.69783258982
962.5   0.707124661227
963.0   0.694261751338
963.5   0.727795081219
964.0   0.702350390992
964.5   0.688755064647
965.0   0.737834365375
965.5   0.715849541438
966.0   0.727082393152
966.5   0.684698414577
967.0   0.691154530008
967.5   0.702468761328
968.0   0.722256335896
968.5   0.676377966348
969.0   0.705721479531
969.5   0.673029072248
970.0   0.766285168937
970.5   0.711837280244
971.0   0.76289188596
971.5   0.710093783831
972.0   0.720446256168
972.5   0.749291627518
973.0   0.703309683927
973.5   0.673591331346
974.0   0.745777508156
974.5   0.664395435837
975.0   0.679778647471
975.5   0.731780215878
976.0   0.672496405734
976.5   0.74977250701
977.0   0.702567403275
977.5   0.732164919471
978.0   0.722860517821
978.5   0.695006498038
979.0   0.679470391387
979.5   0.690732835685
980.0   0.669179570266
980.5   0.709977879543
981.0   0.759094171001
981.5   0.720934533806
982.0   0.66435351301
982.5   0.700569903849
983.0   0.714044393808
983.5   0.71139832358
984.0   0.725272313425
984.5   0.717321772497
985.0   0.741294231666
985.5   0.752110321154
986.0   0.727984966967
986.5   0.661899794578
987.0   0.657125524344
987.5   0.745959995758
988.0   0.757841418274
988.5   0.613409879484
989.0   0.708722660768
989.5   0.694555211131
990.0   0.737937939419
990.5   0.734278323186
991.0   0.806331333368
991.5   0.774640141847
992.0   0.759047316076
992.5   0.842130961981
993.0   0.727896189215
993.5   0.663877565615
994.0   0.68938390706
994.5   0.566799093481
