123.5   0.541189991887
124.0   0.425506460829
124.5   0.354643096495
125.0   0.226750420336
125.5   0.473083796781
126.0   0.315534208886
126.5   0.345031216564
127.0   0.222960047501
127.5   0.520132038424
128.0   0.277639592715
128.5   0.393825469424
129.0   0.220631150721
129.5   0.187866103867
130.0   0.213994838391
130.5   0.235407578982
131.0   0.133050757781
131.5   0.209528400607
132.0   0.105859425521
132.5   0.193382793853
133.0   0.090216164419
133.5   0.18800895933
134.0   0.374513527178
134.5   0.188033650398
135.0   0.230682472869
135.5   0.300784235341
136.0   0.2499174025
136.5   0.265763189145
137.0   0.227912958107
137.5   0.3042821366
138.0   0.449224582897
138.5   0.176963527766
139.0   0.166296692573
139.5   0.0957181573409
140.0   0.173397138188
140.5   0.236668293142
141.0   0.278237175342
141.5   0.0439359913464
142.0   0.158106900566
142.5   0.211955473775
143.0   0.159204183372
143.5   0.3064367262
144.0   0.309564261443
144.5   0.462449001188
145.0   0.335395821331
145.5   0.174647564403
146.0   0.302753641932
146.5   0.120197881271
147.0   0.380554020529
147.5   0.539567436009
148.0   0.461778815064
148.5   0.377693971852
149.0   0.436529258915
149.5   0.420621156718
150.0   0.206662767046
150.5   0.353928819179
151.0   0.174236928431
151.5   0.0594981246546
152.0   0.338473386556
152.5   0.37455761837
153.0   0.273199903587
153.5   0.336292342242
154.0   0.284372905668
154.5   0.278179562851
155.0   0.235055731267
155.5   0.24357914663
156.0   0.0619822224312
156.5   0.230731561063
157.0   0.351333317656
157.5   0.183275622862
158.0   0.254230696876
158.5   0.348629057859
159.0   0.146720791055
159.5   0.0959227404734
160.0   0.379886773818
160.5   0.189067441888
161.0   0.153320948607
161.5   0.300740144149
162.0   0.0634663319655
162.5   0.0845275187828
163.0   0.20535707987
163.5   0.0608878790373
164.0   0.119581486402
164.5   0.0801554361501
165.0   0.11440958954
165.5   0.212825246029
166.0   0.322579981423
166.5   0.299382135425
167.0   0.180724800414
167.5   0.0638948983551
168.0   0.220406873523
168.5   0.0770067371342
169.0   0.168216423087
169.5   0.264543332824
170.0   0.18410747669
170.5   0.185876709269
171.0   0.168163807598
171.5   0.207673925057
172.0   0.389616230262
172.5   0.32478454104
173.0   0.310031628082
173.5   0.284650974121
174.0   0.310125689292
174.5   0.249074966785
175.0   0.29842976567
175.5   0.281760649493
176.0   0.210336739133
176.5   0.165396350425
177.0   0.161860824682
177.5   0.179594302242
178.0   0.276477348885
178.5   0.145971240785
179.0   0.0834331753889
179.5   0.182942293447
180.0   0.177208674795
180.5   0.242365757016
181.0   0.210155671303
181.5   0.197367755817
182.0   0.216159128053
182.5   0.232775922682
183.0   0.280195118223
183.5   0.211225029688
184.0   0.170322218434
184.5   0.208020187887
185.0   0.169898061163
185.5   0.102007912899
186.0   0.271347779568
186.5   0.226575231332
187.0   0.28115953957
187.5   0.255914980424
188.0   0.212692090628
188.5   0.230664836392
189.0   0.261236199457
189.5   0.196233142467
190.0   0.184933745635
190.5   0.209938742637
191.0   0.189790537442
191.5   0.155991405157
192.0   0.121413034532
192.5   0.0960179774488
193.0   0.153596959471
193.5   0.259102479689
194.0   0.322665224395
194.5   0.278348285147
195.0   0.189001011158
195.5   0.151151955885
196.0   0.185227686917
196.5   0.115217928067
197.0   0.131690985409
197.5   0.111286463416
198.0   0.0686829079023
198.5   0.0803629586954
199.0   0.229367379572
199.5   0.254619287251
200.0   0.0873311307333
200.5   0.131124560558
201.0   0.297624366557
201.5   0.218794311648
202.0   0.189532456996
202.5   0.0424639334047
203.0   0.277126665177
203.5   0.208567212614
204.0   0.596741954827
204.5   0.151043491552
205.0   0.264805528448
205.5   0.234272083809
206.0   0.355739497478
206.5   0.240446320443
207.0   0.374104948795
207.5   0.497281043139
208.0   0.228195141738
208.5   0.184771196106
209.0   0.150901811854
209.5   0.213863740579
210.0   0.200607870572
210.5   0.400559664201
211.0   0.128488495138
211.5   0.225057906433
212.0   0.116280525802
212.5   0.184899942388
213.0   0.161076001458
213.5   0.147510317339
214.0   0.561701214565
214.5   0.164295246382
215.0   0.269485955486
215.5   0.290965714689
216.0   0.279620463016
216.5   0.0715470717569
217.0   0.129976425909
217.5   0.281721261361
218.0   0.174719286075
218.5   0.180995520335
219.0   0.141575054967
219.5   0.232024902705
220.0   0.258943751396
220.5   0.0386503392082
221.0   0.130700697229
221.5   0.045560016931
222.0   0.233692725541
222.5   0.152371812207
223.0   0.201987924892
223.5   0.286685635677
224.0   0.354337397561
224.5   0.267811665942
225.0   0.372397149945
225.5   0.261592750232
226.0   0.15390383417
226.5   0.229235987819
227.0   0.311078059047
227.5   0.304784776193
228.0   0.0310854663672
228.5   0.165983351166
229.0   0.186522204324
229.5   0.164108005785
230.0   0.0986340548612
230.5   0.186843188205
231.0   0.235245911277
231.5   0.173342465109
232.0   0.146909795299
232.5   0.108551927667
233.0   0.261011628317
233.5   0.153153108135
234.0   0.107653643108
234.5   0.224789244101
235.0   0.0758489024233
235.5   0.182573691079
236.0   0.218843987725
236.5   0.212210614808
237.0   0.216227910313
237.5   0.225310108053
238.0   0.0784723283677
238.5   0.135031922023
239.0   0.218940694407
239.5   0.248970029747
240.0   0.251258656571
240.5   0.214150333329
241.0   0.160809690656
241.5   0.10001381524
242.0   0.145182302383
242.5   0.209592773748
243.0   0.193327826833
243.5   0.173899189898
244.0   0.201981752125
244.5   0.161934603944
245.0   0.19127317727
245.5   0.212516901624
246.0   0.148030005526
246.5   0.178565507754
247.0   0.192267286687
247.5   0.203860918743
248.0   0.203755981705
248.5   0.200481181879
249.0   0.155278597547
249.5   0.153421476526
250.0   0.178485849667
250.5   0.0615180891465
251.0   0.167146182879
251.5   0.150156082821
252.0   0.123627882094
252.5   0.136922552351
253.0   0.161306451423
253.5   0.186954591951
254.0   0.165577418255
254.5   0.17158205077
255.0   0.119515349614
255.5   0.143596195224
256.0   0.172819837509
256.5   0.161145959483
257.0   0.173936226499
257.5   0.169097952993
258.0   0.151237198857
258.5   0.175169016237
259.0   0.183635700932
259.5   0.16340078306
260.0   0.168842224077
260.5   0.196691690868
261.0   0.165675300702
261.5   0.175381241843
262.0   0.207063115072
262.5   0.207958166277
263.0   0.192226428849
263.5   0.208067218492
264.0   0.2087244712
264.5   0.235484885539
265.0   0.230901753066
265.5   0.246878049641
266.0   0.231651597277
266.5   0.212662402558
267.0   0.255172190803
267.5   0.221900095237
268.0   0.202926479406
268.5   0.255389707352
269.0   0.260094237575
269.5   0.220996813676
270.0   0.209619816345
270.5   0.222280749198
271.0   0.240034508707
271.5   0.255306521969
272.0   0.225843905421
272.5   0.223232825011
273.0   0.227273047936
273.5   0.207800025867
274.0   0.191505390883
274.5   0.206019917461
275.0   0.212436655654
275.5   0.199594654972
276.0   0.200806574879
276.5   0.193004785364
277.0   0.209818814594
277.5   0.188531880871
278.0   0.177036719145
278.5   0.158463451341
279.0   0.149751913558
279.5   0.11310066901
280.0   0.145881588694
280.5   0.154278903246
281.0   0.181828549929
281.5   0.203393846045
282.0   0.238078623414
282.5   0.252384745623
283.0   0.259452269815
283.5   0.288747927714
284.0   0.272793382794
284.5   0.237677687505
285.0   0.260632738004
285.5   0.244827809197
286.0   0.251290402229
286.5   0.283505778886
287.0   0.306968759921
287.5   0.302121668176
288.0   0.301145783118
288.5   0.283320889819
289.0   0.303315069782
289.5   0.347409201538
290.0   0.363819943328
290.5   0.336312918131
291.0   0.343199962376
291.5   0.348340995403
292.0   0.319658205077
292.5   0.295749021176
293.0   0.301674877426
293.5   0.328361806446
294.0   0.32186864352
294.5   0.316707034603
295.0   0.318344287545
295.5   0.337891382817
296.0   0.358734759145
296.5   0.374272495326
297.0   0.363714124466
297.5   0.357964632985
298.0   0.383805011111
298.5   0.376482933769
299.0   0.345769009183
299.5   0.334422875686
300.0   0.321166123855
300.5   0.328308897015
301.0   0.318438348755
301.5   0.317403675442
302.0   0.333990782001
302.5   0.382952581392
303.0   0.392996555008
303.5   0.420080304758
304.0   0.432522839238
304.5   0.430312400795
305.0   0.412675923857
305.5   0.373543520946
306.0   0.37924304241
306.5   0.401400336269
307.0   0.349208122186
307.5   0.340551551422
308.0   0.396353364452
308.5   0.364210885234
309.0   0.390112991029
309.5   0.447948877732
310.0   0.395865421923
310.5   0.408834111298
311.0   0.494265205583
311.5   0.44642626189
312.0   0.329320055026
312.5   0.420147911253
313.0   0.472851583168
313.5   0.501513797604
314.0   0.652038188851
314.5   0.625924445333
315.0   0.601489106536
315.5   0.48955626624
316.0   0.537036601568
316.5   0.664172084984
317.0   0.535834381724
317.5   0.44529164854
318.0   0.492572103797
318.5   0.441975990876
319.0   0.475267780508
319.5   0.559405533151
320.0   0.576542309908
320.5   0.338229415292
321.0   0.314825810396
321.5   0.448336880225
322.0   0.476023209604
322.5   0.42617370754
323.0   0.374254858849
323.5   0.314417232014
324.0   0.355754194542
324.5   0.374769256093
325.0   0.468880436444
325.5   0.453945279891
326.0   0.41247016496
326.5   0.276394163502
327.0   0.335439912523
327.5   0.386103631938
328.0   0.428710420806
328.5   0.375959718287
329.0   0.389148863623
329.5   0.436843776087
330.0   0.397640827268
330.5   0.434815581239
331.0   0.422584684483
331.5   0.424533515185
332.0   0.39949559676
332.5   0.347841295223
333.0   0.37872276634
333.5   0.387338185324
334.0   0.401223971499
334.5   0.410439030699
335.0   0.394236987219
335.5   0.392652643708
336.0   0.373549399772
336.5   0.381347661991
337.0   0.368490670304
337.5   0.392346944774
338.0   0.37507789444
338.5   0.427907961106
339.0   0.379977895616
339.5   0.381000811278
340.0   0.3920089123
340.5   0.346077647529
341.0   0.347923598782
341.5   0.364160915216
342.0   0.386462240303
342.5   0.395265781707
343.0   0.396000634913
343.5   0.364875192532
344.0   0.351077588741
344.5   0.367370754018
345.0   0.377726305393
345.5   0.386200632562
346.0   0.376894451564
346.5   0.383757980506
347.0   0.407476102574
347.5   0.399554385016
348.0   0.40682649234
348.5   0.360128040823
349.0   0.370492410436
349.5   0.387693854276
350.0   0.381003750691
350.5   0.445679651033
351.0   0.448848338056
351.5   0.419739332871
352.0   0.400859484309
352.5   0.365313165042
353.0   0.356765352553
353.5   0.380421746952
354.0   0.420115577712
354.5   0.415691761414
355.0   0.395221690515
355.5   0.383496372765
356.0   0.40423393023
356.5   0.384322347768
357.0   0.368170274306
357.5   0.351547894793
358.0   0.353337997202
358.5   0.314331989042
359.0   0.369410706517
359.5   0.408881141903
360.0   0.478859742978
360.5   0.446038259397
361.0   0.39661203278
361.5   0.380609869372
362.0   0.422428895604
362.5   0.43916885163
363.0   0.470935086007
363.5   0.477651644308
364.0   0.477246005338
364.5   0.423072627012
365.0   0.400057024609
365.5   0.444301066419
366.0   0.496593220538
366.5   0.511187405204
367.0   0.492251707799
367.5   0.466405450847
368.0   0.459112767634
368.5   0.454577253648
369.0   0.455429683366
369.5   0.46456537842
370.0   0.502251590222
370.5   0.455585472246
371.0   0.430429977308
371.5   0.454444980071
372.0   0.504982304735
372.5   0.517104443216
373.0   0.605807103973
373.5   0.501654889419
374.0   0.436123619946
374.5   0.402637829067
375.0   0.392614431341
375.5   0.410777063174
376.0   0.438683848514
376.5   0.42287274694
377.0   0.449741919554
377.5   0.492695559135
378.0   0.517154413234
378.5   0.513312600675
379.0   0.489817873981
379.5   0.445165253789
380.0   0.43095319279
380.5   0.469962140363
381.0   0.515966890454
381.5   0.51115213225
382.0   0.48763976908
382.5   0.433986666823
383.0   0.408196258715
383.5   0.356483168922
384.0   0.369351918261
384.5   0.427055531387
385.0   0.463260279127
385.5   0.480723330707
386.0   0.502192801966
386.5   0.506011099223
387.0   0.514955732443
387.5   0.47719603532
388.0   0.467260819979
388.5   0.426332435833
389.0   0.43156753007
389.5   0.469253741873
390.0   0.502183983727
390.5   0.533650397996
391.0   0.572103796546
391.5   0.587253530235
392.0   0.546354540217
392.5   0.473512951053
393.0   0.40127688093
393.5   0.357758874087
394.0   0.381365298468
394.5   0.479723930348
395.0   0.550234565143
395.5   0.57127488213
396.0   0.516016860472
396.5   0.434759732396
397.0   0.357265052733
397.5   0.434818520652
398.0   0.545290472775
398.5   0.614278491728
399.0   0.679753912358
399.5   0.723959741802
400.0   0.741184700944
400.5   0.72903904716
401.0   0.729456443781
401.5   0.762745294
402.0   0.792647940647
402.5   0.807342065349
403.0   0.78637229427
403.5   0.757401441488
404.0   0.76738956626
404.5   0.767848114661
405.0   0.753688963093
405.5   0.756210979295
406.0   0.732616312565
406.5   0.747107617782
407.0   0.74199303947
407.5   0.737395797815
408.0   0.746161126853
408.5   0.79276551716
409.0   0.77412670045
409.5   0.717769338397
410.0   0.68757568988
410.5   0.662143890137
411.0   0.705785352318
411.5   0.729867961576
412.0   0.73800425627
412.5   0.758888784376
413.0   0.776272471811
413.5   0.792068876321
414.0   0.771507683625
414.5   0.742569164384
415.0   0.756319737569
415.5   0.734097776628
416.0   0.78399724871
416.5   0.791730843847
417.0   0.775899166383
417.5   0.752962928125
418.0   0.765875768656
418.5   0.783509306181
419.0   0.804496713736
419.5   0.810631268298
420.0   0.764215000412
420.5   0.775152555526
421.0   0.800099352153
421.5   0.819105595466
422.0   0.816227910313
422.5   0.792045361019
423.0   0.7784476373
423.5   0.791751419736
424.0   0.796254600181
424.5   0.810287356998
425.0   0.807006972287
425.5   0.769194365734
426.0   0.789420465368
426.5   0.844105301525
427.0   0.830745670245
427.5   0.785740320514
428.0   0.798165218516
428.5   0.798465038624
429.0   0.773218421888
429.5   0.753121656418
430.0   0.690982469342
430.5   0.652064643567
431.0   0.666605918802
431.5   0.738027771572
432.0   0.804581956708
432.5   0.82242125313
433.0   0.809793535643
433.5   0.794485073662
434.0   0.77539652679
434.5   0.776695747258
435.0   0.808356162773
435.5   0.839111239139
436.0   0.86306157482
436.5   0.885468718769
437.0   0.879636923728
437.5   0.84517230838
438.0   0.799499711938
438.5   0.735496937132
439.0   0.73502663108
439.5   0.782339419877
440.0   0.821457125725
440.5   0.81643366921
441.0   0.821554126348
441.5   0.855089887244
442.0   0.868132061939
442.5   0.873511187405
443.0   0.868234941388
443.5   0.864231461123
444.0   0.858326180762
444.5   0.865701167535
445.0   0.878226005573
445.5   0.870245499759
446.0   0.854910583062
446.5   0.861227381218
447.0   0.886503392082
447.5   0.930685706223
448.0   0.949683131298
448.5   0.977910312636
449.0   0.945259314999
449.5   0.908443169392
450.0   0.929606941717
450.5   1.00087594502
451.0   1.02564637688
451.5   1.01173119658
452.0   0.976722789855
452.5   0.925191943657
453.0   0.887402852406
453.5   0.887158881142
454.0   0.90448378032
454.5   0.957986972522
455.0   0.957501969407
455.5   0.925153731291
456.0   0.972319549447
456.5   0.974435926679
457.0   0.985176541134
457.5   0.991860765893
458.0   0.98673442993
458.5   0.987613314364
459.0   1.00803047583
459.5   1.03163983963
460.0   1.02644883658
460.5   1.00890348144
461.0   0.995975943845
461.5   1.02692796087
462.0   1.05658369684
462.5   1.05783294729
463.0   1.05074602297
463.5   1.0304199833
464.0   1.00124043221
464.5   0.986872582333
465.0   0.995079422934
465.5   1.0209756499
466.0   1.06651597277
466.5   1.02639004832
467.0   1.01231613973
467.5   0.999850089946
468.0   0.985876121386
468.5   0.976228968501
469.0   0.98147582039
469.5   0.997980623391
470.0   0.989132990794
470.5   0.984515173249
471.0   0.981049605531
471.5   1.00709574255
472.0   1.03931170709
472.5   1.03974380078
473.0   1.02793911888
473.5   1.03038177094
474.0   1.03276857415
474.5   1.01616383111
475.0   1.06052251002
475.5   1.0223953863
476.0   0.996131732725
476.5   0.989603296845
477.0   1.00600228098
477.5   1.02807433187
478.0   1.03159868785
478.5   1.02834181844
479.0   1.04268027419
479.5   1.05191003045
480.0   1.06200103467
480.5   1.0635648023
481.0   1.06352365052
481.5   1.069778721
482.0   1.07501087583
482.5   1.05260079247
483.0   1.03276857415
483.5   1.02822424193
484.0   1.03618123244
484.5   1.03982316492
485.0   1.03357691268
485.5   1.0121721085
486.0   0.956088111839
486.5   0.964662379043
487.0   0.919759908761
487.5   0.915339031875
488.0   0.924671667588
488.5   0.927202502028
489.0   0.932528718063
489.5   0.969559440806
490.0   1.03174271907
490.5   1.05329155448
491.0   1.04797415668
491.5   1.04401476761
492.0   1.02800966479
492.5   0.984036048959
493.0   0.99995884822
493.5   0.990685000764
494.0   1.00315692937
494.5   1.02587859049
495.0   1.05093708481
495.5   1.05725976179
496.0   1.01353893546
496.5   1.00033509306
497.0   1.00073779262
497.5   0.99842741414
498.0   0.974306592515
498.5   0.951999388602
499.0   0.977795675536
499.5   0.991602097565
500.0   1.0
500.5   1.00286004868
501.0   0.998036472234
501.5   0.983471681697
502.0   0.963968677617
502.5   0.978389436926
503.0   1.00975591116
503.5   1.00713101551
504.0   0.992395739027
504.5   0.990132391154
505.0   1.00917684683
505.5   0.999917696441
506.0   1.02353881789
506.5   1.04728927349
507.0   1.04913228533
507.5   1.01965585355
508.0   0.968098552633
508.5   1.00160785881
509.0   1.01463827586
509.5   1.01803917649
510.0   1.01170180245
510.5   1.00049676077
511.0   1.02492916015
511.5   1.03506131615
512.0   1.03493786081
512.5   1.00915921036
513.0   0.980255964069
513.5   1.01537312906
514.0   0.986102456173
514.5   0.99103479089
515.0   0.998209897591
515.5   0.991984221232
516.0   0.970849843035
516.5   0.964386074238
517.0   0.877097271049
517.5   0.857329719815
518.0   0.88878143702
518.5   0.915968066219
519.0   0.926990864305
519.5   0.970741084761
520.0   1.0127217787
520.5   1.02773335998
521.0   1.00684001364
521.5   0.985044267557
522.0   1.00765129158
522.5   0.990705576654
523.0   0.986334669786
523.5   1.0309226229
524.0   1.05012874628
524.5   1.06298867738
525.0   1.04721578817
525.5   1.02864457796
526.0   1.02365345499
526.5   0.96692866633
527.0   0.918607658934
527.5   0.954733042527
528.0   1.02564931629
528.5   1.05720391295
529.0   1.09119528283
529.5   1.08581909678
530.0   1.07668046231
530.5   1.08221831607
531.0   1.11449600828
531.5   1.09051039964
532.0   1.08345286945
532.5   1.06662179163
533.0   1.03773324241
533.5   1.04455561957
534.0   1.04617229662
534.5   1.05216281996
535.0   1.0707634243
535.5   1.10614807586
536.0   1.11308509012
536.5   1.09423169628
537.0   1.07256528436
537.5   1.05942023021
538.0   1.06057541945
538.5   1.10199762495
539.0   1.0949253977
539.5   1.07182455233
540.0   1.07796498571
540.5   1.08042233483
541.0   1.08698016484
541.5   1.08927290684
542.0   1.08644519171
542.5   1.09232989618
543.0   1.0965744083
543.5   1.08322653467
544.0   1.07608082209
544.5   1.12636829667
545.0   1.11906679522
545.5   1.10983703895
546.0   1.10109816463
546.5   1.09238280561
547.0   1.08425532916
547.5   1.07892029488
548.0   1.06640427508
548.5   1.0455256258
549.0   1.05453786552
549.5   1.08659510176
550.0   1.10123925645
550.5   1.08890841965
551.0   1.07474632867
551.5   1.07575748668
552.0   1.08005196882
552.5   1.07656876462
553.0   1.03908243289
553.5   1.05921741073
554.0   1.09568670562
554.5   1.12524250156
555.0   1.10651550246
555.5   1.08963739403
556.0   1.07655700697
556.5   1.07576630492
557.0   1.1075560546
557.5   1.10399054685
558.0   1.08185676829
558.5   1.05374128464
559.0   1.04464086254
559.5   1.04599005303
560.0   1.04844446273
560.5   1.05820625272
561.0   1.09805881177
561.5   1.12624778074
562.0   1.13610363194
562.5   1.12595383946
563.0   1.09334987243
563.5   1.09601885927
564.0   1.09031933781
564.5   1.07083984903
565.0   1.08400547907
565.5   1.08421417738
566.0   1.0705106348
566.5   1.04660439031
567.0   1.08926114919
567.5   1.10027512904
568.0   1.10800284535
568.5   1.13584496361
569.0   1.15542733184
569.5   1.1479230109
570.0   1.12193566213
570.5   1.09063679439
571.0   1.0749814817
571.5   1.09009594243
572.0   1.13011604802
572.5   1.16088876086
573.0   1.17173225476
573.5   1.18009782366
574.0   1.19082374105
574.5   1.14008065749
575.0   1.13683260632
575.5   1.14458677735
576.0   1.11793218187
576.5   1.12360818803
577.0   1.14390777298
577.5   1.16946596748
578.0   1.16493045349
578.5   1.15245264606
579.0   1.1429024938
579.5   1.14260267369
580.0   1.16479230109
580.5   1.15230861483
581.0   1.12349942975
581.5   1.12342006561
582.0   1.12793206429
582.5   1.14574784541
583.0   1.18024773371
583.5   1.20333388202
584.0   1.18275505285
584.5   1.15105348556
585.0   1.16967172638
585.5   1.18140292295
586.0   1.18548576736
586.5   1.18121186112
587.0   1.1776992628
587.5   1.17013321419
588.0   1.1597276928
588.5   1.14809643626
589.0   1.04690714983
589.5   0.967839884305
590.0   0.958178034356
590.5   1.03868855157
591.0   1.07696558535
591.5   1.08138058341
592.0   1.08790020106
592.5   1.06803270979
593.0   1.05670715218
593.5   1.08559864082
594.0   1.11708563097
594.5   1.12948701367
595.0   1.11958119246
595.5   1.10144795476
596.0   1.11836133614
596.5   1.14670021517
597.0   1.13228827409
597.5   1.11504861789
598.0   1.08778850337
598.5   1.0420629975
599.0   1.07680685706
599.5   1.08970500053
600.0   1.06805622509
600.5   1.08353517301
601.0   1.06233906715
601.5   1.02715135625
602.0   1.05625154319
602.5   1.07615430742
603.0   1.08347344534
603.5   1.06652185159
604.0   1.08269744036
604.5   1.10053085796
605.0   1.10921388343
605.5   1.13903716594
606.0   1.143957743
606.5   1.11973992075
607.0   1.09158034591
607.5   1.08708010488
608.0   1.09484309414
608.5   1.06235964304
609.0   1.08863211485
609.5   1.12214729986
610.0   1.06500217517
610.5   1.08237116554
611.0   1.11798215189
611.5   1.13381088994
612.0   1.13177681626
612.5   1.12168287263
613.0   1.10410518395
613.5   1.08273271331
614.0   1.07666282583
614.5   1.09300890054
615.0   1.06495514456
615.5   1.04860906985
616.0   1.04853558453
616.5   1.01880342383
617.0   0.989182960812
617.5   0.964015708222
618.0   1.0363781731
618.5   1.07097212261
619.0   1.07739180021
619.5   1.09791184113
620.0   1.1070504756
620.5   1.10293235823
621.0   1.05453198669
621.5   1.03848573209
622.0   1.04106359714
622.5   1.03898249286
623.0   1.0374569376
623.5   1.03586083644
624.0   1.03220420689
624.5   1.03208956979
625.0   1.03798897132
625.5   1.06524614643
626.0   1.07745940671
626.5   1.08398490318
627.0   1.0996020035
627.5   1.11489870783
628.0   1.1262154472
628.5   1.11799684895
629.0   1.12933710362
629.5   1.14700003527
630.0   1.14343746693
630.5   1.13382852641
631.0   1.12105383829
631.5   1.10936379349
632.0   1.11389930747
632.5   1.12733536349
633.0   1.13263218539
633.5   1.12223548224
634.0   1.10308814711
634.5   1.10918154989
635.0   1.11510446673
635.5   1.12077753348
636.0   1.12328191321
636.5   1.12790560958
637.0   1.13455162197
637.5   1.15705576654
638.0   1.1716940424
638.5   1.17688210603
639.0   1.15902811254
639.5   1.1496425674
640.0   1.15533914945
640.5   1.15146206394
641.0   1.144783718
641.5   1.13540111227
642.0   1.13829055508
642.5   1.14062444886
643.0   1.13284382312
643.5   1.1412064526
644.0   1.15363429001
644.5   1.15677946173
645.0   1.15080069605
645.5   1.14256740074
646.0   1.16204101069
646.5   1.15548024127
647.0   1.12748527354
647.5   1.14776134319
648.0   1.15451023504
648.5   1.14462498971
649.0   1.12456937602
649.5   1.10901694278
650.0   1.10434327639
650.5   1.12050416809
651.0   1.13924880366
651.5   1.14764670609
652.0   1.15103878849
652.5   1.15288180033
653.0   1.16252307439
653.5   1.17512139775
654.0   1.19019764612
654.5   1.19806351483
655.0   1.1991804917
655.5   1.19084137753
656.0   1.27182807962
656.5   1.32021963293
657.0   1.23547342183
657.5   1.21473880378
658.0   1.22778979671
658.5   1.28442640298
659.0   1.24552033486
659.5   1.12730009053
660.0   1.11396691397
660.5   1.11418443052
661.0   1.1302483216
661.5   1.14417232014
662.0   1.14844916579
662.5   1.12047477396
663.0   1.10799990594
663.5   1.10506931135
664.0   1.11492516255
664.5   1.1201396809
665.0   1.11984867903
665.5   1.12059528988
666.0   1.11927549353
666.5   1.11195929501
667.0   1.11744717875
667.5   1.12673278386
668.0   1.10834675665
668.5   1.10408460806
669.0   1.11525437679
669.5   1.11054837686
670.0   1.10742378103
670.5   1.1144313412
671.0   1.13856392047
671.5   1.16896332789
672.0   1.16566824611
672.5   1.17155882941
673.0   1.18859272672
673.5   1.1656417914
674.0   1.1389372259
674.5   1.12513080387
675.0   1.10641556243
675.5   1.08461393752
676.0   1.09601004103
676.5   1.10280596348
677.0   1.10179480547
677.5   1.10551904152
678.0   1.1110157435
678.5   1.11816439548
679.0   1.11760002822
679.5   1.1096195224
680.0   1.11419618817
680.5   1.11964585954
681.0   1.12276751596
681.5   1.12833476385
682.0   1.13536583932
682.5   1.11670644672
683.0   1.10518982728
683.5   1.10690056554
684.0   1.10063079799
684.5   1.09210356139
685.0   1.092656171
685.5   1.09337338773
686.0   1.09429342395
686.5   1.09878778615
687.0   1.10431388226
687.5   1.11059540746
688.0   1.11248838932
688.5   1.11017213201
689.0   1.12481922611
689.5   1.1400835969
690.0   1.14759673608
690.5   1.15923975027
691.0   1.1741249368
691.5   1.15882529306
692.0   1.14309943446
692.5   1.13551280996
693.0   1.1327938531
693.5   1.13343170568
694.0   1.14152978801
694.5   1.14582427014
695.0   1.13833170686
695.5   1.14289367556
696.0   1.15528330061
696.5   1.15920741673
697.0   1.15801401512
697.5   1.14458383793
698.0   1.13944868373
698.5   1.13979847386
699.0   1.14908995779
699.5   1.15335210638
700.0   1.14110945198
700.5   1.13993956567
701.0   1.14677957931
701.5   1.14063032769
702.0   1.13583320596
702.5   1.14067147947
703.0   1.14217645883
703.5   1.14084784423
704.0   1.16073885081
704.5   1.17683801484
705.0   1.15712925186
705.5   1.13413716476
706.0   1.10762072168
706.5   1.09495773124
707.0   1.08767680568
707.5   1.09615113285
708.0   1.09520170251
708.5   1.08047524427
709.0   1.06971405392
709.5   1.06064596536
710.0   1.0564602415
710.5   1.05615160316
711.0   1.06444368673
711.5   1.06853828879
712.0   1.06993450988
712.5   1.05041974815
713.0   1.03387379337
713.5   1.0382123667
714.0   1.03915591821
714.5   1.03656629552
715.0   1.05097823659
715.5   1.06876168417
716.0   1.06651597277
716.5   1.06179527578
717.0   1.05251848891
717.5   1.05642790796
718.0   1.06786810267
718.5   1.04212472516
719.0   1.02235423452
719.5   1.04074907996
720.0   1.05633678616
720.5   1.0688145936
721.0   1.05514926338
721.5   1.03362688269
722.0   1.05141033027
722.5   1.06730373541
723.0   1.07867044479
723.5   1.08079857968
724.0   1.07573985021
724.5   1.07571339549
725.0   1.07688034238
725.5   1.07954932923
726.0   1.08516948654
726.5   1.09612761755
727.0   1.1029705706
727.5   1.10726505273
728.0   1.0869008007
728.5   1.06773288968
729.0   1.07903493198
729.5   1.08979318291
730.0   1.09969900413
730.5   1.11632138364
731.0   1.13672972687
731.5   1.12677981446
732.0   1.11503392082
732.5   1.11565707634
733.0   1.1178939695
733.5   1.12273518242
734.0   1.12816721732
734.5   1.13394904234
735.0   1.11822906256
735.5   1.10149204595
736.0   1.10297351001
736.5   1.10907279162
737.0   1.12390800814
737.5   1.13766446015
738.0   1.15063608893
738.5   1.1418031534
739.0   1.12932534597
739.5   1.14362264994
740.0   1.15343440994
740.5   1.15149733689
741.0   1.14415762307
741.5   1.13146817792
742.0   1.12602438537
742.5   1.12330248909
743.0   1.13544520347
743.5   1.14742918955
744.0   1.15495114696
744.5   1.15800225747
745.0   1.15403992898
745.5   1.16292283453
746.0   1.18015955133
746.5   1.16714089194
747.0   1.14833452869
747.5   1.15478947925
748.0   1.16065948666
748.5   1.16471293694
749.0   1.16155600757
749.5   1.14958671856
750.0   1.14441923081
750.5   1.14282312965
751.0   1.13431940835
751.5   1.12558347345
752.0   1.13064220291
752.5   1.13315246146
753.0   1.1283700368
753.5   1.12749409178
754.0   1.13125947961
754.5   1.1313946926
755.0   1.1295840143
755.5   1.12695617923
756.0   1.12419019177
756.5   1.12177105501
757.0   1.11929606942
757.5   1.1166329614
758.0   1.11543368097
758.5   1.11635077777
759.0   1.11783812066
759.5   1.11972228428
760.0   1.10339384605
760.5   1.08178034356
761.0   1.10497525014
761.5   1.12408143349
762.0   1.10231214213
762.5   1.0936408743
763.0   1.11440488648
763.5   1.12264112121
764.0   1.11737369343
764.5   1.10749726635
765.0   1.09516055073
765.5   1.08159809996
766.0   1.06777992028
766.5   1.05837967808
767.0   1.0514397244
767.5   1.05789761437
768.0   1.06692455115
768.5   1.08159516055
769.0   1.07794734924
769.5   1.0539382253
770.0   1.05595760191
770.5   1.07315610634
771.0   1.08070451847
771.5   1.0856397926
772.0   1.07734476961
772.5   1.07077224254
773.0   1.08973145524
773.5   1.10367896909
774.0   1.10184183607
774.5   1.09441393987
775.0   1.07813841107
775.5   1.07886738545
776.0   1.09464321407
776.5   1.0978589317
777.0   1.0949930042
777.5   1.10518688787
778.0   1.1183760332
778.5   1.09909054567
779.0   1.0811013392
779.5   1.09421699921
780.0   1.1059276199
780.5   1.11268532998
781.0   1.11762060411
781.5   1.11920200821
782.0   1.11961646541
782.5   1.11877285393
783.0   1.11137435186
783.5   1.09973427708
784.0   1.0896285758
784.5   1.08010193884
785.0   1.08514891065
785.5   1.09270614102
786.0   1.09837038953
786.5   1.10374657558
787.0   1.10680650433
787.5   1.10788820825
788.0   1.10131568118
788.5   1.09168616477
789.0   1.07551939425
789.5   1.07061645366
790.0   1.08063103314
790.5   1.08209780014
791.0   1.07624836863
791.5   1.06454950559
792.0   1.04964668258
792.5   1.05651021152
793.0   1.0706723025
793.5   1.05513456632
794.0   1.03440288768
794.5   1.0483210074
795.0   1.06318561804
795.5   1.06108687729
796.0   1.06207158058
796.5   1.08180091945
797.0   1.0951987631
797.5   1.08795311049
798.0   1.08362041599
798.5   1.08532527542
799.0   1.08883787375
799.5   1.09491070064
800.0   1.10447261055
800.5   1.11754711879
801.0   1.13282618664
801.5   1.14968077977
802.0   1.15125630504
802.5   1.14508647753
803.0   1.1294693772
803.5   1.11059246805
804.0   1.11601862412
804.5   1.12682684507
805.0   1.11413152109
805.5   1.09863493669
806.0   1.10136859061
806.5   1.10426685165
807.0   1.093617359
807.5   1.08426120798
808.0   1.08613949277
808.5   1.08711537783
809.0   1.08358808244
809.5   1.08024303065
810.0   1.07749467966
810.5   1.0766099164
811.0   1.08025772772
811.5   1.09028112544
812.0   1.1121856298
812.5   1.12911076883
813.0   1.1387079517
813.5   1.14300537325
814.0   1.14103302724
814.5   1.13427531716
815.0   1.12291154719
815.5   1.13330237152
816.0   1.1608975791
816.5   1.17036836721
817.0   1.1679580487
817.5   1.15870477713
818.0   1.145744906
818.5   1.12389331107
819.0   1.09806763001
819.5   1.0915098
820.0   1.09210944022
820.5   1.09126876815
821.0   1.08999012357
821.5   1.0807133367
822.0   1.06946126442
822.5   1.08548400372
823.0   1.10695347497
823.5   1.11089522757
824.0   1.11205923505
824.5   1.11831136612
825.0   1.12517783448
825.5   1.12327897379
826.0   1.120574714
826.5   1.11848479148
827.0   1.11643602074
827.5   1.10681532257
828.0   1.09688598606
828.5   1.10789114766
829.0   1.11935779709
829.5   1.11006631315
830.0   1.10060728269
830.5   1.08671561769
831.0   1.07345298703
831.5   1.09387602732
832.0   1.11307039306
832.5   1.08805305052
833.0   1.06389107712
833.5   1.06460241502
834.0   1.06514914581
834.5   1.06128087853
835.0   1.05740967184
835.5   1.05337091863
836.0   1.0502257469
836.5   1.07004914698
837.0   1.08908478442
837.5   1.08658628352
838.0   1.08383793253
838.5   1.07228310073
839.0   1.06119857497
839.5   1.0726211332
840.0   1.08405250967
840.5   1.09782659816
841.0   1.11158598958
841.5   1.09556031087
842.0   1.07946408625
842.5   1.06933193025
843.0   1.05932322959
843.5   1.05515514221
844.0   1.05121338961
844.5   1.05556666
845.0   1.06041081234
845.5   1.06771819261
846.0   1.07522545296
846.5   1.06419677605
847.0   1.05101938837
847.5   1.05341794923
848.0   1.05819449507
848.5   1.05241267005
849.0   1.04459383194
849.5   1.01374469436
850.0   0.977378278915
850.5   0.998868326063
851.0   1.03748633173
851.5   1.0437384628
852.0   1.03822706376
852.5   1.03485261784
853.0   1.03241878402
853.5   0.97986208275
854.0   0.900624331284
854.5   0.892629128405
855.0   0.930529917344
855.5   0.981572821013
856.0   1.0429124878
856.5   1.07109851736
857.0   1.06760355551
857.5   1.07071639369
858.0   1.08160103938
858.5   1.09633631586
859.0   1.11672996202
859.5   1.12838179445
860.0   1.12366403687
860.5   1.11708269156
861.0   1.1059041046
861.5   1.09746798979
862.0   1.09831160127
862.5   1.10035155377
863.0   1.10850254553
863.5   1.11555419689
864.0   1.11241784341
864.5   1.10905515514
865.0   1.09743859567
865.5   1.08583673325
866.0   1.02268344875
866.5   0.957199209886
867.0   0.9899824811
867.5   1.03589904881
868.0   1.04832688622
868.5   1.05265958072
869.0   1.06133378796
869.5   1.07164230873
870.0   1.08766798744
870.5   1.10683589846
871.0   1.11689750855
871.5   1.11982810314
872.0   1.12031898508
872.5   1.11810266781
873.0   1.12043362218
873.5   1.130066078
874.0   1.12699145219
874.5   1.09315293177
875.0   1.06992569164
875.5   1.08944339279
876.0   1.10716805211
876.5   1.10924621698
877.0   1.11133613949
877.5   1.11838485144
878.0   1.12542474515
878.5   1.11919318997
879.0   1.11150662544
879.5   1.16584461088
880.0   1.23591727317
880.5   1.20120868655
881.0   1.11961940483
881.5   1.09369672314
882.0   1.10778826822
882.5   1.11769702884
883.0   1.12287921365
883.5   1.12540710868
884.0   1.12313200315
884.5   1.12566871642
885.0   1.14354034638
885.5   1.15689703825
886.0   1.13715594173
886.5   1.11743836051
887.0   1.09767374869
887.5   1.07792971276
888.0   1.08653043468
888.5   1.09924339514
889.0   1.10931088406
889.5   1.11847009441
890.0   1.11473410072
890.5   1.10300878297
891.0   1.09441687928
891.5   1.08915533033
892.0   1.091189404
892.5   1.10674477666
893.0   1.12187981329
893.5   1.13549517348
894.0   1.14576548189
894.5   1.11414621815
895.0   1.08256222737
895.5   1.10103643696
896.0   1.12315551845
896.5   1.11827903258
897.0   1.10606283289
897.5   1.10917273166
898.0   1.12092744353
898.5   1.13142114731
899.0   1.14059799414
899.5   1.14468377797
900.0   1.13878143702
900.5   1.1304335046
901.0   1.11095401583
901.5   1.09179492305
902.0   1.08583085443
902.5   1.07987266464
903.0   1.09620110287
903.5   1.11606565472
904.0   1.12382276516
904.5   1.12639181197
905.0   1.13214718228
905.5   1.1406802977
906.0   1.14441335199
906.5   1.13984256505
907.0   1.13615360196
907.5   1.13608599546
908.0   1.13526002046
908.5   1.10156553127
909.0   1.06790631503
909.5   1.07992263465
910.0   1.10023397726
910.5   1.11221502393
911.0   1.1200485591
911.5   1.12353470271
912.0   1.12244418055
912.5   1.12066877521
913.0   1.11732666283
913.5   1.11517795205
914.0   1.1220209051
914.5   1.1288521005
915.0   1.12224430048
915.5   1.1145930089
916.0   1.12344652032
916.5   1.13819355446
917.0   1.13730291237
917.5   1.12324076143
918.0   1.11533961976
918.5   1.11906973463
919.0   1.12040128864
919.5   1.10769126759
920.0   1.0949930042
920.5   1.08307074579
921.0   1.07120727563
921.5   1.05621039141
922.0   1.04012298503
922.5   1.02597853053
923.0   1.01354187488
923.5   1.01134319408
924.0   1.03081680404
924.5   1.04086959589
925.0   0.973345404522
925.5   0.905894698475
926.0   0.969165559488
926.5   1.04801530846
927.0   1.08573091439
927.5   1.10366721144
928.0   1.09259444333
928.5   1.04680720979
929.0   1.01535549259
929.5   1.03151344487
930.0   1.04761554832
930.5   1.05625154319
931.0   1.06487871983
931.5   1.07313259103
932.0   1.08127476455
932.5   1.08983433469
933.0   1.09874075555
933.5   1.0979059623
934.0   1.0755311519
934.5   1.05199527342
935.0   1.01380936144
935.5   0.975661661826
936.0   1.09780014344
936.5   1.2512845234
937.0   1.24267792266
937.5   1.1234406415
938.0   1.04096659651
938.5   1.02705435562
939.0   1.00489706176
939.5   0.909615995109
940.0   0.814434868491
940.5   0.889410471364
941.0   0.993933051934
941.5   1.0336063068
942.0   1.02996437432
942.5   1.01611680051
943.0   0.982742707317
943.5   0.955168075625
944.0   0.989706176294
944.5   1.0242060646
945.0   1.02854169851
945.5   1.02645765482
946.0   1.03724529988
946.5   1.05808279738
947.0   1.06055190415
947.5   1.01922963869
948.0   0.979856203925
948.5   1.01361829961
949.0   1.04734512234
949.5   1.05306521969
950.0   1.04965550082
950.5   1.04983186559
951.0   1.05390589176
951.5   1.05591938954
952.0   1.04980541087
952.5   1.04369437161
953.0   1.06533726823
953.5   1.08932875569
954.0   1.07554290955
954.5   1.04041986573
955.0   1.02110498407
955.5   1.03063749985
956.0   1.03920000941
956.5   1.03417361348
957.0   1.02915015696
957.5   1.0457549
958.0   1.06863822883
958.5   1.07753877086
959.0   1.07136600393
959.5   1.06328849749
960.0   1.04679839155
960.5   1.03032298268
961.0   1.06218327827
961.5   1.10022809844
962.0   1.09193601486
962.5   1.05074308356
963.0   1.0281507566
963.5   1.05354434398
964.0   1.07890853723
964.5   1.06718321948
965.0   1.05439971311
965.5   1.05065196176
966.0   1.05150439148
966.5   1.05982586918
967.0   1.08202725424
967.5   1.10299114649
968.0   1.08829114296
968.5   1.0736058365
969.0   1.06561357303
969.5   1.060287357
970.0   1.05184242396
970.5   1.03859449036
971.0   1.02714547742
971.5   1.03941458654
972.0   1.05167193801
972.5   1.06112802906
973.0   1.06960823506
973.5   1.06291225265
974.0   1.03469976837
974.5   1.00924739274
975.0   1.01479406474
975.5   1.02033485791
976.0   1.03323006196
976.5   1.04861200927
977.0   1.04091368708
977.5   0.999697240479
978.0   0.965993933052
978.5   1.03630174836
979.0   1.10653607835
979.5   1.11774993827
980.0   1.10645083538
980.5   1.04554032287
981.0   0.902579040811
981.5   0.767730538148
982.0   0.912152708375
982.5   1.05642790796
983.0   1.10182713901
983.5   1.09962551881
984.0   1.09349978248
984.5   1.07904962905
985.0   1.06461417267
985.5   1.0993256987
986.0   1.13589493363
986.5   1.12338773207
987.0   1.07858520182
987.5   1.04457619546
988.0   1.04487895498
988.5   1.04517877509
989.0   0.970420688763
989.5   0.884810290296
990.0   0.88809361442
990.5   0.978698075272
991.0   1.05815334329
991.5   1.06525790408
992.0   1.07235364664
992.5   1.07513727058
993.0   1.07653643108
993.5   0.905250967067
994.0   0.452399148746
994.5   0.0
995.0   0.0
