115.0   0.000993714572593
115.5   0.00942265628974
116.0   0.0218120918177
116.5   0.00345625523878
117.0   0.0
117.5   0.0
118.0   0.0
118.5   0.0
119.0   0.0
119.5   0.0
120.0   0.000173613147646
120.5   0.00391976680666
121.0   0.0217566464746
121.5   0.0308671545503
122.0   0.0167233062852
122.5   0.00699971470087
123.0   0.00429857328317
123.5   0.00381953613457
124.0   0.00325194567374
124.5   0.00150947347934
125.0   0.00427853599524
125.5   0.00469642181809
126.0   0.00394234745896
126.5   0.003506702318
127.0   0.00385111808509
127.5   0.00393212976908
128.0   0.00448134165788
128.5   0.0036332733984
129.0   0.00335027435161
129.5   0.00169840785391
130.0   0.00278157808018
130.5   0.00247416273551
131.0   0.00230829114666
131.5   0.00258195715205
132.0   0.001364826819
132.5   0.00116416864054
133.0   0.0020440975148
133.5   0.00228944813417
134.0   0.00362343168413
134.5   0.00394141857806
135.0   0.00418724027274
135.5   0.0058807891949
136.0   0.00461083207824
136.5   0.00169262446451
137.0   0.00193313826834
137.5   0.0051588718078
138.0   0.00617272319128
138.5   0.00356703534392
139.0   0.00263353215808
139.5   0.00316560398269
140.0   0.00342515984492
140.5   0.00368776774439
141.0   0.000775900848599
141.5   0.00135313176618
142.0   0.00430250996888
142.5   0.00539887693876
143.0   0.00513580459885
143.5   0.00551837083137
144.0   0.00586278659846
144.5   0.00737330175138
145.0   0.00883014085815
145.5   0.00817251529889
146.0   0.00715072419536
146.5   0.00764157140108
147.0   0.00761613775746
147.5   0.0071134583784
148.0   0.00666759554756
148.5   0.00926841782832
149.0   0.00969871084601
149.5   0.0113257120867
150.0   0.0113905568199
150.5   0.0105946607041
151.0   0.00983587559189
151.5   0.0111833721473
152.0   0.0134768896644
152.5   0.0149270496752
153.0   0.0175468476657
153.5   0.0229050971233
154.0   0.0297885468985
154.5   0.0373648975909
155.0   0.0412224072612
155.5   0.0447176533815
156.0   0.0548961975597
156.5   0.063969594632
157.0   0.0635894169503
157.5   0.0797638873223
158.0   0.0989326716163
158.5   0.10089570658
159.0   0.0936261077458
159.5   0.0905559352172
160.0   0.099133707982
160.5   0.105779629642
161.0   0.113763803281
161.5   0.121076086404
162.0   0.121987274332
162.5   0.126810377811
163.0   0.127480056706
163.5   0.14282163054
164.0   0.164439121809
164.5   0.175821451399
165.0   0.160883056107
165.5   0.141177732513
166.0   0.167578518081
166.5   0.191327127524
167.0   0.165355838791
167.5   0.177188012129
168.0   0.203644309388
168.5   0.212730755025
169.0   0.214272476153
169.5   0.215639479207
170.0   0.237105695588
170.5   0.271003213486
171.0   0.301715996877
171.5   0.322158011487
172.0   0.32507513983
172.5   0.334273272337
173.0   0.361155527837
173.5   0.365693774508
174.0   0.365127599484
174.5   0.382460074709
175.0   0.419900609744
175.5   0.442233560467
176.0   0.413721340154
176.5   0.392591511356
177.0   0.420973246019
177.5   0.465900118764
178.0   0.482509393861
178.5   0.454466037239
179.0   0.460817813282
179.5   0.52591245961
180.0   0.552093631194
180.5   0.526746240797
181.0   0.514980416094
181.5   0.527361071486
182.0   0.538060894778
182.5   0.53875534383
183.0   0.523212070144
183.5   0.484544085351
184.0   0.422901779692
184.5   0.39835057292
185.0   0.400812107299
185.5   0.418334781945
186.0   0.442987723291
186.5   0.4664154265
187.0   0.492702755901
187.5   0.505220531806
188.0   0.527577810362
188.5   0.535612630126
189.0   0.517227423218
189.5   0.483725785513
190.0   0.457531344201
190.5   0.474341876826
191.0   0.493257872819
191.5   0.522150491975
192.0   0.524503656916
192.5   0.472247471564
193.0   0.427720902253
193.5   0.450445309926
194.0   0.51833323381
194.5   0.550231446157
195.0   0.553020300471
195.5   0.541422558978
196.0   0.525041080864
196.5   0.520998237338
197.0   0.514279332179
197.5   0.530570133825
198.0   0.532713194753
198.5   0.534276810931
199.0   0.515161769032
199.5   0.489150892279
200.0   0.489458307623
200.5   0.498988183308
201.0   0.480894910396
201.5   0.476387626422
202.0   0.476166464303
202.5   0.480450374538
203.0   0.483712515785
203.5   0.490668064411
204.0   0.499773308829
204.5   0.507604659444
205.0   0.541802957822
205.5   0.551845929622
206.0   0.515453703028
206.5   0.509274433438
207.0   0.522721090241
207.5   0.535805041169
208.0   0.559951521264
208.5   0.579075409648
209.0   0.584385512112
209.5   0.57189206404
210.0   0.556355425217
210.5   0.541787476474
211.0   0.526381323301
211.5   0.515661595419
212.0   0.508880764867
212.5   0.533310332473
213.0   0.52986904991
213.5   0.461403892896
214.0   0.412288209626
214.5   0.427530702831
215.0   0.473404149444
215.5   0.485610086762
216.0   0.489144257415
216.5   0.471973230537
217.0   0.444794617799
217.5   0.423001302645
218.0   0.423461319851
218.5   0.453519463372
219.0   0.479921797075
219.5   0.494460994743
220.0   0.51112556037
220.5   0.511660772696
221.0   0.482597858708
221.5   0.436888072063
222.0   0.41354662208
222.5   0.411522988696
223.0   0.42349670579
223.5   0.432805419357
224.0   0.4622708484
224.5   0.453353591783
225.0   0.413559891807
225.5   0.39609029607
226.0   0.396150009842
226.5   0.390399794762
227.0   0.395329498382
227.5   0.40314757927
228.0   0.427537337695
228.5   0.437244143074
229.0   0.455505499196
229.5   0.455874839934
230.0   0.429229227901
230.5   0.392766229429
231.0   0.388610593223
231.5   0.402986130924
232.0   0.396114623903
232.5   0.390603263911
233.0   0.383127984306
233.5   0.367093730717
234.0   0.348881030262
234.5   0.325603717293
235.0   0.31394847365
235.5   0.333742483252
236.0   0.362363073003
236.5   0.339141050564
237.0   0.330772276001
237.5   0.35264963276
238.0   0.35109928631
238.5   0.323277091807
239.0   0.292307760358
239.5   0.303445484644
240.0   0.314485897598
240.5   0.309178006754
241.0   0.289594101164
241.5   0.281459758447
242.0   0.315585073326
242.5   0.363796203531
243.0   0.386206560995
243.5   0.380429806461
244.0   0.371098976683
244.5   0.380675296413
245.0   0.393905214339
245.5   0.384662849409
246.0   0.38599203374
246.5   0.388944548022
247.0   0.361053793262
247.5   0.346494691003
248.0   0.350442434818
248.5   0.35485240746
249.0   0.36028414909
249.5   0.353076475649
250.0   0.387869700126
250.5   0.425369948934
251.0   0.416003733217
251.5   0.391025683557
252.0   0.360795033583
252.5   0.328350550804
253.0   0.310845569128
253.5   0.310146696833
254.0   0.312037632946
254.5   0.311161830957
255.0   0.314370893296
255.5   0.330608616034
256.0   0.360978598142
256.5   0.371570051995
257.0   0.393062586668
257.5   0.421842413144
258.0   0.389685441119
258.5   0.37956948582
259.0   0.400913841874
259.5   0.415683048145
260.0   0.409295886163
260.5   0.381418401131
261.0   0.361657565845
261.5   0.350152712443
262.0   0.379965366012
262.5   0.410171688153
263.0   0.402114752177
263.5   0.398675681235
264.0   0.46215805572
264.5   0.519742036505
265.0   0.550182790491
265.5   0.548064057396
266.0   0.535539646627
266.5   0.496734541321
267.0   0.464422755813
267.5   0.470265858983
268.0   0.490595080912
268.5   0.491280683479
269.0   0.480658266929
269.5   0.460054803973
270.0   0.463250596585
270.5   0.473691660198
271.0   0.465880214173
271.5   0.440052901979
272.0   0.433119469565
272.5   0.439139502429
273.0   0.467505755744
273.5   0.493622790314
274.0   0.474883724016
274.5   0.422596575968
275.0   0.38604732427
275.5   0.378100969354
276.0   0.390178632643
276.5   0.417478884547
277.0   0.430036469633
277.5   0.436293145965
278.0   0.448198302802
278.5   0.431310363436
279.0   0.424115959722
279.5   0.368765716333
280.0   0.269848747227
280.5   0.251461328698
281.0   0.327990056551
281.5   0.439506631546
282.0   0.515048976351
282.5   0.544704604816
283.0   0.533078112249
283.5   0.524923864941
284.0   0.506016715433
284.5   0.477259005169
285.0   0.470161912787
285.5   0.464037933727
286.0   0.465539624511
286.5   0.492092348454
287.0   0.492618714296
287.5   0.494127039944
288.0   0.50041025573
288.5   0.505028120763
289.0   0.500529683274
289.5   0.492525826206
290.0   0.495153232174
290.5   0.515201578213
291.0   0.549744889496
291.5   0.566256853261
292.0   0.568979358939
292.5   0.54379562851
293.0   0.523362460384
293.5   0.524749146867
294.0   0.531631711994
294.5   0.54760404019
295.0   0.542707510887
295.5   0.539938561163
296.0   0.566993323116
296.5   0.584471765338
297.0   0.574041759831
297.5   0.56332424357
298.0   0.571580225453
298.5   0.57023113653
299.0   0.573999739029
299.5   0.597770243522
300.0   0.59155116475
300.5   0.567156983083
301.0   0.57999544406
301.5   0.589034339842
302.0   0.573327406189
302.5   0.553214923135
303.0   0.552801349974
303.5   0.559226109515
304.0   0.569173981604
304.5   0.574110320088
305.0   0.570540763496
305.5   0.568762620063
306.0   0.55986969128
306.5   0.548287431136
307.0   0.553128669909
307.5   0.566754468028
308.0   0.57980745626
308.5   0.589739847
309.0   0.594023757235
309.5   0.58772284848
310.0   0.563160583603
310.5   0.558334826178
311.0   0.560966655387
311.5   0.574273980056
312.0   0.573008932738
312.5   0.571206461472
313.0   0.574667648626
313.5   0.580902208746
314.0   0.597776878385
314.5   0.620695908722
315.0   0.622195387885
315.5   0.612685416791
316.0   0.610206189443
316.5   0.622237408688
317.0   0.631658914934
317.5   0.624265465314
318.0   0.595007928662
318.5   0.589248867097
319.0   0.615392441121
319.5   0.614952328505
320.0   0.608377178723
320.5   0.609881081129
321.0   0.611387195156
321.5   0.600702853212
322.0   0.58486764553
322.5   0.574625627824
323.0   0.570182480864
323.5   0.568901952198
324.0   0.571697441375
324.5   0.579650431156
325.0   0.590266212842
325.5   0.599325013214
326.0   0.601731257063
326.5   0.592882560703
327.0   0.570910104234
327.5   0.541758725398
328.0   0.5282081224
328.5   0.545666660032
329.0   0.573860406894
329.5   0.588129786778
330.0   0.58817180758
330.5   0.582326492789
331.0   0.576375020181
331.5   0.573177015948
332.0   0.571420988727
332.5   0.569249176724
333.0   0.5672631409
333.5   0.566026844658
334.0   0.563682526202
334.5   0.559980272339
335.0   0.560948962418
335.5   0.569284562663
336.0   0.573132783524
336.5   0.562932786621
337.0   0.549539208726
337.5   0.546038212391
338.0   0.550673770394
338.5   0.556822077287
339.0   0.560586256544
339.5   0.561123680492
340.0   0.562256030538
340.5   0.567152559841
341.0   0.572823156558
341.5   0.57497285235
342.0   0.572221595596
342.5   0.565352300197
343.0   0.557755381427
343.5   0.553157420984
344.0   0.553555512798
344.5   0.558547141811
345.0   0.563319820328
345.5   0.563713488899
346.0   0.561546100138
346.5   0.5599448864
347.0   0.559369864892
347.5   0.558852345535
348.0   0.556592068684
348.5   0.551967568787
349.0   0.548079538744
349.5   0.547900397428
350.0   0.550377413155
350.5   0.553506857131
351.0   0.556830923772
351.5   0.560119604474
352.0   0.562187470281
352.5   0.562758068547
353.0   0.564810453006
353.5   0.570657979419
354.0   0.577593623454
354.5   0.581764741008
355.0   0.58255207815
355.5   0.583671158469
356.0   0.573320771325
356.5   0.560572986817
357.0   0.555059415203
357.5   0.561647834712
358.0   0.557171513434
358.5   0.552244021435
359.0   0.560845016222
359.5   0.576664742556
360.0   0.575300172285
360.5   0.566320990276
361.0   0.572252558293
361.5   0.567402473035
362.0   0.572234865323
362.5   0.59253975942
363.0   0.60032466599
363.5   0.604018073368
364.0   0.599285204033
364.5   0.590363524174
365.0   0.591540106644
365.5   0.606961741165
366.0   0.615549466225
366.5   0.619618849205
367.0   0.621859221465
367.5   0.618119370042
368.0   0.612296171463
368.5   0.610944870919
369.0   0.613884115473
369.5   0.608786328642
370.0   0.613795650626
370.5   0.606846736864
371.0   0.62196095604
371.5   0.650305093142
372.0   0.653887919462
372.5   0.677625249637
373.0   0.685635741568
373.5   0.661509166064
374.0   0.725847437947
374.5   0.723841497533
375.0   0.696446145918
375.5   0.799271049658
376.0   0.863894620674
376.5   0.816094852009
377.0   0.746649946811
377.5   0.859079921355
378.0   1.03038325184
378.5   1.06443558322
379.0   0.957550142981
379.5   0.798839783527
380.0   0.802575211707
380.5   0.978239859164
381.0   1.12125876631
381.5   1.17176998255
382.0   1.15859093191
382.5   1.04765159005
383.0   0.867554853734
383.5   0.763834243415
384.0   0.916115420086
384.5   1.13994254208
385.0   1.28301452814
385.5   1.36492634196
386.0   1.42636739009
386.5   1.46152110882
387.0   1.41085729072
387.5   1.28053530079
388.0   1.10525547542
388.5   0.890117813061
389.0   0.814960290342
389.5   0.975665532105
390.0   1.16367323739
390.5   1.31481542915
391.0   1.43735693575
391.5   1.48096568227
392.0   1.47653359342
392.5   1.39638665331
393.0   1.1658870702
393.5   1.13610316771
394.0   1.35253241684
394.5   1.42375988871
395.0   1.37652850669
395.5   1.25159844921
396.0   1.05248619395
396.5   0.789477991052
397.0   0.711894319893
397.5   0.91522634837
398.0   1.1322505236
398.5   1.27938968102
399.0   1.39339654147
399.5   1.46680024859
400.0   1.50271697663
400.5   1.51696202868
401.0   1.54375581933
401.5   1.57250910635
402.0   1.58804132193
402.5   1.5734534686
403.0   1.56041153847
403.5   1.56833135393
404.0   1.57780151585
404.5   1.56325789493
405.0   1.57001439765
405.5   1.55073127254
406.0   1.509457998
406.5   1.47147561577
407.0   1.43328755277
407.5   1.38197130643
408.0   1.33427327234
408.5   1.26111726679
409.0   1.13034189452
409.5   0.931607826485
410.0   0.773651629854
410.5   0.849667261593
411.0   1.03815931192
411.5   1.18473229431
412.0   1.28401860416
412.5   1.3398863669
413.0   1.38185630213
413.5   1.42841313968
414.0   1.45851993887
414.5   1.46733324929
415.0   1.46949621481
415.5   1.45121053086
416.0   1.46307809013
416.5   1.47846655034
417.0   1.45932939222
417.5   1.4340527737
418.0   1.4360144817
418.5   1.45111543114
419.0   1.46306924365
419.5   1.44913603018
420.0   1.42992588857
420.5   1.44558637818
421.0   1.4500560646
421.5   1.43850255553
422.0   1.42210117282
422.5   1.3918860042
423.0   1.39381896111
423.5   1.40013756284
424.0   1.40407424855
424.5   1.38668869441
425.0   1.37376840345
425.5   1.38702707245
426.0   1.40033439712
426.5   1.40702233959
427.0   1.38123925981
427.5   1.3751307621
428.0   1.39494025305
428.5   1.37550452608
429.0   1.3456387936
429.5   1.31750697214
430.0   1.27754076571
430.5   1.25814042468
431.0   1.24010907716
431.5   1.21540526852
432.0   1.1806695462
432.5   1.11064519625
433.0   0.99977662626
433.5   0.833155297828
434.0   0.705750436242
434.5   0.781348071577
435.0   0.925846553299
435.5   1.04772899679
436.0   1.15002089982
436.5   1.20809586051
437.0   1.23335478606
437.5   1.25865573241
438.0   1.27024462742
438.5   1.2631121491
439.0   1.2842110152
439.5   1.28750633077
440.0   1.28056184025
440.5   1.28152168384
441.0   1.28698881141
441.5   1.27238105348
442.0   1.27635533675
442.5   1.28215199588
443.0   1.28304549084
443.5   1.28839319086
444.0   1.28754835157
444.5   1.27562329014
445.0   1.27774423486
445.5   1.27183478305
446.0   1.27511682889
446.5   1.26679670999
447.0   1.26108630409
447.5   1.2536641034
448.0   1.21898145998
448.5   1.21977985523
449.0   1.23273774375
449.5   1.24729021114
450.0   1.24769493782
450.5   1.25797676471
451.0   1.26522645895
451.5   1.25241453743
452.0   1.22989802215
452.5   1.21825383661
453.0   1.20955110725
453.5   1.22180791185
454.0   1.23093969573
454.5   1.22112452091
455.0   1.19235575254
455.5   1.19216997636
456.0   1.20106069352
456.5   1.2045240923
457.0   1.20634646815
457.5   1.20189005146
458.0   1.18747028134
458.5   1.18273077714
459.0   1.19184707966
459.5   1.19568866566
460.0   1.20026229827
460.5   1.20177062392
461.0   1.1982607811
461.5   1.18741941405
462.0   1.18248528719
462.5   1.18100571262
463.0   1.16796157087
463.5   1.16893689581
464.0   1.17964998883
464.5   1.17290454422
465.0   1.16525675816
465.5   1.16666334923
466.0   1.16441634211
466.5   1.15186096865
467.0   1.15252666662
467.5   1.16063889313
468.0   1.16151690674
468.5   1.16730250776
469.0   1.15675749795
469.5   1.14958521045
470.0   1.13158040238
470.5   1.12475091616
471.0   1.12978898922
471.5   1.12366279854
472.0   1.12172320676
472.5   1.12145338898
473.0   1.10995295882
473.5   1.09899437585
474.0   1.09689333572
474.5   1.10506306438
475.0   1.10744940364
475.5   1.09989229405
476.0   1.08904871538
476.5   1.08033713953
477.0   1.08001203122
477.5   1.0826726115
478.0   1.07734260445
478.5   1.06770435933
479.0   1.06288302514
479.5   1.06117786521
480.0   1.04954473778
480.5   1.05739599298
481.0   1.04784400109
481.5   1.03295979052
482.0   1.02176456408
482.5   1.00525481193
483.0   0.996286688031
483.5   0.981530751487
484.0   0.943477597383
484.5   0.875085423868
485.0   0.779680509204
485.5   0.671952441298
486.0   0.586577228706
486.5   0.601061135844
487.0   0.680564494191
487.5   0.769790139266
488.0   0.85087480676
488.5   0.910117503434
489.0   0.945089869227
489.5   0.972498490569
490.0   1.00177150857
490.5   1.02304288112
491.0   1.02175571759
491.5   1.01159110663
492.0   0.995457330087
492.5   1.00163659968
493.0   1.0189580168
493.5   1.01962592639
494.0   1.02976842115
494.5   1.0414878018
495.0   1.03739187937
495.5   1.01822597018
496.0   1.00560203646
496.5   1.0149704638
497.0   1.02019873628
497.5   1.0222157348
498.0   1.01484661301
498.5   1.01047202631
499.0   1.01070645816
499.5   1.00239518574
500.0   1.0
500.5   0.992144321552
501.0   0.984436821723
501.5   0.975897752329
502.0   0.965584962745
502.5   0.973577761707
503.0   0.977843978972
503.5   0.980480231424
504.0   0.974252306168
504.5   0.968791813463
505.0   0.966867703032
505.5   0.968517572436
506.0   0.981212278036
506.5   0.986358720533
507.0   0.98612871193
507.5   0.982483960217
508.0   0.978684395022
508.5   0.974086434579
509.0   0.967489168585
509.5   0.963114581882
510.0   0.961763281338
510.5   0.960666317231
511.0   0.959533967184
511.5   0.96021735813
512.0   0.961608467855
512.5   0.957908425613
513.0   0.951813197628
513.5   0.950211983891
514.0   0.945220354877
514.5   0.947082539914
515.0   0.948732409318
515.5   0.945138524893
516.0   0.931618884591
516.5   0.908025309793
517.0   0.889945306608
517.5   0.894766640791
518.0   0.895837065444
518.5   0.892019807279
519.0   0.896002937033
519.5   0.896927394688
520.0   0.900019241104
520.5   0.896662000146
521.0   0.900174054587
521.5   0.905718588897
522.0   0.904046603282
522.5   0.892165774278
523.0   0.878913740139
523.5   0.881399602351
524.0   0.889845783655
524.5   0.898064167977
525.0   0.896230734015
525.5   0.887320112262
526.0   0.873915476262
526.5   0.852922767977
527.0   0.842373334926
527.5   0.847729881435
528.0   0.86067671185
528.5   0.873055155621
529.0   0.8798492559
529.5   0.879813869961
530.0   0.870920941178
530.5   0.862072244818
531.0   0.855937207651
531.5   0.850746532731
532.0   0.852832091508
532.5   0.853457980303
533.0   0.851856766566
533.5   0.850202473919
534.0   0.847519777422
534.5   0.8525180413
535.0   0.850417001174
535.5   0.848545969652
536.0   0.841406856468
536.5   0.831737648649
537.0   0.831242245503
537.5   0.837366224564
538.0   0.841355989181
538.5   0.839856510018
539.0   0.839120040163
539.5   0.838489728125
540.0   0.83401783009
540.5   0.830362020272
541.0   0.83343838534
541.5   0.838564923246
542.0   0.83724679702
542.5   0.833234916191
543.0   0.830875116387
543.5   0.830074509518
544.0   0.8249258554
544.5   0.816782666198
545.0   0.819675466707
545.5   0.820416359804
546.0   0.820577808151
546.5   0.812531930281
547.0   0.804850969906
547.5   0.804357778382
548.0   0.80631285151
548.5   0.811890560137
549.0   0.813401097406
549.5   0.810685226592
550.0   0.805337526567
550.5   0.795944771396
551.0   0.793436792972
551.5   0.797088179548
552.0   0.800819184487
552.5   0.797271744107
553.0   0.792735709057
553.5   0.783442476839
554.0   0.778864420987
554.5   0.785357740785
555.0   0.796588353161
555.5   0.795356480161
556.0   0.78984733179
556.5   0.787854661102
557.0   0.785831027718
557.5   0.781759433117
558.0   0.775706225935
558.5   0.768009784212
559.0   0.762204278602
559.5   0.76038853761
560.0   0.759079257868
560.5   0.755883465257
561.0   0.753941661856
561.5   0.750411914446
562.0   0.745002289028
562.5   0.747720371464
563.0   0.750947126772
563.5   0.754067724264
564.0   0.756268287343
564.5   0.753205192002
565.0   0.749226485491
565.5   0.741919289096
566.0   0.736916601977
566.5   0.737086896808
567.0   0.741532255389
567.5   0.745541924597
568.0   0.741293400301
568.5   0.737102378156
569.0   0.734019378225
569.5   0.730644444297
570.0   0.725119814578
570.5   0.721638722833
571.0   0.720440024151
571.5   0.720442235772
572.0   0.720964178372
572.5   0.724558062797
573.0   0.723498696249
573.5   0.720282999047
574.0   0.717474240142
574.5   0.714835776069
575.0   0.717407891507
575.5   0.713376106087
576.0   0.709061233156
576.5   0.70527936093
577.0   0.699469432078
577.5   0.695455339628
578.0   0.698445451469
578.5   0.700957853135
579.0   0.69915538187
579.5   0.693453822455
580.0   0.695344758568
580.5   0.69876392492
581.0   0.697487819496
581.5   0.697527628678
582.0   0.701585953552
582.5   0.705544755472
583.0   0.70300139111
583.5   0.699840984437
584.0   0.694760890576
584.5   0.689559157549
585.0   0.690395150357
585.5   0.690726893535
586.0   0.69008331177
586.5   0.68539688648
587.0   0.683534701442
587.5   0.673126812147
588.0   0.662473432901
588.5   0.652773262385
589.0   0.643614939059
589.5   0.645581070292
590.0   0.653741952463
590.5   0.654730547133
591.0   0.654551405817
591.5   0.65209208306
592.0   0.650776168455
592.5   0.651068102451
593.0   0.653540694936
593.5   0.655617407228
594.0   0.649809689997
594.5   0.643320793441
595.0   0.640585018036
595.5   0.641418799222
596.0   0.642938182976
596.5   0.643643690134
597.0   0.640202407571
597.5   0.640321835115
598.0   0.640242216752
598.5   0.634825956471
599.0   0.633452539715
599.5   0.633549851047
600.0   0.631338229863
600.5   0.626167459533
601.0   0.622047209266
601.5   0.618767375049
602.0   0.619605579478
602.5   0.623803236486
603.0   0.621452283167
603.5   0.619426438162
604.0   0.620304451772
604.5   0.618493134022
605.0   0.617663776078
605.5   0.617418286126
606.0   0.618623619672
606.5   0.616823360028
607.0   0.614594045873
607.5   0.609653284147
608.0   0.606667595548
608.5   0.605599382515
609.0   0.603336894043
609.5   0.602231083451
610.0   0.599395785092
610.5   0.598964518961
611.0   0.602427917737
611.5   0.601607406277
612.0   0.595512178292
612.5   0.5900008183
613.0   0.587479570149
613.5   0.583958669223
614.0   0.580061792696
614.5   0.580342668586
615.0   0.582961228069
615.5   0.582226969836
616.0   0.58034930345
616.5   0.581028271154
617.0   0.578361056005
617.5   0.580495270448
618.0   0.583945399496
618.5   0.581295877317
619.0   0.579590717384
619.5   0.579480136324
620.0   0.580597005023
620.5   0.58027410833
621.0   0.579086467753
621.5   0.576456850165
622.0   0.575280267695
622.5   0.57327432728
623.0   0.567294103597
623.5   0.563985518304
624.0   0.562441806718
624.5   0.562099005434
625.0   0.563784260777
625.5   0.567121597144
626.0   0.565235084274
626.5   0.560163836897
627.0   0.558365788874
627.5   0.552018436074
628.0   0.544521040258
628.5   0.547818567444
629.0   0.550718002818
629.5   0.552071514983
630.0   0.550589728789
630.5   0.550220388051
631.0   0.55064723094
631.5   0.547911455534
632.0   0.548077327123
632.5   0.54878062266
633.0   0.548028671457
633.5   0.54708209759
634.0   0.545171256886
634.5   0.542614622797
635.0   0.543045888928
635.5   0.546723814958
636.0   0.545629062472
636.5   0.541159376057
637.0   0.536136784347
637.5   0.534635093563
638.0   0.533414278669
638.5   0.534060072055
639.0   0.535515318794
639.5   0.537441640846
640.0   0.537346541135
640.5   0.53586254332
641.0   0.531311026922
641.5   0.525260031361
642.0   0.522522044334
642.5   0.523114758812
643.0   0.522347326261
643.5   0.522524255955
644.0   0.523231974734
644.5   0.524039216467
645.0   0.519874733776
645.5   0.513155828617
646.0   0.511696158635
646.5   0.511563461364
647.0   0.512591865215
647.5   0.512242429068
648.0   0.511432975714
648.5   0.508292473632
649.0   0.502526777203
649.5   0.495281506202
650.0   0.498718365523
650.5   0.50227686401
651.0   0.49985071557
651.5   0.494235409382
652.0   0.492797855612
652.5   0.491362513463
653.0   0.484610433986
653.5   0.476148771334
654.0   0.465979737127
654.5   0.447457409705
655.0   0.419573289809
655.5   0.380684142897
656.0   0.336927217758
656.5   0.334768675482
657.0   0.374535836004
657.5   0.410032356018
658.0   0.435906112257
658.5   0.45288030485
659.0   0.464172842619
659.5   0.473187410568
660.0   0.479561302822
660.5   0.482111302048
661.0   0.483431639895
661.5   0.485282766827
662.0   0.487653624737
662.5   0.48741698127
663.0   0.487058698638
663.5   0.485592393792
664.0   0.484464466988
664.5   0.484333981338
665.0   0.4837766528
665.5   0.481905621278
666.0   0.480784329337
666.5   0.479667460639
667.0   0.478229906869
667.5   0.476230601318
668.0   0.475598077659
668.5   0.477086498716
669.0   0.478099421219
669.5   0.477836238298
670.0   0.477725657239
670.5   0.477679213194
671.0   0.477548727544
671.5   0.474507748415
672.0   0.472101504566
672.5   0.469841227715
673.0   0.468452329611
673.5   0.470113257121
674.0   0.471238972304
674.5   0.470170759272
675.0   0.468270976674
675.5   0.465619242874
676.0   0.464827482489
676.5   0.464761133854
677.0   0.463624360565
677.5   0.464708054946
678.0   0.465356059953
678.5   0.463449642491
679.0   0.463405410068
679.5   0.464219286664
680.0   0.465342790226
680.5   0.465977525506
681.0   0.466057143868
681.5   0.465690014752
682.0   0.462863562877
682.5   0.459240927377
683.0   0.455483382984
683.5   0.454390842119
684.0   0.458232428117
684.5   0.459930953187
685.0   0.459922106702
685.5   0.457595481216
686.0   0.453495135539
686.5   0.449604893875
687.0   0.447897522321
687.5   0.448846307809
688.0   0.451095526554
688.5   0.452393748189
689.0   0.451060140615
689.5   0.447028355195
690.0   0.441747003806
690.5   0.437206545514
691.0   0.434855592195
691.5   0.435041368374
692.0   0.437115869045
692.5   0.439935686056
693.0   0.44246356907
693.5   0.444148824413
694.0   0.444980393978
694.5   0.445194921233
695.0   0.444880871025
695.5   0.443810446372
696.0   0.441729310837
696.5   0.438933821659
697.0   0.436129485997
697.5   0.433154855504
698.0   0.431540372039
698.5   0.431199782376
699.0   0.429981179104
699.5   0.427924371402
700.0   0.423463531472
700.5   0.419038077482
701.0   0.418797010773
701.5   0.419655119792
702.0   0.421170080304
702.5   0.420977669261
703.0   0.420057634848
703.5   0.419104426117
704.0   0.418889898863
704.5   0.420356203708
705.0   0.422333393047
705.5   0.422293583866
706.0   0.420608328523
706.5   0.418383437611
707.0   0.419055770451
707.5   0.418889898863
708.0   0.417007809234
708.5   0.416136430488
709.0   0.412385520958
709.5   0.409667438522
710.0   0.408024203982
710.5   0.407747751334
711.0   0.407584091366
711.5   0.409227325907
712.0   0.409417525329
712.5   0.408466528219
713.0   0.408209980162
713.5   0.408289598524
714.0   0.410224767061
714.5   0.412131184522
715.0   0.414537428371
715.5   0.416269127759
716.0   0.413646145034
716.5   0.40738504546
717.0   0.401287605854
717.5   0.394639472573
718.0   0.388581842148
718.5   0.380889823667
719.0   0.378921480813
719.5   0.379180240492
720.0   0.37723622547
720.5   0.379016580524
721.0   0.38701822597
721.5   0.393319134725
722.0   0.395152568687
722.5   0.394270131835
723.0   0.392516316235
723.5   0.386098191557
724.0   0.382305261226
724.5   0.380438652946
725.0   0.379007734039
725.5   0.378715800043
726.0   0.380852226107
726.5   0.380984923378
727.0   0.380308167296
727.5   0.376793901233
728.0   0.378943597025
728.5   0.381051272014
729.0   0.3794942907
729.5   0.3814360941
730.0   0.38208852235
730.5   0.378293380397
731.0   0.375223650192
731.5   0.376203398377
732.0   0.377165453592
732.5   0.38027941622
733.0   0.380075947071
733.5   0.378870613526
734.0   0.377579026754
734.5   0.37445400602
735.0   0.373695419954
735.5   0.375298845313
736.0   0.375851750609
736.5   0.374712765699
737.0   0.373423390548
737.5   0.371627554146
738.0   0.370625689749
738.5   0.368226080764
739.0   0.366361684105
739.5   0.364291606676
740.0   0.362847418043
740.5   0.359832978368
741.0   0.35681190383
741.5   0.35866081914
742.0   0.363152621766
742.5   0.372589609361
743.0   0.375405003129
743.5   0.373786096422
744.0   0.368781197681
744.5   0.363866975409
745.0   0.362891650467
745.5   0.364510557174
746.0   0.365499151843
746.5   0.367131328278
747.0   0.369453530521
747.5   0.369933452319
748.0   0.369809601532
748.5   0.368086748629
749.0   0.364791433064
749.5   0.361089179201
750.0   0.35912747121
750.5   0.358187532207
751.0   0.356068799112
751.5   0.355201843607
752.0   0.354480855101
752.5   0.352607611958
753.0   0.349637404707
753.5   0.346802106348
754.0   0.346315549687
754.5   0.347742045352
755.0   0.350928991479
755.5   0.350988705251
756.0   0.350466762651
756.5   0.349947031673
757.0   0.349425089073
757.5   0.348905358095
758.0   0.348383415495
758.5   0.347863684517
759.0   0.347341741917
759.5   0.346822010939
760.0   0.34630227996
760.5   0.345780337361
761.0   0.345260606382
761.5   0.344738663783
762.0   0.344216721183
762.5   0.343696990205
763.0   0.343175047605
763.5   0.342655316627
764.0   0.342133374027
764.5   0.341611431428
765.0   0.341091700449
765.5   0.34056975785
766.0   0.340050026871
766.5   0.339528084272
767.0   0.339008353293
767.5   0.338486410694
768.0   0.337966679715
768.5   0.337444737116
769.0   0.336925006137
769.5   0.336403063538
770.0   0.335883332559
770.5   0.33536138996
771.0   0.334841658981
771.5   0.334319716382
772.0   0.333799985403
772.5   0.333278042804
773.0   0.332727349129
773.5   0.3323381038
774.0   0.334012301037
774.5   0.336487105143
775.0   0.33838688774
775.5   0.337780903536
776.0   0.332304929482
776.5   0.323856536557
777.0   0.31271660065
777.5   0.306581563483
778.0   0.31144713009
778.5   0.317250424078
779.0   0.32320853155
779.5   0.327056752411
780.0   0.32776447119
780.5   0.32459079479
781.0   0.320804499322
781.5   0.317986893933
782.0   0.317387544592
782.5   0.317783424784
783.0   0.316721846615
783.5   0.315671326553
784.0   0.315167076922
784.5   0.315731040324
785.0   0.318208056051
785.5   0.321330865164
786.0   0.323447386638
786.5   0.322025314216
787.0   0.318013433387
787.5   0.313857797181
788.0   0.312103981582
788.5   0.31309036463
789.0   0.312606019591
789.5   0.310082559819
790.0   0.306510791606
790.5   0.30368212811
791.0   0.301536855561
791.5   0.301269249398
792.0   0.30437215392
792.5   0.308189412085
793.0   0.30989899526
793.5   0.310573539722
794.0   0.310613348903
794.5   0.308563176065
795.0   0.307289282263
795.5   0.305303246439
796.0   0.302877097999
796.5   0.303372501145
797.0   0.304765822491
797.5   0.306559447272
798.0   0.306968597191
798.5   0.305581910708
799.0   0.302954504741
799.5   0.299347350588
800.0   0.297098131844
800.5   0.297566995535
801.0   0.300105936655
801.5   0.300616821148
802.0   0.299948911551
802.5   0.299161574409
803.0   0.298380872131
803.5   0.297942971136
804.0   0.297494012036
804.5   0.296240022824
805.0   0.296034342054
805.5   0.296058669887
806.0   0.295366432456
806.5   0.294992668476
807.0   0.293351645557
807.5   0.291931784756
808.0   0.290861360103
808.5   0.289883823539
809.0   0.289505636317
809.5   0.289629487103
810.0   0.289158411791
810.5   0.288985905338
811.0   0.288446269769
811.5   0.288191933333
812.0   0.288008368775
812.5   0.288722722417
813.0   0.288939461293
813.5   0.287984040942
814.0   0.287183434073
814.5   0.285153165825
815.0   0.28322020891
815.5   0.280143843842
816.0   0.277264313059
816.5   0.274802778681
817.0   0.274939899194
817.5   0.274092848281
818.0   0.271655641735
818.5   0.272323551333
819.0   0.27209354273
819.5   0.271454384207
820.0   0.272686257207
820.5   0.274749699772
821.0   0.275506074218
821.5   0.273723507543
822.0   0.272106812457
822.5   0.268327151852
823.0   0.264686823382
823.5   0.267845018434
824.0   0.271131487514
824.5   0.271354861254
825.0   0.271222163983
825.5   0.270567524112
826.0   0.270262320389
826.5   0.270275590116
827.0   0.269563448094
827.5   0.26714614614
828.0   0.266449485466
828.5   0.265980621775
829.0   0.26535473298
829.5   0.265270691375
830.0   0.265160110316
830.5   0.265418869994
831.0   0.26539233054
831.5   0.264432486946
832.0   0.263339946081
832.5   0.262616745953
833.0   0.261249964061
833.5   0.2597925057
834.0   0.26053782204
834.5   0.261161499214
835.0   0.261727674237
835.5   0.261791811251
836.0   0.261356121878
836.5   0.261132748138
837.0   0.261219001365
837.5   0.261090727336
838.0   0.261219001365
838.5   0.261559591027
839.0   0.262864447526
839.5   0.26481288579
840.0   0.265102608165
840.5   0.264014490542
841.0   0.262101438217
841.5   0.260290120467
842.0   0.258611499988
842.5   0.25796128336
843.0   0.256919609782
843.5   0.255484267633
844.0   0.254144025195
844.5   0.252396844459
845.0   0.251753262694
845.5   0.252452134989
846.0   0.251492291394
846.5   0.250744763434
847.0   0.250970348795
847.5   0.253944979288
848.0   0.256253911805
848.5   0.256939514372
849.0   0.255754085417
849.5   0.250474945649
850.0   0.24644316023
850.5   0.248095241255
851.0   0.250247148667
851.5   0.251286610624
852.0   0.252315014475
852.5   0.251897018071
853.0   0.250676203177
853.5   0.247666186745
854.0   0.240584575712
854.5   0.239427897832
855.0   0.24625738405
855.5   0.250384269181
856.0   0.253301397523
856.5   0.255075117714
857.0   0.25561033004
857.5   0.256519306347
858.0   0.255196756879
858.5   0.251255647928
859.0   0.246836828801
859.5   0.241517879851
860.0   0.239764064252
860.5   0.243041686848
861.0   0.24679923124
861.5   0.250545717527
862.0   0.253803435532
862.5   0.256851049525
863.0   0.258724292668
863.5   0.259790294079
864.0   0.257879453376
864.5   0.253703912579
865.0   0.247427331657
865.5   0.238790950931
866.0   0.228736921025
866.5   0.223913375221
867.0   0.229893598905
867.5   0.237731584383
868.0   0.243539301614
868.5   0.248480063341
869.0   0.252896670847
869.5   0.257025767598
870.0   0.260252522907
870.5   0.262605687847
871.0   0.262523857864
871.5   0.261597188587
872.0   0.259482878735
872.5   0.255482056012
873.0   0.250282534606
873.5   0.244722518948
874.0   0.236875686985
874.5   0.228524605391
875.0   0.22277217869
875.5   0.224961683663
876.0   0.231169704328
876.5   0.238821913627
877.0   0.245259942896
877.5   0.250815535312
878.0   0.254090946286
878.5   0.254604042401
879.0   0.253022733254
879.5   0.251344112775
880.0   0.250669568314
880.5   0.249276246967
881.0   0.24864593493
881.5   0.249457599904
882.0   0.248453523887
882.5   0.245297540456
883.0   0.24170144441
883.5   0.237802356261
884.0   0.233606910874
884.5   0.228878464781
885.0   0.224092516537
885.5   0.2179479694
886.0   0.210825222213
886.5   0.208678180367
887.0   0.212920069799
887.5   0.21791147765
888.0   0.222347547423
888.5   0.227538222343
889.0   0.23346979036
889.5   0.238178331863
890.0   0.241318833945
890.5   0.24360565025
891.0   0.243596803765
891.5   0.243647671052
892.0   0.244143074198
892.5   0.244366447937
893.0   0.245052050505
893.5   0.246365753488
894.0   0.247785614289
894.5   0.247164148736
895.0   0.244866274325
895.5   0.244516838178
896.0   0.245251096411
896.5   0.242946587137
897.0   0.241082190478
897.5   0.239421262968
898.0   0.235986615269
898.5   0.230362462596
899.0   0.222608518722
899.5   0.218591772327
900.0   0.212721908541
900.5   0.205246407774
901.0   0.198186912953
901.5   0.1932830853
902.0   0.197611006796
902.5   0.207029637935
903.0   0.217399045022
903.5   0.226416930402
904.0   0.231567796142
904.5   0.234823302525
905.0   0.235723432348
905.5   0.234721567951
906.0   0.23199463903
906.5   0.22995994754
907.0   0.229165975535
907.5   0.228657302663
908.0   0.228312289758
908.5   0.229895810526
909.0   0.228265845713
909.5   0.230174474795
910.0   0.232109643332
910.5   0.23344988577
911.0   0.233633450328
911.5   0.234604352028
912.0   0.234717144709
912.5   0.236218835493
913.0   0.234582235816
913.5   0.232755436718
914.0   0.233587006283
914.5   0.23419741373
915.0   0.231370961856
915.5   0.227578031524
916.0   0.22695435435
916.5   0.228338829212
917.0   0.227823521476
917.5   0.225249194417
918.0   0.226421353645
918.5   0.226388179327
919.0   0.22510543904
919.5   0.222533323602
920.0   0.219438159754
920.5   0.214162116256
921.0   0.207631198898
921.5   0.199947142254
922.0   0.192578462791
922.5   0.184775420927
923.0   0.180669546197
923.5   0.184568192022
924.0   0.191580136988
924.5   0.197363084062
925.0   0.203592115128
925.5   0.208971441336
926.0   0.213670251705
926.5   0.219706208242
927.0   0.224568015092
927.5   0.22840960109
928.0   0.229763113255
928.5   0.232547544326
929.0   0.233005349912
929.5   0.232074257393
930.0   0.229223477686
930.5   0.22756918504
931.0   0.226118361543
931.5   0.221308085466
932.0   0.218791702882
932.5   0.219785163118
933.0   0.222907087582
933.5   0.222079941259
934.0   0.21766510305
934.5   0.213566968995
935.0   0.218404005688
935.5   0.213896721714
936.0   0.212588768945
936.5   0.217251308727
937.0   0.214089796243
937.5   0.217558281747
938.0   0.219663081629
938.5   0.224789177211
939.0   0.230780459
939.5   0.237054828301
940.0   0.233115930971
940.5   0.226474432553
941.0   0.219580588159
941.5   0.217143823937
942.0   0.213037285722
942.5   0.20914837103
943.0   0.205180280301
943.5   0.209929736795
944.0   0.205866546354
944.5   0.206870843534
945.0   0.212168782082
945.5   0.21014736032
946.0   0.206850275457
946.5   0.2122019564
947.0   0.216383910898
947.5   0.214728070117
948.0   0.211758747515
948.5   0.211771353755
949.0   0.213022025535
949.5   0.203487505446
950.0   0.197828187997
950.5   0.202494929858
951.0   0.207693787777
951.5   0.201564279664
952.0   0.19357855789
952.5   0.189442162789
953.0   0.185377866538
953.5   0.181811848539
954.0   0.172874687332
954.5   0.1642564419
955.0   0.168918097033
955.5   0.176411954255
956.0   0.181855417477
956.5   0.184323144395
957.0   0.190030011699
957.5   0.196009350734
958.0   0.19478013168
958.5   0.195278188771
959.0   0.19398881362
959.5   0.1942393903
960.0   0.196015764436
960.5   0.196680798926
961.0   0.1968263236
961.5   0.196986223812
962.0   0.194865500258
962.5   0.196771254232
963.0   0.194905309439
963.5   0.194419637427
964.0   0.193861866564
964.5   0.194177464907
965.0   0.195634702106
965.5   0.196328929996
966.0   0.19558715225
966.5   0.19498470664
967.0   0.198028339714
967.5   0.201100945026
968.0   0.200041357316
968.5   0.199661179635
969.0   0.198354775001
969.5   0.197097026033
970.0   0.194314143096
970.5   0.193049095779
971.0   0.196313448647
971.5   0.194528670351
972.0   0.193656406956
972.5   0.193956523951
973.0   0.19435837552
973.5   0.194073297549
974.0   0.192419889552
974.5   0.191987738772
975.0   0.190443363699
975.5   0.18931809084
976.0   0.189404344066
976.5   0.188915354622
977.0   0.190774885714
977.5   0.190622505015
978.0   0.191119456295
978.5   0.189280714442
979.0   0.18623420626
979.5   0.186634730857
980.0   0.187351517283
980.5   0.186259418742
981.0   0.186596690972
981.5   0.188944769184
982.0   0.188674287913
982.5   0.188918450892
983.0   0.189784079424
983.5   0.189167037113
984.0   0.190758077393
984.5   0.19093832452
985.0   0.190122899789
985.5   0.188856967823
986.0   0.188618997384
986.5   0.18843277888
987.0   0.185104952483
987.5   0.180244693768
988.0   0.179556658417
988.5   0.179194616029
989.0   0.181005491455
989.5   0.180342226262
990.0   0.180392872387
990.5   0.182266557855
991.0   0.18414201262
991.5   0.185052758223
992.0   0.181844138209
992.5   0.182018192796
993.0   0.180448605241
993.5   0.18003193581
994.0   0.180768184502
994.5   0.178997781744
995.0   0.179036485115
995.5   0.184593183341
996.0   0.179791753749
996.5   0.179592929005
997.0   0.176352019321
997.5   0.175330692658
998.0   0.174505536794
998.5   0.175107318918
999.0   0.176886568161
999.5   0.175560258937
1000.0   0.173854656679
1000.5   0.171285637511
1001.0   0.168989974721
1001.5   0.166798921614
1002.0   0.165859867258
1002.5   0.161589669075
1003.0   0.157334067592
1003.5   0.152667546892
1004.0   0.148298268079
1004.5   0.144937930851
1005.0   0.143152267907
1005.5   0.143829245152
1006.0   0.148457283643
1006.5   0.151975751785
1007.0   0.153563253472
1007.5   0.158994773939
1008.0   0.163963844417
1008.5   0.167552199789
1009.0   0.16822563844
1009.5   0.169701453256
1010.0   0.173705593411
1010.5   0.173416976847
1011.0   0.171859553208
1011.5   0.17020194313
1012.0   0.168949280891
1012.5   0.168459849123
1013.0   0.168710646966
1013.5   0.169531379587
1014.0   0.17073228989
1014.5   0.172074301625
1015.0   0.173189401027
1015.5   0.173657822394
1016.0   0.173085675993
1016.5   0.171355082416
1017.0   0.169076006785
1017.5   0.167135309196
1018.0   0.166407685826
1018.5   0.167354702017
1019.0   0.169368161944
1019.5   0.171426738942
1020.0   0.172503134973
1020.5   0.171924574871
1021.0   0.169933894643
1021.5   0.167128895494
1022.0   0.164133033438
1022.5   0.161500983066
1023.0   0.159600979306
1023.5   0.158730264045
1024.0   0.159152904854
1024.5   0.160872440325
1025.0   0.163213441349
1025.5   0.165239507516
1026.0   0.166031046738
1026.5   0.165076289873
1027.0   0.162933007783
1027.5   0.160568563574
1028.0   0.158955407082
1028.5   0.158716994318
1029.0   0.159565593367
1029.5   0.160860939895
1030.0   0.161950163328
1030.5   0.162380102487
1031.0   0.162305792015
1031.5   0.162131295103
1032.0   0.162077331546
1032.5   0.162256915187
1033.0   0.162598831822
1033.5   0.162960431885
1034.0   0.163195527217
1034.5   0.16320105627
1035.0   0.16298807715
1035.5   0.162610995738
1036.0   0.162127093023
1036.5   0.161596082777
1037.0   0.161077015285
1037.5   0.160632921751
1038.0   0.160321304326
1038.5   0.160164500384
1039.0   0.160092843857
1039.5   0.159999513443
1040.0   0.159780120622
1040.5   0.159366768622
1041.0   0.158788429683
1041.5   0.158111894762
1042.0   0.157407714577
1042.5   0.156743343573
1043.0   0.156176505064
1043.5   0.155763595388
1044.0   0.155557251132
1044.5   0.155576049912
1045.0   0.155757181687
1045.5   0.156005325584
1046.0   0.156222727946
1046.5   0.156321587413
1047.0   0.156240420916
1047.5   0.155926370708
1048.0   0.155334983203
1048.5   0.154477979994
1049.0   0.15351194386
1049.5   0.152649190436
1050.0   0.152100044896
1050.5   0.151989021512
1051.0   0.152219693602
1051.5   0.152609823579
1052.0   0.152973635264
1052.5   0.153188604843
1053.0   0.153292551039
1053.5   0.153383890994
1054.0   0.153558830229
1054.5   0.153854081657
1055.0   0.154137169169
1055.5   0.154215239397
1056.0   0.153898756405
1056.5   0.153121371559
1057.0   0.152134546186
1057.5   0.151311823106
1058.0   0.151020331434
1058.5   0.151457126618
1059.0   0.152374064761
1059.5   0.153349389703
1060.0   0.153960018312
1060.5   0.153914016592
1061.0   0.153270213665
1061.5   0.152217039657
1062.0   0.151057928994
1062.5   0.150496398375
1063.0   0.150268380231
1063.5   0.150079065457
1064.0   0.149889750684
1064.5   0.149700214748
1065.0   0.149510899975
1065.5   0.149321585202
1066.0   0.149131828104
1066.5   0.148942734493
1067.0   0.148752535071
1067.5   0.148562999135
1068.0   0.148373242038
1068.5   0.14818348494
1069.0   0.147993949004
1069.5   0.147803970745
1070.0   0.147614434809
1070.5   0.147424235387
1071.0   0.14723447829
1071.5   0.14704450003
1072.0   0.146854300608
1072.5   0.146664101186
1073.0   0.146474344088
1073.5   0.146284365829
1074.0   0.146094166407
1074.5   0.145903966985
1075.0   0.145713546401
1075.5   0.145523346979
1076.0   0.145333147557
1076.5   0.145143169297
1077.0   0.144952748713
1077.5   0.144762549292
1078.0   0.14457234987
1078.5   0.144382150448
1079.0   0.144191951026
1079.5   0.144001751604
1080.0   0.143810888696
1080.5   0.143620689274
1081.0   0.143430489852
1081.5   0.143240069268
1082.0   0.143049427522
1082.5   0.142859006938
1083.0   0.142668807516
1083.5   0.142478386932
1084.0   0.142287524024
1084.5   0.14209710344
1085.0   0.141907346342
1085.5   0.141716925758
1086.0   0.141525841688
1086.5   0.141335421104
1087.0   0.141145221682
1087.5   0.140954358774
1088.0   0.140764380514
1088.5   0.140574181092
1089.0   0.140383097022
1089.5   0.1401928976
1090.0   0.140002477016
1090.5   0.139812277594
1091.0   0.139621414686
1091.5   0.139431215264
1092.0   0.139241015842
1092.5   0.139050595258
1093.0   0.138860174674
1093.5   0.13866975409
1094.0   0.138479554668
1094.5   0.138289134084
1095.0   0.138098934662
1095.5   0.13790873524
1096.0   0.137718535818
1096.5   0.137528557559
1097.0   0.137338136975
1097.5   0.137148158715
1098.0   0.136957516969
1098.5   0.136767538709
1099.0   0.136577339287
1099.5   0.136386918703
1100.0   0.136196940443
1100.5   0.136006962183
1101.0   0.135817205086
1101.5   0.135627005664
1102.0   0.135437027404
1102.5   0.135247270307
1103.0   0.135057292047
1103.5   0.134867092625
1104.0   0.134677335527
1104.5   0.134487357267
1105.0   0.134297821332
1105.5   0.134108506559
1106.0   0.133918307137
1106.5   0.133728771201
1107.0   0.133539235266
1107.5   0.133349920492
1108.0   0.133160605719
1108.5   0.132971069783
1109.0   0.132781533848
1109.5   0.132592219074
1110.0   0.132402683139
1110.5   0.132213368365
1111.0   0.132024717078
1111.5   0.131835402305
1112.0   0.131646529856
1112.5   0.131457215082
1113.0   0.131268342633
1113.5   0.131079249022
1114.0   0.130890818897
1114.5   0.130701946448
1115.0   0.130513295161
1115.5   0.130324865036
1116.0   0.130135992587
1116.5   0.1299473413
1117.0   0.129758911175
1117.5   0.129570038725
1118.0   0.129382272087
1118.5   0.129193399638
1119.0   0.129005632999
1119.5   0.128816981712
1120.0   0.128629215074
1120.5   0.128441227273
1121.0   0.128253460634
1121.5   0.128065693996
1122.0   0.127877706195
1122.5   0.127689939556
1123.0   0.127501951756
1123.5   0.127314627441
1124.0   0.127127081965
1124.5   0.126939757651
1125.0   0.12675287566
1125.5   0.126565109022
1126.0   0.126377784708
1126.5   0.12619112388
1127.0   0.126004463052
1127.5   0.125817581061
1128.0   0.125630699071
1128.5   0.125443817081
1129.0   0.125257156253
1129.5   0.125070716587
1130.0   0.124884498084
1130.5   0.12469827958
1131.0   0.124511618752
1131.5   0.124325400248
1132.0   0.124138960582
1132.5   0.123953626727
1133.0   0.123767629385
1133.5   0.123581853206
1134.0   0.123396519351
1134.5   0.123210743171
1135.0   0.123025188154
1135.5   0.122839854298
1136.0   0.122654299281
1136.5   0.12246940775
1137.0   0.122284958543
1137.5   0.122099403526
1138.0   0.121914511995
1138.5   0.121729620464
1139.0   0.121545392419
1139.5   0.121361164374
1140.0   0.121176272843
1140.5   0.120992487123
1141.0   0.12080848024
1141.5   0.12062469452
1142.0   0.120440687637
1142.5   0.120256680755
1143.0   0.120072673872
1143.5   0.119889551638
1144.0   0.119706429404
1144.5   0.119522422521
1145.0   0.119339300287
1145.5   0.11915684154
1146.0   0.118973719305
1146.5   0.118790818233
1147.0   0.118608359486
1147.5   0.118425900738
1148.0   0.118243663152
1148.5   0.118061204405
1149.0   0.117878745657
1149.5   0.117697171558
1150.0   0.117515376296
1150.5   0.117333138711
1151.0   0.117151564611
1151.5   0.116970653999
1152.0   0.116789079899
1152.5   0.116608169286
1153.0   0.116426816349
1153.5   0.116245684574
1154.0   0.116064995123
1154.5   0.115884969159
1155.0   0.115704058546
1155.5   0.115524253744
1156.0   0.115344227779
1156.5   0.115163980653
1157.0   0.11498417585
1157.5   0.114804149886
1158.0   0.114624787408
1158.5   0.11444542493
1159.0   0.114266283614
1159.5   0.114086921136
1160.0   0.113908222144
1160.5   0.11372930199
1161.0   0.113550602999
1161.5   0.113372346331
1162.0   0.113193868501
1162.5   0.113016054158
1163.0   0.112837797491
1163.5   0.112659983147
1164.0   0.112482389966
1164.5   0.112305239109
1165.0   0.11212786709
1165.5   0.111950716234
1166.0   0.111773786539
1166.5   0.111596856844
1167.0   0.111420148311
1167.5   0.111243882103
1168.0   0.111067837057
1168.5   0.110891570848
1169.0   0.110715525802
1169.5   0.110540144242
1170.0   0.110364320358
1170.5   0.110188938798
1171.0   0.110013557238
1171.5   0.109838839164
1172.0   0.109663678766
1172.5   0.109488960693
1173.0   0.109314463781
1173.5   0.109140630356
1174.0   0.108966133445
1174.5   0.10879230002
1175.0   0.108618687757
1175.5   0.108445517818
1176.0   0.108272126717
1176.5   0.108098735616
1177.0   0.10792578684
1177.5   0.107752838063
1178.0   0.107580773935
1178.5   0.107408488644
1179.0   0.107235982192
1179.5   0.107064139226
1180.0   0.106892517422
1180.5   0.106720674456
1181.0   0.106549494976
1181.5   0.106378315497
1182.0   0.106207578341
1182.5   0.106036620024
1183.0   0.105866325192
1183.5   0.105696030361
1184.0   0.105525956692
1184.5   0.105355883023
1185.0   0.105186030516
1185.5   0.105016399171
1186.0   0.10484721015
1186.5   0.10467802113
1187.0   0.104509053271
1187.5   0.104340748899
1188.0   0.104172223365
1188.5   0.104004140155
1189.0   0.103836056945
1189.5   0.103668637221
1190.0   0.103500775173
1190.5   0.10333335545
1191.0   0.103166599212
1191.5   0.102999400651
1192.0   0.102832202089
1192.5   0.102666551662
1193.0   0.102500458911
1193.5   0.102334587323
1194.0   0.102168715734
1194.5   0.102002844145
1195.0   0.10183741488
1195.5   0.101672649102
1196.0   0.101508104486
1196.5   0.10134355987
1197.0   0.101179236416
1197.5   0.101014912962
1198.0   0.100851031832
1198.5   0.100687593026
1199.0   0.100524154221
1199.5   0.100361157739
1200.0   0.100198603582
1200.5   0.100035607101
