115.0   0.00224351128354
115.5   0.00193665274128
116.0   0.00136372329381
116.5   0.0013278757743
117.0   0.00164269712038
117.5   0.000944610577663
118.0   0.000967177650501
118.5   0.00102724143241
119.0   0.000635126744192
119.5   0.000295507945418
120.0   0.00156871705967
120.5   0.0030604884979
121.0   0.00906758696743
121.5   0.0169664846928
122.0   0.0132071769551
122.5   0.00420481245436
123.0   0.00080047041642
123.5   0.000233887616673
124.0   0.000399647808615
124.5   0.000352526687563
125.0   0.00053192821058
125.5   0.000614889399983
126.0   0.000583435579775
126.5   0.00047001654157
127.0   0.000313653998043
127.5   0.000231141616703
128.0   0.000464485298866
128.5   0.000342837698884
129.0   0.000114345962218
129.5   0.000142984238318
130.0   0.000401090849482
130.5   0.000682580683619
131.0   0.000625465076424
131.5   0.000421315775094
132.0   0.000236976369895
132.5   0.000153998787945
133.0   0.000424390619489
133.5   0.000728092354615
134.0   0.000594925264889
134.5   0.000381896667346
135.0   0.000456795704159
135.5   0.000460017087988
136.0   0.000543450184044
136.5   0.000339258659487
137.0   0.000285190575776
137.5   0.000272426742702
138.0   0.000400082459478
138.5   0.000396227727248
139.0   0.00041017629439
139.5   0.000531461271366
140.0   0.000448656556274
140.5   0.000324346409287
141.0   0.000240186080244
141.5   0.00024629776813
142.0   0.000390112810527
142.5   0.000407834147165
143.0   0.000522134905693
143.5   0.000438555270204
144.0   0.000522572040276
144.5   0.000662956818058
145.0   0.000752075147409
145.5   0.000741638559244
146.0   0.000771895226788
146.5   0.00078358360944
147.0   0.000879773087412
147.5   0.000710733640983
148.0   0.000737212571593
148.5   0.000886970905713
149.0   0.000646164392408
149.5   0.000582799747654
150.0   0.000730518948294
150.5   0.000732736909558
151.0   0.000689865432093
151.5   0.000724361808346
152.0   0.000964522554654
152.5   0.00108630924291
153.0   0.00113300068054
153.5   0.00110998902196
154.0   0.00122941866068
154.5   0.00144501790762
155.0   0.00185783936298
155.5   0.00156975277059
156.0   0.00158148834391
156.5   0.00157101698367
157.0   0.00134766604905
157.5   0.00141301021802
158.0   0.00151059057876
158.5   0.00131824639488
159.0   0.00124573669596
159.5   0.00136386238209
160.0   0.00133708043773
160.5   0.00129382150007
161.0   0.00120654609038
161.5   0.00146145516142
162.0   0.00147171540552
162.5   0.00143123326594
163.0   0.0013002096259
163.5   0.00121353279254
164.0   0.00150844961279
164.5   0.00175691839989
165.0   0.00169481796822
165.5   0.00160182503688
166.0   0.00170525207266
166.5   0.001949021663
167.0   0.00206984218448
167.5   0.00218557108156
168.0   0.00238672253379
168.5   0.00257305860087
169.0   0.00269642493455
169.5   0.00300398388563
170.0   0.00357690339822
170.5   0.00428804188544
171.0   0.0047619851871
171.5   0.00500951264461
172.0   0.00521645613007
172.5   0.00561916636448
173.0   0.00634135740223
173.5   0.00641549642096
174.0   0.00679811336688
174.5   0.00788099010983
175.0   0.00932969385677
175.5   0.0109456760932
176.0   0.0117115060777
176.5   0.0121364704363
177.0   0.0141451038443
177.5   0.0175691343245
178.0   0.0191094873107
178.5   0.0182523806449
179.0   0.0178205860584
179.5   0.0192850614224
180.0   0.0198653575811
180.5   0.0187034240553
181.0   0.0181171421333
181.5   0.0200712579044
182.0   0.0222628669074
182.5   0.024567360949
183.0   0.0243015284808
183.5   0.0238605441332
184.0   0.0213297832707
184.5   0.0179750485567
185.0   0.0162585502034
185.5   0.0188481503743
186.0   0.0219011380401
186.5   0.0249189065675
187.0   0.028756749507
187.5   0.029285781701
188.0   0.0298890770996
188.5   0.0316947409729
189.0   0.031994029139
189.5   0.0314930629722
190.0   0.0303743958353
190.5   0.0319890617006
191.0   0.0342408015459
191.5   0.0370531168192
192.0   0.0390075554739
192.5   0.0357653084034
193.0   0.0280536085957
193.5   0.0260271420836
194.0   0.0362536076022
194.5   0.0480895231756
195.0   0.0510235406908
195.5   0.0455004942601
196.0   0.0422905355395
196.5   0.0443018513643
197.0   0.0360802440006
197.5   0.05214121434
198.0   0.0460580892251
198.5   0.0543201812122
199.0   0.0422674369508
199.5   0.0323998688596
200.0   0.0471280754653
200.5   0.0425721892991
201.0   0.0391945795312
201.5   0.0616324989693
202.0   0.0630757882083
202.5   0.0587799474445
203.0   0.0601099790871
203.5   0.0574079409471
204.0   0.0552769098559
204.5   0.0621369423429
205.0   0.072033569949
205.5   0.0707092508606
206.0   0.065221224871
206.5   0.0711617845026
207.0   0.0858326171943
207.5   0.0830848786206
208.0   0.0980259399635
208.5   0.113015930575
209.0   0.108158272524
209.5   0.0960111469319
210.0   0.105541922697
210.5   0.109164923924
211.0   0.115290520637
211.5   0.123670340915
212.0   0.126245212631
212.5   0.135114573968
213.0   0.146173333797
213.5   0.123762486898
214.0   0.115256245312
214.5   0.113733973802
215.0   0.127175365479
215.5   0.141037499193
216.0   0.134169767176
216.5   0.117391747098
217.0   0.114947767385
217.5   0.104079260448
218.0   0.0963250890413
218.5   0.107494622748
219.0   0.139506534665
219.5   0.150358649055
220.0   0.151250055884
220.5   0.14410613429
221.0   0.138748255187
221.5   0.128548117092
222.0   0.11856406257
222.5   0.120860509361
223.0   0.122761796424
223.5   0.129516270845
224.0   0.135094952586
224.5   0.131129446478
225.0   0.136645538495
225.5   0.130020714218
226.0   0.12660435843
226.5   0.119118180328
227.0   0.113028349171
227.5   0.0981511194123
228.0   0.0902258197515
228.5   0.110454222571
229.0   0.139975460854
229.5   0.139160304206
230.0   0.127591636821
230.5   0.119152952397
231.0   0.128959420995
231.5   0.139359746859
232.0   0.131161734828
232.5   0.127086696703
233.0   0.133856073439
233.5   0.119359597836
234.0   0.0970471062187
234.5   0.0806548077353
235.0   0.0688983711769
235.5   0.0733871969242
236.0   0.09068307246
236.5   0.0893522957017
237.0   0.0812874110208
237.5   0.0873578691676
238.0   0.0983309406838
238.5   0.0919723711074
239.0   0.0701658130952
239.5   0.0768658940644
240.0   0.0806327026342
240.5   0.0660778596301
241.0   0.0678750788581
241.5   0.0646546885168
242.0   0.0755865302939
242.5   0.112391275191
243.0   0.137243369712
243.5   0.134733323067
244.0   0.132892638753
244.5   0.135270551535
245.0   0.141303257149
245.5   0.126087248089
246.0   0.112725087054
246.5   0.107036873296
247.0   0.102307375156
247.5   0.106068471171
248.0   0.111606668289
248.5   0.109047444005
249.0   0.100783861786
249.5   0.08919184744
250.0   0.0990400425213
250.5   0.123786330603
251.0   0.1280128756
251.5   0.120708009001
252.0   0.102247020779
252.5   0.0829207047802
253.0   0.0793560709549
253.5   0.0833429370477
254.0   0.0905184018757
254.5   0.0946048651092
255.0   0.100642538162
255.5   0.111820516514
256.0   0.127855407802
256.5   0.139724853585
257.0   0.157836134141
257.5   0.169992946237
258.0   0.149047990423
258.5   0.150712579044
259.0   0.16555453999
259.5   0.168145804253
260.0   0.154006487475
260.5   0.131532305736
261.0   0.130726835593
261.5   0.122062877836
262.0   0.123555096343
262.5   0.137756754474
263.0   0.142147224941
263.5   0.139979434805
264.0   0.188483490718
264.5   0.266525425834
265.0   0.300271718883
265.5   0.297676232297
266.0   0.30063185817
266.5   0.291109278678
267.0   0.265628803195
267.5   0.264863817675
268.0   0.274701829508
268.5   0.273397876917
269.0   0.267623229729
269.5   0.253590216133
270.0   0.247442265947
270.5   0.266195091177
271.0   0.275834405472
271.5   0.26032357894
272.0   0.244457083816
272.5   0.229582337776
273.0   0.233975291961
273.5   0.244745195245
274.0   0.233513320186
274.5   0.1907605645
275.0   0.163797557014
275.5   0.157755164894
276.0   0.181284430558
276.5   0.216790438674
277.0   0.239105910755
277.5   0.245020142963
278.0   0.245361654356
278.5   0.209511899499
279.0   0.178896582899
279.5   0.143450184044
280.0   0.0951798461088
280.5   0.0770069693161
281.0   0.0987015115915
281.5   0.160364311935
282.0   0.231459284391
282.5   0.283417200252
283.0   0.300666630239
283.5   0.30308328904
284.0   0.307265872208
284.5   0.30687592829
285.0   0.289537084412
285.5   0.245229768865
286.0   0.242225213724
286.5   0.307670718441
287.0   0.337311423618
287.5   0.33864518084
288.0   0.327858388265
288.5   0.309779396059
289.0   0.336851935562
289.5   0.351379209283
290.0   0.36945571777
290.5   0.417535554441
291.0   0.454791342748
291.5   0.448425570386
292.0   0.434280789425
292.5   0.408231542241
293.0   0.379641450293
293.5   0.383642721958
294.0   0.40574782302
294.5   0.408725802365
295.0   0.408539523424
295.5   0.420324771125
296.0   0.455578681741
296.5   0.469581890706
297.0   0.446826055208
297.5   0.424442777593
298.0   0.441491026322
298.5   0.42244586734
299.0   0.393537859332
299.5   0.416176960027
300.0   0.430463312983
300.5   0.405052381638
301.0   0.40584468807
301.5   0.429333220738
302.0   0.432884939223
302.5   0.418573749075
303.0   0.435639383839
303.5   0.453420329739
304.0   0.452163567813
304.5   0.446985013238
305.0   0.461482482328
305.5   0.481501259246
306.0   0.462781467481
306.5   0.442563993026
307.0   0.452628023307
307.5   0.467957538336
308.0   0.478776619261
308.5   0.494856217494
309.0   0.512008782431
309.5   0.484543815291
310.0   0.45959733944
310.5   0.469142272404
311.0   0.500193730099
311.5   0.528863301062
312.0   0.511991396397
312.5   0.48633209313
313.0   0.500561320544
313.5   0.533408507235
314.0   0.543375672467
314.5   0.549088226674
315.0   0.521141418005
315.5   0.520376432485
316.0   0.51229937758
316.5   0.514040464754
317.0   0.546159921713
317.5   0.582789812777
318.0   0.566479228656
318.5   0.53508005027
319.0   0.540951562508
319.5   0.564877229759
320.0   0.612852750222
320.5   0.619191201673
321.0   0.603911361028
321.5   0.586361401016
322.0   0.568796538689
322.5   0.550638067468
323.0   0.538420652622
323.5   0.538897526712
324.0   0.551663843506
324.5   0.57319023799
325.0   0.598896731922
325.5   0.623560063782
326.0   0.641124926109
326.5   0.646956698839
327.0   0.641497483992
327.5   0.631547704795
328.0   0.63462254919
328.5   0.659454773957
329.0   0.682026814233
329.5   0.679851076196
330.0   0.666746973588
330.5   0.661881367635
331.0   0.66170502357
331.5   0.657760877448
332.0   0.652271857971
332.5   0.64928146003
333.0   0.646472373591
333.5   0.642115930078
334.0   0.642225213724
334.5   0.649626697001
335.0   0.651407523682
335.5   0.637131105603
336.0   0.618515630045
336.5   0.6107564912
337.0   0.615540134419
337.5   0.628152460621
338.0   0.641216823721
338.5   0.64886667892
339.0   0.651333012106
339.5   0.650853654296
340.0   0.648936223058
340.5   0.646877219824
341.0   0.646343220192
341.5   0.648573600052
342.0   0.653014490018
342.5   0.656305417985
343.0   0.650051412988
343.5   0.631058412109
344.0   0.614360367789
344.5   0.614544163011
345.0   0.626617522142
345.5   0.63870081615
346.0   0.64115473074
346.5   0.631011221443
347.0   0.619628336256
347.5   0.617469984253
348.0   0.618965183224
348.5   0.617643844599
349.0   0.620659079732
349.5   0.635300604537
350.0   0.655108265321
350.5   0.667149336102
351.0   0.657892514567
351.5   0.662296148745
352.0   0.656812096706
352.5   0.654402889062
353.0   0.673043201812
353.5   0.694087754767
354.0   0.711121101182
354.5   0.719446528009
355.0   0.711645165937
355.5   0.695411577112
356.0   0.678107505303
356.5   0.643198831658
357.0   0.61744763078
357.5   0.609079980726
358.0   0.597485979405
358.5   0.595039515973
359.0   0.631142858562
359.5   0.665343672229
360.0   0.666647624819
360.5   0.640777205418
361.0   0.613289884805
361.5   0.61499371619
362.0   0.624238119129
362.5   0.657460347423
363.0   0.649234269364
363.5   0.640441903324
364.0   0.665778323092
364.5   0.66033649428
365.0   0.671885788655
365.5   0.721028657152
366.0   0.74228929368
366.5   0.725864458475
367.0   0.714645498756
367.5   0.708160507871
368.0   0.69216783981
368.5   0.694480182404
369.0   0.712280998058
369.5   0.750247130062
370.0   0.756697348878
370.5   0.714936093904
371.0   0.714911256712
371.5   0.757556715728
372.0   0.721969986737
372.5   0.71510995425
373.0   0.709370079131
373.5   0.664084426584
374.0   0.69898813279
374.5   0.687560540656
375.0   0.674821544774
375.5   0.760624108966
376.0   0.77166672462
376.5   0.756694865159
377.0   0.73696668339
377.5   0.823941563054
378.0   0.925545548927
378.5   0.921204007729
379.0   0.829177243171
379.5   0.748816507791
380.0   0.783633283825
380.5   0.894956063007
381.0   0.941843714452
381.5   0.900258803543
382.0   0.851145739676
382.5   0.762027410325
383.0   0.660545126695
383.5   0.615850599321
384.0   0.728626354248
384.5   0.891811674474
385.0   0.97447730129
385.5   0.973689962297
386.0   0.973277664907
386.5   0.992250796032
387.0   0.95191767961
387.5   0.903924773112
388.0   0.846983026263
388.5   0.739937211578
389.0   0.726520160349
389.5   0.832704124464
390.0   0.897151670798
390.5   0.887072738201
391.0   0.923392164363
391.5   0.932119953703
392.0   0.880699514681
392.5   0.760363318448
393.0   0.594120539861
393.5   0.544885773753
394.0   0.651536677082
394.5   0.772473933367
395.0   0.853574817074
395.5   0.867585477197
396.0   0.788836675591
396.5   0.642319595054
397.0   0.587225735305
397.5   0.691971625992
398.0   0.822274987457
398.5   0.920545822136
399.0   0.993447948696
399.5   1.03314026556
400.0   1.04713105593
400.5   1.05017112825
401.0   1.06833705063
401.5   1.08810497191
402.0   1.10107992112
402.5   1.09943321527
403.0   1.0781402904
403.5   1.07307350319
404.0   1.07268107555
404.5   1.06096537199
405.0   1.07116352311
405.5   1.05550615714
406.0   1.03772769496
406.5   1.02954135641
407.0   1.02890800801
407.5   1.02613120992
408.0   1.04245669636
408.5   1.05922676853
409.0   1.03522162227
409.5   0.954726766049
410.0   0.869326564371
410.5   0.882900089911
411.0   0.960792008385
411.5   1.0261933029
412.0   1.05748071392
412.5   1.07014768194
413.0   1.0741737908
413.5   1.08582491766
414.0   1.09628634302
414.5   1.09814168128
415.0   1.10112711178
415.5   1.09982812663
416.0   1.10916194346
416.5   1.10592814104
417.0   1.07561931539
417.5   1.05583152436
418.0   1.06350621675
418.5   1.06751990701
419.0   1.07495864607
419.5   1.07445941851
420.0   1.07150876008
420.5   1.09267749899
421.0   1.11251496441
421.5   1.10640004769
422.0   1.08072335839
422.5   1.04330612833
423.0   1.04840272017
423.5   1.05373526534
424.0   1.06068967915
424.5   1.07108156037
425.0   1.07400241418
425.5   1.07415640477
426.0   1.06663321925
426.5   1.06588065232
427.0   1.04850455266
427.5   1.04292115185
428.0   1.04520368981
428.5   1.02406972297
429.0   0.998604149798
429.5   0.972604576998
430.0   0.925356786266
430.5   0.90731008241
431.0   0.927082971124
431.5   0.979780041826
432.0   1.0117852477
432.5   1.00409813671
433.0   0.995859640059
433.5   0.938932795525
434.0   0.871388051324
434.5   0.901843416405
435.0   0.958616270348
435.5   1.01375235332
436.0   1.06759193487
436.5   1.09214101564
437.0   1.08317230554
437.5   1.06799429738
438.0   1.05048159316
438.5   1.03258391245
439.0   1.04813199477
439.5   1.06284803116
440.0   1.06695113531
440.5   1.0713820904
441.0   1.08482397882
441.5   1.09029064482
442.0   1.09803736507
442.5   1.10312650575
443.0   1.10079926085
443.5   1.09662412884
444.0   1.09732950509
444.5   1.08702952149
445.0   1.07668731465
445.5   1.05607989628
446.0   1.05445306019
446.5   1.07244512222
447.0   1.09211617845
447.5   1.10763197242
448.0   1.09678308687
448.5   1.09455519072
449.0   1.09305750803
449.5   1.10118175361
450.0   1.11965814089
450.5   1.13744157051
451.0   1.13989051766
451.5   1.13066598447
452.0   1.11252986672
452.5   1.08684075883
453.0   1.06826253906
453.5   1.07987144269
454.0   1.09418014912
454.5   1.08523130877
455.0   1.07314553104
455.5   1.07956842895
456.0   1.09168401131
456.5   1.09732702137
457.0   1.10607219675
457.5   1.10729915405
458.0   1.09273959197
458.5   1.08512947628
459.0   1.08523875993
459.5   1.08634153126
460.0   1.09077248635
460.5   1.10056827496
461.0   1.10868010193
461.5   1.10998902196
462.0   1.11151650928
462.5   1.11074904004
463.0   1.10010133574
463.5   1.09206650407
464.0   1.08866132501
464.5   1.08001549841
465.0   1.080673684
465.5   1.08726050737
466.0   1.09071536081
466.5   1.07446190223
467.0   1.06876176662
467.5   1.07612102667
468.0   1.08235764563
468.5   1.08816954861
469.0   1.08536791333
469.5   1.07756158382
470.0   1.05392651172
470.5   1.04225799882
471.0   1.0495179101
471.5   1.06629791715
472.0   1.07857245754
472.5   1.07909403858
473.0   1.06593281043
473.5   1.06055059088
474.0   1.06675740521
474.5   1.07130757882
475.0   1.06870960852
475.5   1.05643506813
476.0   1.04652999588
476.5   1.04003755383
477.0   1.04981844012
477.5   1.06159126923
478.0   1.05849158764
478.5   1.05002458882
479.0   1.0495949054
479.5   1.05320871686
480.0   1.05229719191
480.5   1.05390664196
481.0   1.06011842373
481.5   1.06510573193
482.0   1.05797000661
482.5   1.04805499948
483.0   1.04431948577
483.5   1.04377803498
484.0   1.03518933392
484.5   1.0138914416
485.0   0.97014321125
485.5   0.891449051468
486.0   0.816227131155
486.5   0.825831673381
487.0   0.881454565324
487.5   0.927910049625
488.0   0.971178922165
488.5   0.987313162222
489.0   0.997958382801
489.5   1.01756734605
490.0   1.02462359235
490.5   1.02500111767
491.0   1.02545315457
491.5   1.02409456016
492.0   1.00519097317
492.5   1.00410310415
493.0   1.01181256861
493.5   1.00535738236
494.0   1.01050116486
494.5   1.02933520771
495.0   1.03657524924
495.5   1.02684900477
496.0   1.02298433767
496.5   1.02860251054
497.0   1.02641435391
497.5   1.02088062749
498.0   0.999090958765
498.5   0.991048675929
499.0   1.00500966167
499.5   1.0076622738
500.0   1.0
500.5   0.984427080487
501.0   0.972480391037
501.5   0.961124826761
502.0   0.964467912831
502.5   0.976275514006
503.0   0.986344511726
503.5   0.983441043957
504.0   0.973379497395
504.5   0.983391369572
505.0   0.990181857921
505.5   1.00146787806
506.0   1.01178276398
506.5   1.00410558787
507.0   0.994553203749
507.5   0.985219386919
508.0   0.98148635693
508.5   0.991093382875
509.0   1.00306739324
509.5   1.00160696634
510.0   0.992904014187
510.5   0.992884144433
511.0   0.992076935687
511.5   0.999766530393
512.0   0.997650401617
512.5   0.984980949874
513.0   0.974174287545
513.5   0.966487176558
514.0   0.960665338705
514.5   0.964341243151
515.0   0.969234170016
515.5   0.968667882033
516.0   0.957215452708
516.5   0.921469765686
517.0   0.897804888953
517.5   0.912272553412
518.0   0.917930465797
518.5   0.908440174655
519.0   0.918804734962
519.5   0.929050076747
520.0   0.937040201479
520.5   0.936287634555
521.0   0.944456587072
521.5   0.951393614855
522.0   0.954637352157
522.5   0.943150150762
523.0   0.938756451461
523.5   0.946018846461
524.0   0.955322858661
524.5   0.960337487768
525.0   0.960104018161
525.5   0.958857191112
526.0   0.941510896076
526.5   0.908462528128
527.0   0.90045750108
527.5   0.912468767231
528.0   0.929894541282
528.5   0.948927281669
529.0   0.967771259395
529.5   0.963258341571
530.0   0.952161084094
530.5   0.958134428819
531.0   0.961874909965
531.5   0.9553924028
532.0   0.941866067925
532.5   0.92066007322
533.0   0.912207976713
533.5   0.92066007322
534.0   0.923414517836
534.5   0.932820362524
535.0   0.943639443448
535.5   0.9516320519
536.0   0.943073155466
536.5   0.92480291688
537.0   0.920876156792
537.5   0.933895812946
538.0   0.943214727461
538.5   0.943659313202
539.0   0.936459011182
539.5   0.923523801481
540.0   0.913370357308
540.5   0.903795619713
541.0   0.907332435883
541.5   0.917118289612
542.0   0.921452379651
542.5   0.91686743397
543.0   0.912664981049
543.5   0.915767146356
544.0   0.927872793836
544.5   0.927624421914
545.0   0.928011882113
545.5   0.925642413976
546.0   0.922272006994
546.5   0.915230663004
547.0   0.912468767231
547.5   0.901803676898
548.0   0.897789986638
548.5   0.905862074104
549.0   0.908566844335
549.5   0.907774537904
550.0   0.904061377669
550.5   0.89978938061
551.0   0.896851140772
551.5   0.896632573481
552.0   0.897325531143
552.5   0.892291032283
553.0   0.892082399869
553.5   0.897039903433
554.0   0.903927256831
554.5   0.907290212656
555.0   0.905896846173
555.5   0.901818579213
556.0   0.897362786932
556.5   0.889809796782
557.0   0.881290639856
557.5   0.879226669184
558.0   0.877614735409
558.5   0.865434576352
559.0   0.857556218985
559.5   0.85648821972
560.0   0.860414979807
560.5   0.874430607369
561.0   0.884648628242
561.5   0.875791685502
562.0   0.871713418541
562.5   0.872915538644
563.0   0.876064894616
563.5   0.876469740849
564.0   0.878690185832
564.5   0.884810069991
565.0   0.883101271167
565.5   0.868102090795
566.0   0.855427671613
566.5   0.854804258088
567.0   0.861828216044
567.5   0.869473103805
568.0   0.867992807149
568.5   0.860765184217
569.0   0.857513995758
569.5   0.855969122403
570.0   0.851098549011
570.5   0.841469169593
571.0   0.835778968859
571.5   0.844352767608
572.0   0.856441029055
572.5   0.864041209869
573.0   0.86209645772
573.5   0.860931593405
574.0   0.858577027584
574.5   0.854247904983
575.0   0.848907908659
575.5   0.84387092608
576.0   0.844943892783
576.5   0.846521054488
577.0   0.849161248019
577.5   0.847363035304
578.0   0.844064656179
578.5   0.840185086756
579.0   0.840080770549
579.5   0.840105607741
580.0   0.841094127991
580.5   0.843331959009
581.0   0.845867836333
581.5   0.848560187968
582.0   0.851259990761
582.5   0.84954125706
583.0   0.847305909762
583.5   0.847983965109
584.0   0.848974969078
584.5   0.848398746219
585.0   0.843828702853
585.5   0.834907183413
586.0   0.832587389661
586.5   0.83768646522
587.0   0.840411105205
587.5   0.83440547213
588.0   0.827813681319
588.5   0.81366393292
589.0   0.790413837297
589.5   0.78259508919
590.0   0.798644882793
590.5   0.81417309536
591.0   0.819257268604
591.5   0.821097704547
592.0   0.820146440085
592.5   0.817916060225
593.0   0.814580425312
593.5   0.814940564599
594.0   0.810271172464
594.5   0.805494980403
595.0   0.803058451848
595.5   0.804347502124
596.0   0.807760132333
596.5   0.808212169231
597.0   0.805340989812
597.5   0.801518545931
598.0   0.799573793782
598.5   0.797586818405
599.0   0.79935522649
599.5   0.800900099846
600.0   0.797773097347
600.5   0.789539568131
601.0   0.782672084486
601.5   0.775071903671
602.0   0.772406872948
602.5   0.778442310654
603.0   0.785488622082
603.5   0.788506340935
604.0   0.786025105434
604.5   0.784765859789
605.0   0.78906517776
605.5   0.789107400987
606.0   0.788844126749
606.5   0.786934146669
607.0   0.788695103596
607.5   0.784999329396
608.0   0.78049386273
608.5   0.777582943803
609.0   0.774478294778
609.5   0.770750232228
610.0   0.766771314036
610.5   0.76876822429
611.0   0.776954562841
611.5   0.777645036784
612.0   0.77434417394
612.5   0.770576371882
613.0   0.767307797388
613.5   0.75831673381
614.0   0.754851945497
614.5   0.756950688239
615.0   0.758371375633
615.5   0.758627198712
616.0   0.752035407901
616.5   0.746966136972
617.0   0.745493291474
617.5   0.751054338809
618.0   0.755852884343
618.5   0.761177978352
619.0   0.761925577837
619.5   0.765129575632
620.0   0.767886503966
620.5   0.764759501468
621.0   0.761515764166
621.5   0.757194092722
622.0   0.755187247592
622.5   0.75513012205
623.0   0.748814024072
623.5   0.745177859133
624.0   0.743061730358
624.5   0.739269091108
625.0   0.739110133078
625.5   0.737242376224
626.0   0.737716766595
626.5   0.738134031424
627.0   0.737863306029
627.5   0.731398184898
628.0   0.723025567406
628.5   0.729344149103
629.0   0.733347904486
629.5   0.729503107133
630.0   0.725553993572
630.5   0.725064700886
631.0   0.722650525803
631.5   0.719287569979
632.0   0.721147875675
632.5   0.727948298901
633.0   0.730526399452
633.5   0.72708893205
634.0   0.723909771448
634.5   0.721589977696
635.0   0.723571985634
635.5   0.724677240687
636.0   0.721209968655
636.5   0.722111558733
637.0   0.724230171228
637.5   0.72600603047
638.0   0.724880905663
638.5   0.725069668324
639.0   0.724503380342
639.5   0.720638713235
640.0   0.716411423121
640.5   0.714933610185
641.0   0.712874606951
641.5   0.712430021211
642.0   0.708207698536
642.5   0.708446135581
643.0   0.707323494494
643.5   0.707214210848
644.0   0.708756600484
644.5   0.708185345063
645.0   0.700751573436
645.5   0.695058888983
646.0   0.692033718972
646.5   0.691909533011
647.0   0.69487757748
647.5   0.696392646204
648.0   0.6954488329
648.5   0.69178534705
649.0   0.682843957856
649.5   0.67579019527
650.0   0.686013183582
650.5   0.696886906329
651.0   0.698687602764
651.5   0.697207306108
652.0   0.699301081411
652.5   0.700555359618
653.0   0.69962396491
653.5   0.700540457302
654.0   0.696576441426
654.5   0.680621029154
655.0   0.654700935369
655.5   0.614062321483
656.0   0.561631008738
656.5   0.554393450929
657.0   0.595248148387
657.5   0.631011221443
658.0   0.656283064512
658.5   0.669680245988
659.0   0.673351182995
659.5   0.672377565061
660.0   0.673927405855
660.5   0.675564176821
661.0   0.677332584906
661.5   0.679036416291
662.0   0.679704536762
662.5   0.676624724928
663.0   0.670554515153
663.5   0.668341521328
664.0   0.672352727869
664.5   0.676011246281
665.0   0.677528798724
665.5   0.676006278842
666.0   0.672536523091
666.5   0.669228209089
667.0   0.666019243857
667.5   0.662810278624
668.0   0.661022000785
668.5   0.660569963887
669.0   0.658898420851
669.5   0.659141825335
670.0   0.659402615853
670.5   0.657380868408
671.0   0.655299511701
671.5   0.654229028717
672.0   0.655229967563
672.5   0.658441416515
673.0   0.656839417618
673.5   0.653238024748
674.0   0.649261590276
674.5   0.643812310306
675.0   0.641023093621
675.5   0.643017520155
676.0   0.646554336325
676.5   0.64889648355
677.0   0.653757122065
677.5   0.654604070319
678.0   0.652006100014
678.5   0.649666436509
679.0   0.649880036362
679.5   0.650957970503
680.0   0.652090546468
680.5   0.648302874657
681.0   0.647192652165
681.5   0.647537889137
682.0   0.644470495899
682.5   0.640978386675
683.0   0.637146007918
683.5   0.631428486272
684.0   0.625122323172
684.5   0.623070771095
685.0   0.62174943247
685.5   0.619288066723
686.0   0.614668348972
686.5   0.607949888481
687.0   0.600662656288
687.5   0.595215860037
688.0   0.593571637913
688.5   0.596040454819
689.0   0.60094331656
689.5   0.605389173965
690.0   0.606929079881
690.5   0.605041453274
691.0   0.601407772054
691.5   0.598909150518
692.0   0.599877801014
692.5   0.604579481499
693.0   0.610925384107
693.5   0.615756217991
694.0   0.616749705679
694.5   0.613727019388
695.0   0.608553432252
695.5   0.603792142506
696.0   0.600891158456
696.5   0.599363671136
697.0   0.599490340816
697.5   0.608071590723
698.0   0.605034002116
698.5   0.600896125895
699.0   0.595233246072
699.5   0.594301851364
700.0   0.593074894069
700.5   0.591266746477
701.0   0.592133564485
701.5   0.591348709211
702.0   0.587831762795
702.5   0.584317300098
703.0   0.582822101127
703.5   0.585710666581
704.0   0.590956281574
704.5   0.594560158163
705.0   0.596122417553
705.5   0.59702400763
706.0   0.593512028652
706.5   0.589021464302
707.0   0.590598626007
707.5   0.596788054304
708.0   0.601268683778
708.5   0.602016283263
709.0   0.60078435853
709.5   0.59918981079
710.0   0.598019979037
710.5   0.597664807189
711.0   0.596179543095
711.5   0.594264595576
712.0   0.590255872754
712.5   0.583979514284
713.0   0.581903125016
713.5   0.587223251586
714.0   0.593479740302
714.5   0.594676892967
715.0   0.594731534789
715.5   0.592843908182
716.0   0.584389327955
716.5   0.572514666362
717.0   0.569109487311
717.5   0.567629190655
718.0   0.565433582864
718.5   0.556919393376
719.0   0.555357133987
719.5   0.553196298265
720.0   0.549306793966
720.5   0.550190998008
721.0   0.557947653134
721.5   0.566171247473
722.0   0.568702157359
722.5   0.564527025349
723.0   0.56025502829
723.5   0.558071839095
724.0   0.560545623438
724.5   0.559355921932
725.0   0.553558921271
725.5   0.545832070776
726.0   0.545442126858
726.5   0.550362374634
727.0   0.556924360815
727.5   0.55458221359
728.0   0.552682168386
728.5   0.549525361257
729.0   0.537357620796
729.5   0.535641370814
730.0   0.54310991451
730.5   0.54253617537
731.0   0.546947260706
731.5   0.554636855413
732.0   0.556641216824
732.5   0.554500250856
733.0   0.552761647401
733.5   0.553889255927
734.0   0.553347805137
734.5   0.547868720537
735.0   0.543415411975
735.5   0.543385607344
736.0   0.541440855194
736.5   0.536597602714
737.0   0.539200540457
737.5   0.542705068277
738.0   0.540472204698
738.5   0.532926665706
739.0   0.528535450124
739.5   0.528128120172
740.0   0.528699375593
740.5   0.534645399407
741.0   0.535296133843
741.5   0.536016412417
742.0   0.537096830278
742.5   0.539073870777
743.0   0.541001236892
743.5   0.539280019472
744.0   0.533786032557
744.5   0.527979097019
745.0   0.525815777578
745.5   0.528100799261
746.0   0.53211697324
746.5   0.534856515541
747.0   0.534503827411
747.5   0.531019169345
748.0   0.526267814476
748.5   0.522952049317
749.0   0.521037101798
749.5   0.520634739284
750.0   0.520915399556
750.5   0.520210023297
751.0   0.517569829766
751.5   0.515811356558
752.0   0.515289775521
752.5   0.514599301578
753.0   0.514899831604
753.5   0.517731271515
754.0   0.521310310912
754.5   0.523312188604
755.0   0.521737510618
755.5   0.520942720467
756.0   0.520376432485
756.5   0.519810144503
757.0   0.519243856521
757.5   0.518677568538
758.0   0.518111280556
758.5   0.517544992574
759.0   0.516981188311
759.5   0.516414900328
760.0   0.515848612346
760.5   0.515282324364
761.0   0.514716036382
761.5   0.514149748399
762.0   0.513583460417
762.5   0.513017172435
763.0   0.512450884452
763.5   0.51188459647
764.0   0.511320792207
764.5   0.510752020506
765.0   0.510188216243
765.5   0.50962192826
766.0   0.509055640278
766.5   0.508489352296
767.0   0.507923064313
767.5   0.507356776331
768.0   0.506792972068
768.5   0.506224200367
769.0   0.505660396104
769.5   0.505094108121
770.0   0.504527820139
770.5   0.503961532157
771.0   0.503395244174
771.5   0.502828956192
772.0   0.50226266821
772.5   0.501696380228
773.0   0.500966166777
773.5   0.498835135686
774.0   0.494068878501
774.5   0.489312556194
775.0   0.488781040281
775.5   0.492370014555
776.0   0.496979797428
776.5   0.497690141125
777.0   0.49267054458
777.5   0.485428019333
778.0   0.483443527676
778.5   0.487092111211
779.0   0.493629260199
779.5   0.499850976847
780.0   0.501112706211
780.5   0.49684567659
781.0   0.487757747962
781.5   0.478145754579
782.0   0.472440651529
782.5   0.471300624407
783.0   0.474214027053
783.5   0.479919130102
784.0   0.485830381847
784.5   0.489327458509
785.0   0.489354779421
785.5   0.48696792525
786.0   0.485095200958
786.5   0.483922885486
787.0   0.483912950609
787.5   0.484777284897
788.0   0.484521461818
788.5   0.48199800309
789.0   0.475470788978
789.5   0.466593976484
790.0   0.458810000447
790.5   0.45491304499
791.0   0.455032263513
791.5   0.458280968253
792.0   0.463173895118
792.5   0.467065883136
793.0   0.46807178942
793.5   0.468779649398
794.0   0.469790523121
794.5   0.471057219923
795.0   0.472649283944
795.5   0.471044801327
796.0   0.465009363621
796.5   0.458638623821
797.0   0.457108652781
797.5   0.460941031538
798.0   0.469465155903
798.5   0.477251615659
799.0   0.478667335615
799.5   0.47224692143
800.0   0.460762203754
800.5   0.455653193318
801.0   0.461614119447
801.5   0.462148119079
802.0   0.461927068069
802.5   0.461124826761
803.0   0.461358296367
803.5   0.462471002578
804.0   0.462714407062
804.5   0.461949421542
805.0   0.462140667922
805.5   0.463218602063
806.0   0.463213634625
806.5   0.462855979057
807.0   0.462389039844
807.5   0.46150980324
808.0   0.460108985599
808.5   0.45774945234
809.0   0.455561295707
809.5   0.453653799345
810.0   0.452888813825
810.5   0.453179408974
811.0   0.454123222278
811.5   0.45516886807
812.0   0.455769928121
812.5   0.455548877111
813.0   0.454597612649
813.5   0.453186860132
814.0   0.451594796111
814.5   0.450049922756
815.0   0.448641653958
815.5   0.447404761786
816.0   0.446371534591
816.5   0.445596614194
817.0   0.445176865646
817.5   0.445233991188
818.0   0.445872307027
818.5   0.447022269027
819.0   0.448149877553
819.5   0.448549756347
820.0   0.447541366344
820.5   0.444881303058
821.0   0.441463705411
821.5   0.438612395746
822.0   0.43764374525
822.5   0.439248227866
823.0   0.442524253518
823.5   0.445949302323
824.0   0.448005821838
824.5   0.447782287108
825.0   0.445954269762
825.5   0.443803368917
826.0   0.442626086006
826.5   0.443147667043
827.0   0.444650317171
827.5   0.445859888431
828.0   0.445494781706
828.5   0.442839685859
829.0   0.438637232938
829.5   0.434181440656
830.0   0.430783712763
830.5   0.42929596495
831.0   0.429382895122
831.5   0.430257164288
832.0   0.431094177665
832.5   0.431250651976
833.0   0.430512987368
833.5   0.428846411771
834.0   0.426248441466
834.5   0.422915290272
835.0   0.41957717164
835.5   0.417160512838
836.0   0.416559452787
836.5   0.418193740034
837.0   0.421231328641
837.5   0.424358331139
838.0   0.426263343782
838.5   0.426114320628
839.0   0.424348396262
839.5   0.421877095638
840.0   0.41963926462
840.5   0.418933888362
841.0   0.422227300048
841.5   0.422952546061
842.0   0.42190193283
842.5   0.422383774359
843.0   0.421313291375
843.5   0.419105264988
844.0   0.415503872118
844.5   0.414567509972
845.0   0.415176021181
845.5   0.41724992673
846.0   0.416465071457
846.5   0.414100570759
847.0   0.413971417359
847.5   0.414731435441
848.0   0.413700691964
848.5   0.413539250215
849.0   0.408157030664
849.5   0.394330165763
850.0   0.386116506301
850.5   0.396101057568
851.0   0.404334586784
851.5   0.403981898654
852.0   0.405062316515
852.5   0.405891878735
853.0   0.401247323793
853.5   0.384489670212
854.0   0.355733169077
854.5   0.351605227732
855.0   0.378565999871
855.5   0.396048899464
856.0   0.399426757604
856.5   0.401272160985
857.0   0.400792803175
857.5   0.399697482999
858.0   0.398083065506
858.5   0.397859530776
859.0   0.396863559368
859.5   0.395803011261
860.0   0.394911356061
860.5   0.396098573848
861.0   0.396982777891
861.5   0.397566451908
862.0   0.398055744594
862.5   0.397106963852
863.0   0.395862620522
863.5   0.396553094466
864.0   0.396327076017
864.5   0.393686882485
865.0   0.388985202001
865.5   0.378009646765
866.0   0.355628852869
866.5   0.349258113069
867.0   0.371917083518
867.5   0.386059380759
868.0   0.389991108285
868.5   0.389770057275
869.0   0.389064681016
869.5   0.390515173041
870.0   0.392261227653
870.5   0.392921896965
871.0   0.390862893732
871.5   0.3910913959
872.0   0.391098847058
872.5   0.391692455951
873.0   0.390977144816
873.5   0.3881581235
874.0   0.385207465066
874.5   0.381583718724
875.0   0.378009646765
875.5   0.379994138423
876.0   0.383550824346
876.5   0.385940162237
877.0   0.387015612659
877.5   0.386712598914
878.0   0.387281370616
878.5   0.387601770395
879.0   0.385781204206
879.5   0.384954125706
880.0   0.383471345331
880.5   0.378387172087
881.0   0.378511358048
881.5   0.382994471241
882.0   0.383943251983
882.5   0.382318899613
883.0   0.382204648529
883.5   0.38204320678
884.0   0.381057170249
884.5   0.379872436181
885.0   0.377175117107
885.5   0.373481826626
886.0   0.368280918579
886.5   0.366067924753
887.0   0.371594200019
887.5   0.376728047648
888.0   0.379020520488
888.5   0.380905663377
889.0   0.382303997298
889.5   0.381740193035
890.0   0.381827123207
890.5   0.380423821848
891.0   0.380652324016
891.5   0.381258351506
892.0   0.38143717929
892.5   0.378051869992
893.0   0.378009646765
893.5   0.374636756064
894.0   0.370610647208
894.5   0.367011738057
895.0   0.363599107848
895.5   0.359843724387
896.0   0.35521158804
896.5   0.349469229203
897.0   0.343158098663
897.5   0.337112726081
898.0   0.332180059709
898.5   0.328983513072
899.0   0.327592630308
899.5   0.327855904546
900.0   0.329601959158
900.5   0.332661901237
901.0   0.336864354158
901.5   0.342040425014
902.0   0.348003834862
902.5   0.35441679789
903.0   0.360521779734
903.5   0.365417190317
904.0   0.368206407002
904.5   0.368295820894
905.0   0.365879162092
905.5   0.361445723284
906.0   0.355536955258
906.5   0.348895490063
907.0   0.34278554078
907.5   0.338672501751
908.0   0.337959674335
908.5   0.341173607006
909.0   0.346588114907
909.5   0.351610195171
910.0   0.353671682124
910.5   0.35132456746
911.0   0.346024310644
911.5   0.340356463383
912.0   0.336911544824
912.5   0.337318874776
913.0   0.340701700354
913.5   0.345217101897
914.0   0.348987387674
914.5   0.350716056251
915.0   0.350631609798
915.5   0.349548708218
916.0   0.348321750923
916.5   0.347616374664
917.0   0.347611407226
917.5   0.348301881169
918.0   0.349640605829
918.5   0.351431367387
919.0   0.35307807323
919.5   0.353825672715
920.0   0.352941468673
920.5   0.350097610165
921.0   0.345992022294
921.5   0.341722508954
922.0   0.338396808918
922.5   0.336784875143
923.0   0.336799777459
923.5   0.338024251034
924.0   0.340008742692
924.5   0.342335987601
925.0   0.344685585984
925.5   0.346759491533
926.0   0.348279527696
926.5   0.349054448093
927.0   0.349109089916
927.5   0.348565155406
928.0   0.34753441193
928.5   0.345984571136
929.0   0.343500851916
929.5   0.339526901163
930.0   0.333561007595
930.5   0.325846575696
931.0   0.31853947375
931.5   0.314543169524
932.0   0.316664265738
932.5   0.326012984884
933.0   0.33931330131
933.5   0.351597776575
934.0   0.357946162902
934.5   0.355601531958
935.0   0.347430095723
935.5   0.338458901898
936.0   0.333739835379
936.5   0.336422252137
937.0   0.344700488299
937.5   0.354873802226
938.0   0.363149554669
938.5   0.366763366135
939.0   0.365650659924
939.5   0.360770151656
940.0   0.353182389437
940.5   0.34390073071
941.0   0.333811863236
941.5   0.323760251551
942.0   0.314580425312
942.5   0.307121816493
943.0   0.302248759382
943.5   0.300845458023
944.0   0.303709186284
944.5   0.310884651112
945.0   0.320432067796
945.5   0.329649149823
946.0   0.335863415313
946.5   0.33746541421
947.0   0.335600141075
947.5   0.332470654857
948.0   0.330304851697
948.5   0.330463809727
949.0   0.332073259782
949.5   0.333399565846
950.0   0.332704124464
950.5   0.329028220018
951.0   0.323452270368
951.5   0.317841548649
952.0   0.31407623031
952.5   0.313360919175
953.0   0.315169066767
953.5   0.318301036704
954.0   0.321522420533
954.5   0.323881953793
955.0   0.325168520349
955.5   0.325449180621
956.0   0.324830734535
956.5   0.323439851772
957.0   0.321485164745
957.5   0.319192691905
958.0   0.316798386576
958.5   0.314520816051
959.0   0.312533840674
959.5   0.311006353354
960.0   0.310079926085
960.5   0.309739656551
961.0   0.309535991575
961.5   0.308855452509
962.0   0.307106914178
962.5   0.304121483675
963.0   0.30082310455
963.5   0.298548017744
964.0   0.298617561882
964.5   0.301727178346
965.0   0.306965342182
965.5   0.312794631193
966.0   0.317662720865
966.5   0.320486709618
967.0   0.321398234572
967.5   0.32099090462
968.0   0.319895584444
968.5   0.318611501607
969.0   0.31729513042
969.5   0.315973791795
970.0   0.314654936889
970.5   0.313316212229
971.0   0.31184833417
971.5   0.310112214434
972.0   0.307968764747
972.5   0.305395631635
973.0   0.302633735861
973.5   0.300035765557
974.0   0.297944473973
974.5   0.296575944683
975.0   0.295781154532
975.5   0.295281926969
976.0   0.294790150563
976.5   0.294156802162
977.0   0.293560709549
977.5   0.293307370188
978.0   0.293694830387
978.5   0.294762829652
979.0   0.295890438178
979.5   0.296208354238
980.0   0.29486466214
980.5   0.291538962103
981.0   0.287261997606
981.5   0.283588576879
982.0   0.282058605839
982.5   0.283600995475
983.0   0.287522788124
983.5   0.292510096319
984.0   0.297219227961
984.5   0.300544927997
985.0   0.302025224652
985.5   0.301439066916
986.0   0.298632464197
986.5   0.293766858244
987.0   0.287860573938
987.5   0.282257303376
988.0   0.278285836343
988.5   0.276805539687
989.0   0.277451306685
989.5   0.279391091396
990.0   0.281760559532
990.5   0.2839015255
991.0   0.285679868462
991.5   0.287167616275
992.0   0.288444247955
992.5   0.289534600692
993.0   0.290309521089
993.5   0.290577762765
994.0   0.290162981655
994.5   0.289057726602
995.0   0.287706583346
995.5   0.286730481693
996.0   0.28673793285
996.5   0.28801456453
997.0   0.290043763133
997.5   0.291993482721
998.0   0.293031677355
998.5   0.292636765999
999.0   0.291094376363
999.5   0.289003084779
1000.0   0.286966435018
1000.5   0.285384305875
1001.0   0.2840952556
1001.5   0.282731693747
1002.0   0.280913611278
1002.5   0.278449761811
1003.0   0.275593484708
1003.5   0.272779430831
1004.0   0.270447218483
1004.5   0.268961954389
1005.0   0.268470177983
1005.5   0.269041433404
1006.0   0.270720427597
1006.5   0.273397876917
1007.0   0.2765745538
1007.5   0.279589788934
1008.0   0.28180029904
1008.5   0.282763982097
1009.0   0.282609991506
1009.5   0.281676113079
1010.0   0.280312551227
1010.5   0.278765194152
1011.0   0.277009204663
1011.5   0.274907978203
1012.0   0.272354714844
1012.5   0.269510856337
1013.0   0.267282960196
1013.5   0.266850793052
1014.0   0.269346930868
1014.5   0.275086805987
1015.0   0.282267238253
1015.5   0.288272871328
1016.0   0.290523120942
1016.5   0.287649457804
1017.0   0.281395452807
1017.5   0.274719215542
1018.0   0.270586306759
1018.5   0.270849580997
1019.0   0.274485745935
1019.5   0.279361286765
1020.0   0.283293014291
1020.5   0.284701283089
1021.0   0.283558772248
1021.5   0.280436737188
1022.0   0.275971010029
1022.5   0.270804874051
1023.0   0.265611417161
1023.5   0.261073662145
1024.0   0.257857245754
1024.5   0.25643655836
1025.0   0.256779311612
1025.5   0.258664454501
1026.0   0.261833680226
1026.5   0.265829984452
1027.0   0.269709553874
1027.5   0.27233484509
1028.0   0.272613021643
1028.5   0.270059758284
1029.0   0.26580266354
1029.5   0.261575373427
1030.0   0.259523821351
1030.5   0.262164014882
1031.0   0.263597120873
1031.5   0.264759501468
1032.0   0.265340691765
1032.5   0.26484891536
1033.0   0.263564832523
1033.5   0.262057214956
1034.0   0.260902285518
1034.5   0.260492471847
1035.0   0.260725941454
1035.5   0.26131209919
1036.0   0.26194793131
1036.5   0.262419837962
1037.0   0.262720367988
1037.5   0.26293645156
1038.0   0.263147567694
1038.5   0.2633810373
1039.0   0.263517641858
1039.5   0.263371102424
1040.0   0.262772526091
1040.5   0.261664787319
1041.0   0.260311160344
1041.5   0.259094137926
1042.0   0.258388761667
1042.5   0.258403663983
1043.0   0.258887989231
1043.5   0.259424472582
1044.0   0.25959088177
1044.5   0.259141328591
1045.0   0.258264575706
1045.5   0.257318278683
1046.0   0.256665060528
1046.5   0.256518521094
1047.0   0.256694865159
1047.5   0.256873692943
1048.0   0.256717218632
1048.5   0.255991972619
1049.0   0.254727759536
1049.5   0.253051249062
1050.0   0.251104013194
1050.5   0.249084749467
1051.0   0.247332485557
1051.5   0.246236917009
1052.0   0.246175320772
1052.5   0.247261699559
1053.0   0.248953112349
1053.5   0.250448311319
1054.0   0.250959957479
1054.5   0.250103074348
1055.0   0.24853584752
1055.5   0.247310628828
1056.0   0.24746859337
1056.5   0.249444888754
1057.0   0.252109919478
1057.5   0.253739239286
1058.0   0.252631500514
1058.5   0.247937519559
1059.0   0.24102160339
1059.5   0.234104445361
1060.0   0.229418412307
1060.5   0.228473853888
1061.0   0.230912369418
1061.5   0.23565378941
1062.0   0.241495497017
1062.5   0.246437104778
1063.0   0.246893860743
1063.5   0.246610965124
1064.0   0.246329062992
1064.5   0.246047160861
1065.0   0.245766003845
1065.5   0.245484101713
1066.0   0.245203193069
1066.5   0.244922781169
1067.0   0.244642866013
1067.5   0.244363199229
1068.0   0.244082538957
1068.5   0.243803617289
1069.0   0.243524198876
1069.5   0.24324552558
1070.0   0.242967100655
1070.5   0.242688427359
1071.0   0.242410499178
1071.5   0.242132819369
1072.0   0.24185513956
1072.5   0.241577459751
1073.0   0.241300276686
1073.5   0.241023838737
1074.0   0.240747400788
1074.5   0.240471459582
1075.0   0.240195518377
1075.5   0.239919577172
1076.0   0.239644381082
1076.5   0.239369184992
1077.0   0.23909498239
1077.5   0.23882102816
1078.0   0.238547322302
1078.5   0.238272622957
1079.0   0.237999413842
1079.5   0.237725956356
1080.0   0.237452995614
1080.5   0.237180283243
1081.0   0.236906577385
1081.5   0.236634858503
1082.0   0.236363387992
1082.5   0.236091420737
1083.0   0.235819950226
1083.5   0.235548728087
1084.0   0.235278747808
1084.5   0.235007774041
1085.0   0.234738042134
1085.5   0.234467565111
1086.0   0.234197584831
1086.5   0.23392859804
1087.0   0.233659611248
1087.5   0.233390376085
1088.0   0.233121637665
1088.5   0.232853892733
1089.0   0.232585651057
1089.5   0.232317906125
1090.0   0.232050657937
1090.5   0.231783409749
1091.0   0.231516658305
1091.5   0.231249906861
1092.0   0.23098365216
1092.5   0.230717645832
1093.0   0.230451639503
1093.5   0.230186626662
1094.0   0.229920620334
1094.5   0.229655359121
1095.0   0.22939158814
1095.5   0.229127568787
1096.0   0.228863301062
1096.5   0.228599033336
1097.0   0.228335759099
1097.5   0.228072733234
1098.0   0.227808962252
1098.5   0.227546929875
1099.0   0.227284152381
1099.5   0.227021871631
1100.0   0.226760584369
1100.5   0.226498551992
1101.0   0.22623726473
1101.5   0.225976474212
1102.0   0.22571518695
1102.5   0.225454893175
1103.0   0.225194847773
1103.5   0.224934553999
1104.0   0.224675253712
1104.5   0.224415705053
1105.0   0.224156901511
1105.5   0.223897849596
1106.0   0.223639046053
1106.5   0.223380987626
1107.0   0.223123425943
1107.5   0.222865119144
1108.0   0.222608302577
1108.5   0.222350492522
1109.0   0.222094172698
1109.5   0.221836859387
1110.0   0.221580787935
1110.5   0.221324964855
1111.0   0.221069390148
1111.5   0.220813318696
1112.0   0.220558737476
1112.5   0.22030341114
1113.0   0.220049326664
1113.5   0.219794497072
1114.0   0.219540660967
1114.5   0.219286824863
1115.0   0.219033485503
1115.5   0.21877989777
1116.0   0.218527055153
1116.5   0.218273964165
1117.0   0.218021618292
1117.5   0.217769024047
1118.0   0.217517174918
1118.5   0.217265325789
1119.0   0.21701471852
1119.5   0.216763366135
1120.0   0.216512758866
1120.5   0.216262399968
1121.0   0.216012289443
1121.5   0.215761930545
1122.0   0.215512565136
1122.5   0.215262702982
1123.0   0.215014082688
1123.5   0.21476496565
1124.0   0.2145168421
1124.5   0.214267973434
1125.0   0.214020346628
1125.5   0.213772223078
1126.0   0.213524844643
1126.5   0.213277714581
1127.0   0.213030584518
1127.5   0.2127839512
1128.0   0.212536821137
1128.5   0.212291926422
1129.0   0.212045541476
1129.5   0.211799653273
1130.0   0.21155500693
1130.5   0.211309863843
1131.0   0.211064720755
1131.5   0.2108210679
1132.0   0.210576669929
1132.5   0.210332271957
1133.0   0.210088619102
1133.5   0.209845959734
1134.0   0.20960255525
1134.5   0.209359895882
1135.0   0.209117236515
1135.5   0.208875570634
1136.0   0.20863340801
1136.5   0.208390997015
1137.0   0.208150324622
1137.5   0.207908907114
1138.0   0.207668234721
1138.5   0.207427810701
1139.0   0.207187635052
1139.5   0.206947211032
1140.0   0.206707283755
1140.5   0.206467853222
1141.0   0.206228174317
1141.5   0.205989985644
1142.0   0.205750803483
1142.5   0.205512366438
1143.0   0.205274177765
1143.5   0.205036237463
1144.0   0.204798545534
1144.5   0.204561847092
1145.0   0.204324155163
1145.5   0.204087456721
1146.0   0.203851751767
1146.5   0.203615053325
1147.0   0.203379596743
1147.5   0.203143643417
1148.0   0.202908435207
1148.5   0.202672978625
1149.0   0.202438018787
1149.5   0.202203555692
1150.0   0.201969092598
1150.5   0.201734877876
1151.0   0.201501656641
1151.5   0.20126769029
1152.0   0.201034469055
1152.5   0.200801992936
1153.0   0.200569020073
1153.5   0.200336792326
1154.0   0.200104564579
1154.5   0.199873081948
1155.0   0.199640854201
1155.5   0.199409619941
1156.0   0.19917937917
1156.5   0.198948393282
1157.0   0.198718400882
1157.5   0.198487911739
1158.0   0.198258167711
1158.5   0.198027926939
1159.0   0.197798431283
1159.5   0.197569432371
1160.0   0.197340681831
1160.5   0.19711193129
1161.0   0.196883925866
1161.5   0.196656665557
1162.0   0.196428163389
1162.5   0.19620090308
1163.0   0.195973642772
1163.5   0.195746630835
1164.0   0.195520364014
1164.5   0.195293600449
1165.0   0.195068078744
1165.5   0.194841811923
1166.0   0.194615545102
1166.5   0.194390768512
1167.0   0.194165495179
1167.5   0.193940966962
1168.0   0.193716687116
1168.5   0.193492655642
1169.0   0.193268375797
1169.5   0.193044841067
1170.0   0.192821803081
1170.5   0.192598516723
1171.0   0.192375478737
1171.5   0.192153434239
1172.0   0.191930644624
1172.5   0.191708103382
1173.0   0.191486555628
1173.5   0.191265256245
1174.0   0.191044205235
1174.5   0.19082265748
1175.0   0.190601854842
1175.5   0.19038204569
1176.0   0.190162236539
1176.5   0.189942179017
1177.0   0.189722369866
1177.5   0.189502560715
1178.0   0.189283745051
1178.5   0.189064929388
1179.0   0.188846610468
1179.5   0.188628788293
1180.0   0.188410469373
1180.5   0.188192150454
1181.0   0.187975321766
1181.5   0.187758244706
1182.0   0.187540670902
1182.5   0.187324338958
1183.0   0.187108255386
1183.5   0.186891923442
1184.0   0.186676584985
1184.5   0.186460998157
1185.0   0.186245908073
1185.5   0.186030569616
1186.0   0.185815727904
1186.5   0.185601134563
1187.0   0.185386789594
1187.5   0.185172941369
1188.0   0.184959589888
1188.5   0.184746238407
1189.0   0.184533135298
1189.5   0.184320280561
1190.0   0.184107425824
1190.5   0.183895564574
1191.0   0.183683206581
1191.5   0.183472090447
1192.0   0.18326047757
1192.5   0.183048864692
1193.0   0.182838245302
1193.5   0.18262737754
1194.0   0.182417254894
1194.5   0.182207132248
1195.0   0.181997257974
1195.5   0.181787135328
1196.0   0.181577509426
1196.5   0.181368877011
1197.0   0.181159996225
1197.5   0.180951612182
1198.0   0.180743476511
1198.5   0.180535092469
1199.0   0.180327701914
1199.5   0.180120559731
1200.0   0.179912920804
1200.5   0.179706275365
