115.0   0.00239005876392
115.5   0.00236909610061
116.0   0.00130984316037
116.5   0.000843437485567
117.0   0.000851063482964
117.5   0.000792438118577
118.0   0.000464490345927
118.5   0.000331327445169
119.0   0.000247641157022
119.5   0.00136400757438
120.0   0.00673024834073
120.5   0.0313834108068
121.0   0.0732400029341
121.5   0.0824232577978
122.0   0.0423219762934
122.5   0.00955778995498
123.0   0.00132609764645
123.5   0.000512014953149
124.0   0.000479628236023
124.5   0.000382082302089
125.0   0.000241807418436
125.5   0.000147140726412
126.0   0.000145586457402
126.5   0.000145458497132
127.0   0.000160800417297
127.5   0.000233743748013
128.0   0.000288084480946
128.5   0.000247051887754
129.0   0.000182811485453
129.5   0.000221090623582
130.0   0.000425952842158
130.5   0.000527701632512
131.0   0.00027576389021
131.5   0.000133912188284
132.0   0.000108334804922
132.5   0.000169641629741
133.0   0.000387176261876
133.5   0.000632237837662
134.0   0.000294544980344
134.5   7.68693474026e-05
135.0   3.19862639676e-05
135.5   0.00011962655162
136.0   0.000171628138219
136.5   0.000158629167878
137.0   0.000126326127531
137.5   0.000137561636913
138.0   0.00012014844478
138.5   0.000125156554364
139.0   0.000247254559434
139.5   0.000384850699435
140.0   0.000366161979771
140.5   0.000365749029431
141.0   0.000238980338674
141.5   0.000139242779482
142.0   0.000139450884719
142.5   0.000211774246569
143.0   0.000258574560629
143.5   0.000195393973642
144.0   0.000220278306795
144.5   0.000301828663644
145.0   0.000332979246529
145.5   0.000287011353418
146.0   0.000191464153465
146.5   0.000278320378828
147.0   0.00039011581627
147.5   0.000302179128077
148.0   0.000260880290587
148.5   0.000435874517432
149.0   0.000500411591951
149.5   0.000470480842636
150.0   0.000365474634797
150.5   0.000312146988587
151.0   0.000367050366358
151.5   0.000336540943211
152.0   0.000334965211651
152.5   0.000373557050991
153.0   0.000556005031474
153.5   0.000540679683658
154.0   0.000521328070028
154.5   0.000990893358291
155.0   0.00112408342684
155.5   0.000571957955135
156.0   0.000347973147361
156.5   0.000332715719009
157.0   0.000289195643374
157.5   0.000362035193149
158.0   0.000399347429792
158.5   0.000334019772714
159.0   0.000244493225713
159.5   0.000263077349402
160.0   0.000332153345849
160.5   0.000332215831755
161.0   0.000281515310406
161.5   0.000280550854019
162.0   0.000289103272903
162.5   0.00038970286593
163.0   0.000512840853829
163.5   0.000646443872713
164.0   0.000698081682664
164.5   0.000469823382226
165.0   0.000528478631178
165.5   0.000878100863121
166.0   0.000898884219048
166.5   0.000606455609197
167.0   0.000494426528799
167.5   0.000438577712092
168.0   0.000455264165963
168.5   0.000479087597091
169.0   0.00053239894263
169.5   0.000590266325802
170.0   0.000662934718528
170.5   0.000710633199577
171.0   0.00068459287715
171.5   0.000702113382036
172.0   0.000668542149461
172.5   0.000669569091754
173.0   0.000725849876251
173.5   0.000784195412448
174.0   0.000830959321675
174.5   0.00090278551305
175.0   0.00100408331816
175.5   0.00108930051103
176.0   0.00110356088165
176.5   0.00108002814583
177.0   0.00115494603119
177.5   0.00119524944102
178.0   0.00117954102743
178.5   0.00108864305062
179.0   0.000903475574802
179.5   0.00114399198007
180.0   0.00141815840449
180.5   0.0018062040355
181.0   0.00216693517495
181.5   0.00249435317578
182.0   0.00242293721796
182.5   0.0019212731911
183.0   0.0017463262362
183.5   0.00178115262047
184.0   0.00174097418245
184.5   0.00161479340257
185.0   0.00165376015736
185.5   0.00177258118414
186.0   0.0018919238324
186.5   0.00213675719878
187.0   0.0023626491851
187.5   0.00231261699128
188.0   0.00236449659452
188.5   0.0024412618893
189.0   0.00257659006257
189.5   0.00260909360117
190.0   0.00259256743724
190.5   0.00262159621607
191.0   0.00269588380881
191.5   0.00278396448627
192.0   0.0028544920575
192.5   0.00279453275484
193.0   0.00258831839558
193.5   0.00271789243187
194.0   0.00323095606154
194.5   0.00367419848241
195.0   0.00482839468272
195.5   0.00764379229685
196.0   0.00644974095517
196.5   0.00623147496624
197.0   0.00791840427295
197.5   0.00650557075442
198.0   0.00719498047995
198.5   0.00719962617127
199.0   0.00605029300457
199.5   0.00902554586873
200.0   0.00873373668439
200.5   0.00705180625022
201.0   0.00569140655776
201.5   0.00627184629554
202.0   0.00776183632496
202.5   0.00646557977413
203.0   0.00620457885857
203.5   0.00861911579725
204.0   0.0107934080085
204.5   0.0114999606067
205.0   0.0119740927997
205.5   0.0094149145709
206.0   0.00956569578057
206.5   0.0106370030672
207.0   0.0128989113868
207.5   0.0132071570814
208.0   0.0129938627972
208.5   0.0126341613169
209.0   0.010335685158
209.5   0.0123022796489
210.0   0.0177236927541
210.5   0.0194409684772
211.0   0.0158631341301
211.5   0.018086871711
212.0   0.0202152775325
212.5   0.0166015273729
213.0   0.0148990037573
213.5   0.0172492345476
214.0   0.0193427569325
214.5   0.018833225115
215.0   0.0207882189615
215.5   0.0220363885319
216.0   0.0193518853085
216.5   0.0177104620425
217.0   0.0141616700581
217.5   0.0151471271425
218.0   0.0195002214175
218.5   0.0271862596208
219.0   0.0320351659816
219.5   0.0326067761891
220.0   0.0290173683653
220.5   0.0235095888699
221.0   0.0206510488124
221.5   0.020589785456
222.0   0.0244745886118
222.5   0.0258570485461
223.0   0.0234427561175
223.5   0.0255649405161
224.0   0.0284539084935
224.5   0.0319278532288
225.0   0.0312766414097
225.5   0.0262520409799
226.0   0.0224969911678
226.5   0.0206115196844
227.0   0.0209986606282
227.5   0.020138827384
228.0   0.0251602220151
228.5   0.0259592809231
229.0   0.0238705400684
229.5   0.0258710127879
230.0   0.0279045758701
230.5   0.0311261318779
231.0   0.0318585753757
231.5   0.0298326736089
232.0   0.028976616687
232.5   0.0333769829087
233.0   0.0315513077214
233.5   0.0268337576036
234.0   0.0258821787477
234.5   0.0239647851164
235.0   0.0242765354553
235.5   0.0271575432715
236.0   0.0295892502506
236.5   0.032601342632
237.0   0.0365613190503
237.5   0.0360388825346
238.0   0.0293300695767
238.5   0.0252523479759
239.0   0.0257090384506
239.5   0.0256360929464
240.0   0.0212152693822
240.5   0.0223679713543
241.0   0.0223948131264
241.5   0.0252823955467
242.0   0.0323302081324
242.5   0.0361975424021
243.0   0.0330183681398
243.5   0.0320109866525
244.0   0.0331523053224
244.5   0.0320253855788
245.0   0.0313442891956
245.5   0.0342191842601
246.0   0.0311807391268
246.5   0.0283324684922
247.0   0.0289255412502
247.5   0.028603059636
248.0   0.0255077794954
248.5   0.0224468937712
249.0   0.0244776314038
249.5   0.0290651836678
250.0   0.0331319294833
250.5   0.0324535498787
251.0   0.0303752142859
251.5   0.0290157382982
252.0   0.0286046897031
252.5   0.0288269221887
253.0   0.0316230306751
253.5   0.0312405082549
254.0   0.0316542736285
254.5   0.0340955708359
255.0   0.036834083617
255.5   0.0395579257939
256.0   0.0448374415553
256.5   0.0517994582744
257.0   0.0508339151767
257.5   0.0480505755495
258.0   0.0550595925376
258.5   0.0600633552758
259.0   0.0590451066743
259.5   0.0546944575001
260.0   0.0521292751906
260.5   0.051773920556
261.0   0.0507711575922
261.5   0.0516350931719
262.0   0.052704960566
262.5   0.0555127512001
263.0   0.061181853006
263.5   0.076718566193
264.0   0.0976918249417
264.5   0.105478655629
265.0   0.104619066895
265.5   0.109664939701
266.0   0.113448597191
266.5   0.109744812991
267.0   0.109140329763
267.5   0.110872004412
268.0   0.110371845481
268.5   0.10668952383
269.0   0.104901068509
269.5   0.107818888675
270.0   0.117242850118
270.5   0.117299359112
271.0   0.110810605217
271.5   0.100436857991
272.0   0.087652513156
272.5   0.0878160632249
273.0   0.095538234583
273.5   0.0884148412179
274.0   0.0710483776757
274.5   0.0655151147975
275.0   0.0702423094791
275.5   0.0833605463985
276.0   0.0984038926003
276.5   0.108125341295
277.0   0.111209971664
277.5   0.107352961153
278.0   0.0923612337435
278.5   0.0770766376062
279.0   0.0672927030045
279.5   0.0612554777048
280.0   0.0592638073478
280.5   0.0637720296781
281.0   0.0809879836885
281.5   0.10974236789
282.0   0.126135409677
282.5   0.135506393938
283.0   0.144251160744
283.5   0.143297571472
284.0   0.130492850797
284.5   0.111238769517
285.0   0.0900049717048
285.5   0.0909237862113
286.0   0.122185213661
286.5   0.149537740129
287.0   0.158352871499
287.5   0.155091922202
288.0   0.14455435323
288.5   0.154899574281
289.0   0.184738224803
289.5   0.220195173371
290.0   0.260354865615
290.5   0.287584593692
291.0   0.292265603138
291.5   0.279439691591
292.0   0.256072135904
292.5   0.245939910292
293.0   0.2516568274
293.5   0.249455693417
294.0   0.236412711263
294.5   0.231215513892
295.0   0.237459757718
295.5   0.25529486556
296.0   0.255615717107
296.5   0.234101547749
297.0   0.217853853615
297.5   0.232339988535
298.0   0.228046120033
298.5   0.20473371495
299.0   0.211420250324
299.5   0.208250856464
300.0   0.191653241253
300.5   0.185977075823
301.0   0.195134792968
301.5   0.20068652994
302.0   0.199242018784
302.5   0.224511319458
303.0   0.2582792468
303.5   0.263683734375
304.0   0.255317143144
304.5   0.257875805185
305.0   0.264253986193
305.5   0.254888978844
306.0   0.244127547319
306.5   0.25228766338
307.0   0.265093470766
307.5   0.272136990842
308.0   0.275304754634
308.5   0.269536762089
309.0   0.25589282852
309.5   0.245126506793
310.0   0.263500895179
310.5   0.312540921477
311.0   0.334737002252
311.5   0.309940964402
312.0   0.298489742803
312.5   0.311804674489
313.0   0.330669984759
313.5   0.340453104327
314.0   0.327822800836
314.5   0.300839756251
315.0   0.310712529511
315.5   0.2978186985
316.0   0.260705601726
316.5   0.276320829813
317.0   0.307528465047
317.5   0.321674730971
318.0   0.306243428792
318.5   0.293105087711
319.0   0.298302285082
319.5   0.298715235422
320.0   0.290676287685
320.5   0.29055403265
321.0   0.2843407601
321.5   0.27493798953
322.0   0.264929920697
322.5   0.256759752556
323.0   0.256606526245
323.5   0.268331870801
324.0   0.286014295689
324.5   0.303322891848
325.0   0.322462596751
325.5   0.345981748682
326.0   0.368525577112
326.5   0.382508836322
327.0   0.383149996061
327.5   0.37295935971
328.0   0.369913850952
328.5   0.387466957181
329.0   0.412080970868
329.5   0.425230179063
330.0   0.422820396487
330.5   0.409404943994
331.0   0.396733888824
331.5   0.392998318314
332.0   0.390792294129
332.5   0.382669126257
333.0   0.376396084579
333.5   0.380588073886
334.0   0.39043367936
334.5   0.397279961313
335.0   0.396318221705
335.5   0.386622039051
336.0   0.3733532926
336.5   0.36398584015
337.0   0.365835966345
337.5   0.381248251074
338.0   0.400018474094
338.5   0.411871778919
339.0   0.418582221945
339.5   0.424051097171
340.0   0.425781685109
340.5   0.42213848507
341.0   0.420212289076
341.5   0.425520874368
342.0   0.430663736168
342.5   0.426015328065
343.0   0.409578817821
343.5   0.386127585354
344.0   0.369894833502
344.5   0.372277448293
345.0   0.387969561213
345.5   0.405609604356
346.0   0.41504225949
346.5   0.411426227237
347.0   0.401993572102
347.5   0.39527769552
348.0   0.391509523667
348.5   0.389982694121
349.0   0.395853652573
349.5   0.413357856788
350.0   0.437895800675
350.5   0.457087124371
351.0   0.450398415575
351.5   0.454519768639
352.0   0.437553486578
352.5   0.432780106661
353.0   0.478476321917
353.5   0.512061138385
354.0   0.521252000228
354.5   0.523349353271
355.0   0.510121358498
355.5   0.47422728026
356.0   0.447793024943
356.5   0.409953733261
357.0   0.389314366597
357.5   0.38487786722
358.0   0.362581265638
358.5   0.368748352953
359.0   0.425159542821
359.5   0.479323956825
360.0   0.487218915299
360.5   0.443720573892
361.0   0.421918426007
361.5   0.422073282385
362.0   0.453142361913
362.5   0.516981224343
363.0   0.484901503194
363.5   0.480638877644
364.0   0.510110491384
364.5   0.479712456158
365.0   0.51299027665
365.5   0.604548430653
366.0   0.619930830818
366.5   0.587794057319
367.0   0.589046492231
367.5   0.580589160597
368.0   0.538701868872
368.5   0.529204011052
369.0   0.564755775192
369.5   0.607509719275
370.0   0.607422782362
370.5   0.529847887569
371.0   0.535618325215
371.5   0.561419571129
372.0   0.490769744867
372.5   0.499615575835
373.0   0.473262823874
373.5   0.398660084818
374.0   0.423048605885
374.5   0.410469921186
375.0   0.424980235436
375.5   0.505934802748
376.0   0.491389170377
376.5   0.501691194649
377.0   0.564981267812
377.5   0.639040651157
378.0   0.679338627429
378.5   0.647373010979
379.0   0.573734728309
379.5   0.531752349334
380.0   0.562180269124
380.5   0.620906154318
381.0   0.618105155631
381.5   0.528954067425
382.0   0.442859355091
382.5   0.375369142286
383.0   0.340056454658
383.5   0.331259525705
384.0   0.39321294382
384.5   0.498056144946
385.0   0.522686459304
385.5   0.491693449575
386.0   0.473404096359
386.5   0.516940472665
387.0   0.498346840251
387.5   0.495404569078
388.0   0.490212805264
388.5   0.47651752458
389.0   0.509645922251
389.5   0.577535501504
390.0   0.587606599598
390.5   0.5936487151
391.0   0.635497971925
391.5   0.634932881986
392.0   0.567260645018
392.5   0.461863221067
393.0   0.343637168791
393.5   0.300736518666
394.0   0.369218355643
394.5   0.471214372845
395.0   0.560881648976
395.5   0.585213117694
396.0   0.521287318349
396.5   0.416734812529
397.0   0.387847306178
397.5   0.486944520665
398.0   0.612348301878
398.5   0.705376233078
399.0   0.77720785801
399.5   0.814620615459
400.0   0.828674510912
400.5   0.834800846548
401.0   0.855293507171
401.5   0.876807676529
402.0   0.889389078007
402.5   0.883925636337
403.0   0.852128460157
403.5   0.841226027825
404.0   0.838569018401
404.5   0.817052132264
405.0   0.836523284151
405.5   0.823276271928
406.0   0.794307262221
406.5   0.782584362766
407.0   0.794079052822
407.5   0.815511718824
408.0   0.849303010462
408.5   0.891426661921
409.0   0.902261174789
409.5   0.864533271029
410.0   0.811564239587
410.5   0.821064814186
411.0   0.863693786456
411.5   0.894659628399
412.0   0.9017151023
412.5   0.891491864607
413.0   0.871471923452
413.5   0.869303934167
414.0   0.868301442881
414.5   0.863810607934
415.0   0.875335182554
415.5   0.882233083299
416.0   0.901913427135
416.5   0.908132133242
417.0   0.886180562536
417.5   0.863802457598
418.0   0.859164916608
418.5   0.850403305776
419.0   0.848729770188
419.5   0.843603209059
420.0   0.840283305667
420.5   0.871920191913
421.0   0.906806345308
421.5   0.910946715822
422.0   0.886636981333
422.5   0.831912910947
423.0   0.827487278684
423.5   0.829003241117
424.0   0.840967933863
424.5   0.858667746133
425.0   0.856130274965
425.5   0.863938296526
426.0   0.861422559586
426.5   0.85002024
427.0   0.811232792604
427.5   0.804438129444
428.0   0.826335364578
428.5   0.823398526963
429.0   0.798420464949
429.5   0.748331218774
430.0   0.674589698519
430.5   0.633262063176
431.0   0.647957118367
431.5   0.752895406743
432.0   0.834363445201
432.5   0.843233727176
433.0   0.885373679306
433.5   0.885811080653
434.0   0.84545876881
434.5   0.865323853587
435.0   0.894453153229
435.5   0.920058791088
436.0   0.95132619545
436.5   0.968974388929
437.0   0.943727365839
437.5   0.902032965391
438.0   0.861118280388
438.5   0.825892529674
439.0   0.85131614337
439.5   0.881863601416
440.0   0.897411725073
440.5   0.901500476795
441.0   0.938312826183
441.5   0.959873180777
442.0   0.973068574207
442.5   0.980558732677
443.0   0.979955607838
443.5   0.98062936892
444.0   0.999622367781
444.5   1.00253203761
445.0   0.993045046905
445.5   0.963195800947
446.0   0.95249169345
446.5   0.976657438676
447.0   1.00106769397
447.5   1.02949606475
448.0   1.03768986886
448.5   1.05151283814
449.0   1.05560974019
449.5   1.06124433891
450.0   1.08398649218
450.5   1.1103691287
451.0   1.11512349117
451.5   1.10045288698
452.0   1.07921582904
452.5   1.03926288364
453.0   1.01068509005
453.5   1.02176411299
454.0   1.04091196822
454.5   1.03683136684
455.0   1.03508991179
455.5   1.05596563818
456.0   1.08075624248
456.5   1.08767044389
457.0   1.09868154737
457.5   1.09914068294
458.0   1.07593667733
458.5   1.05499574824
459.0   1.04864391999
459.5   1.04606569714
460.0   1.05691922746
460.5   1.08086219684
461.0   1.10357174876
461.5   1.11403949653
462.0   1.12098086573
462.5   1.11523216231
463.0   1.10070554739
463.5   1.08058236865
464.0   1.07086173499
464.5   1.07208700212
465.0   1.0691121296
465.5   1.06688437119
466.0   1.06274671745
466.5   1.03536158964
467.0   1.02424724858
467.5   1.03893143666
468.0   1.04409874947
468.5   1.05213498043
469.0   1.05193937237
469.5   1.04207474945
470.0   1.01751235455
470.5   1.00048630336
471.0   1.00715871149
471.5   1.03314741512
472.0   1.06526788795
472.5   1.0722663095
473.0   1.05140416699
473.5   1.04080873064
474.0   1.04904328643
474.5   1.07104375915
475.0   1.08246509619
475.5   1.08286717941
476.0   1.06845466919
476.5   1.04065115748
477.0   1.0447534931
477.5   1.06859594168
478.0   1.08363602774
478.5   1.08303018613
479.0   1.09106098353
479.5   1.1006539286
480.0   1.08971074459
480.5   1.08225862102
481.0   1.08460048413
481.5   1.08953415398
482.0   1.08612188012
482.5   1.07338290549
483.0   1.06050537515
483.5   1.05778587982
484.0   1.05819883016
484.5   1.05549835227
485.0   1.03848588498
485.5   0.995441245589
486.0   0.933778522779
486.5   0.914991999087
487.0   0.941860938973
487.5   0.970593588946
488.0   1.00737605377
488.5   1.02110121902
489.0   1.01548563775
489.5   1.04012138567
490.0   1.06139647851
490.5   1.05314290527
491.0   1.04905143677
491.5   1.03754859638
492.0   1.01643107669
492.5   1.01655333172
493.0   1.04155041118
493.5   1.04327828234
494.0   1.04363961389
494.5   1.05965230668
495.0   1.06512661546
495.5   1.0624370047
496.0   1.05094231464
496.5   1.06669419669
497.0   1.0687317806
497.5   1.06764506918
498.0   1.04923617771
498.5   1.01684131025
499.0   1.02134844587
499.5   1.02560292108
500.0   1.0
500.5   0.976051597058
501.0   0.983039151496
501.5   0.98490829514
502.0   0.983745513919
502.5   0.998758432201
503.0   1.01075572629
503.5   1.01375233303
504.0   0.99506361337
504.5   0.994628928801
505.0   1.01440164311
505.5   1.02592350095
506.0   1.04293868502
506.5   1.04061583936
507.0   1.02136202976
507.5   1.01755038945
508.0   1.0089816699
508.5   1.01498031694
509.0   1.03662489167
509.5   1.03998826352
510.0   1.01918317336
510.5   1.0170885371
511.0   1.02168260963
511.5   1.03823050779
512.0   1.04252030113
512.5   1.02583113048
513.0   1.010894282
513.5   1.00202943358
514.0   0.986867092476
514.5   0.977828370232
515.0   0.982071978331
515.5   0.986527495157
516.0   0.970664225188
516.5   0.915353330635
517.0   0.848756937973
517.5   0.844065061413
518.0   0.876669120823
518.5   0.870765561028
519.0   0.899596015029
519.5   0.93049122073
520.0   0.955857782076
520.5   0.965841943257
521.0   0.97270724266
521.5   0.989719709957
522.0   1.00283088325
522.5   0.994501240209
523.0   0.979216644072
523.5   0.998280279176
524.0   1.02287255863
524.5   1.03642385006
525.0   1.03925745009
525.5   1.03060994395
526.0   1.0083350766
526.5   0.952535161906
527.0   0.917105652801
527.5   0.943184010128
528.0   0.9834819864
528.5   1.00512384435
529.0   1.03520945004
529.5   1.0363043118
530.0   1.01997103914
530.5   1.02564910632
531.0   1.03987415882
531.5   1.044411179
532.0   1.03531540441
532.5   1.00005705235
533.0   0.972851231923
533.5   0.993145567712
534.0   1.00275753023
534.5   1.01197284308
535.0   1.02719495331
535.5   1.04543268774
536.0   1.05166769451
536.5   1.02738241103
537.0   0.999910346308
537.5   1.00847363231
538.0   1.02100884855
538.5   1.02402175596
539.0   1.02352186871
539.5   0.998560107367
540.0   0.977985943388
540.5   0.961071280119
541.0   0.960851221056
541.5   0.982764756862
542.0   1.00015485638
542.5   1.00080144967
543.0   0.998231377162
543.5   0.998353632197
544.0   1.0057514202
544.5   1.00284175037
545.0   1.00479239737
545.5   1.01497488338
546.0   1.02033508747
546.5   1.01204076255
547.0   1.00633552758
547.5   0.994270314032
548.0   0.986663334085
548.5   1.00136382283
549.0   1.00888929942
549.5   1.01157075986
550.0   1.00914467661
550.5   1.00416482152
551.0   1.00239076513
551.5   0.997250620105
552.0   1.00245596781
552.5   1.00456418797
553.0   0.993496032145
553.5   0.993917132821
554.0   0.996522523453
554.5   1.00148607787
555.0   1.01393707398
555.5   1.0202291331
556.0   1.01097306857
556.5   0.994677830815
557.0   0.976975301766
557.5   0.969558496317
558.0   0.972826780916
558.5   0.967355188911
559.0   0.948598549784
559.5   0.950511161885
560.0   0.954407022329
560.5   0.961022378105
561.0   0.981626426648
561.5   0.979374217228
562.0   0.967124262734
562.5   0.972473599704
563.0   0.981047752817
563.5   0.990605379765
564.0   0.987184955567
564.5   0.987258308588
565.0   0.985897202533
565.5   0.977141025258
566.0   0.963198517726
566.5   0.962791000943
567.0   0.970702260088
567.5   0.974600837311
568.0   0.97193839433
568.5   0.957705191492
569.0   0.948011725616
569.5   0.950728504169
570.0   0.957235188803
570.5   0.952505277342
571.0   0.93876924498
571.5   0.939641330895
572.0   0.962350882817
572.5   0.978896064203
573.0   0.984715403863
573.5   0.983207591766
574.0   0.981737814569
574.5   0.976334142028
575.0   0.967309003676
575.5   0.961823827778
576.0   0.962122673419
576.5   0.965407258689
577.0   0.971729202381
577.5   0.97143035674
578.0   0.968058834556
578.5   0.953716960577
579.0   0.949361964557
579.5   0.949256010193
580.0   0.950304686715
580.5   0.957430796858
581.0   0.962644294901
581.5   0.974187886971
582.0   0.985250609238
582.5   0.986731253549
583.0   0.982061111217
583.5   0.98393297164
584.0   0.986636166299
584.5   0.98633460388
585.0   0.983324413244
585.5   0.96981659028
586.0   0.957045014304
586.5   0.962448686845
587.0   0.972085100371
587.5   0.975220262821
588.0   0.958074673375
588.5   0.921960536075
589.0   0.873569276495
589.5   0.851161286992
590.0   0.882431408133
590.5   0.930580874422
591.0   0.948957164553
591.5   0.954184246488
592.0   0.954230431723
592.5   0.952844874661
593.0   0.943300831606
593.5   0.941803886623
594.0   0.942070130922
594.5   0.94070359131
595.0   0.935248299976
595.5   0.934061067748
596.0   0.935791655686
596.5   0.939597862439
597.0   0.940986136279
597.5   0.938790979208
598.0   0.930765615364
598.5   0.929901679784
599.0   0.932257126789
599.5   0.933802973786
600.0   0.930181507975
600.5   0.924644713285
601.0   0.919958270281
601.5   0.915298995064
602.0   0.907789819144
602.5   0.914035693037
603.0   0.929888095891
603.5   0.946169749758
604.0   0.948114963201
604.5   0.945680729618
605.0   0.94130399937
605.5   0.932998807334
606.0   0.92989081267
606.5   0.927087097204
607.0   0.93052925563
607.5   0.930249427439
608.0   0.92268319917
608.5   0.91763270784
609.0   0.909555725203
609.5   0.899786189528
610.0   0.893293088787
610.5   0.893627252549
611.0   0.909957808429
611.5   0.92204475621
612.0   0.909452487618
612.5   0.900006248591
613.0   0.896713512985
613.5   0.883227424249
614.0   0.877696063116
614.5   0.88972052499
615.0   0.899283585496
615.5   0.895325239144
616.0   0.878144331577
616.5   0.865098360967
617.0   0.86800259724
617.5   0.884083209494
618.0   0.90141625666
618.5   0.906119000334
619.0   0.900313244567
619.5   0.902168804319
620.0   0.910427811119
620.5   0.911919322544
621.0   0.911487354754
621.5   0.901313019075
622.0   0.895518130422
622.5   0.896819467348
623.0   0.892844820326
623.5   0.890233996137
624.0   0.891470130378
624.5   0.883749045732
625.0   0.880768739659
625.5   0.875123273827
626.0   0.875123273827
626.5   0.880277002741
627.0   0.888041555845
627.5   0.886224030993
628.0   0.875036336913
628.5   0.879720063138
629.0   0.887465598792
629.5   0.885425298099
630.0   0.878432310104
630.5   0.877136406734
631.0   0.879483703404
631.5   0.866174205274
632.0   0.85880630184
632.5   0.872360310039
633.0   0.880540530261
633.5   0.878168782584
634.0   0.870985620091
634.5   0.873813786564
635.0   0.875101539598
635.5   0.872683606687
636.0   0.867010973069
636.5   0.867076175754
637.0   0.875432986582
637.5   0.881450651076
638.0   0.880575848382
638.5   0.877345598683
639.0   0.877812884594
639.5   0.873941475156
640.0   0.862723896512
640.5   0.857613636055
641.0   0.852538693719
641.5   0.848496127232
642.0   0.848797689652
642.5   0.853584653461
643.0   0.861053077703
643.5   0.858920406539
644.0   0.856097673623
644.5   0.855975418588
645.0   0.850968395715
645.5   0.846909528557
646.0   0.846553630567
646.5   0.843347831875
647.0   0.847743579573
647.5   0.850009372886
648.0   0.851288975584
648.5   0.846493861439
649.0   0.835333335145
649.5   0.814954779221
650.0   0.818929426244
650.5   0.844149281548
651.0   0.861066661595
651.5   0.865486860301
652.0   0.864019799882
652.5   0.860881920654
653.0   0.856426403827
653.5   0.853630838697
654.0   0.852688116539
654.5   0.845562006395
655.0   0.830345329722
655.5   0.803182977752
656.0   0.751238171825
656.5   0.716069473461
657.0   0.759342322248
657.5   0.803049855603
658.0   0.828174623658
658.5   0.837452422416
659.0   0.835365936487
659.5   0.828098553859
660.0   0.835406688165
660.5   0.839818736535
661.0   0.839517174116
661.5   0.843298929861
662.0   0.8459287715
662.5   0.842087246626
663.0   0.831836841147
663.5   0.822730199439
664.0   0.820937125594
664.5   0.819396712155
665.0   0.823183901457
665.5   0.828117571309
666.0   0.827894795467
666.5   0.82301002763
667.0   0.82372182361
667.5   0.819331509469
668.0   0.813058467791
668.5   0.819062548393
669.0   0.825175300136
669.5   0.825601834369
670.0   0.8251671498
670.5   0.822328116213
671.0   0.811863085228
671.5   0.800311342822
672.0   0.793894311881
672.5   0.799575095834
673.0   0.806505597922
673.5   0.812259734897
674.0   0.814134312098
674.5   0.811048051662
675.0   0.805916056976
675.5   0.804766859649
676.0   0.807831385856
676.5   0.810173248968
677.0   0.808162832839
677.5   0.810148797961
678.0   0.811583257037
678.5   0.809564690573
679.0   0.809858102656
679.5   0.811243659718
680.0   0.810382440917
680.5   0.806739240878
681.0   0.802378811301
681.5   0.800612905241
682.0   0.799425673014
682.5   0.797828207225
683.0   0.792557656833
683.5   0.788713415181
684.0   0.787770693023
684.5   0.785657039309
685.0   0.78779514403
685.5   0.794068185708
686.0   0.801207879745
686.5   0.805685130799
687.0   0.806000277111
687.5   0.803201995202
688.0   0.799936427382
688.5   0.79849381797
689.0   0.799425673014
689.5   0.801618113306
690.0   0.803120491846
690.5   0.802378811301
691.0   0.799091509252
691.5   0.794269227321
692.0   0.78963440311
692.5   0.78595588495
693.0   0.783508067474
693.5   0.781926902356
694.0   0.780565796301
694.5   0.779218274139
695.0   0.778327170774
695.5   0.778525495608
696.0   0.780160996297
696.5   0.782502859409
697.0   0.783266274183
697.5   0.775686462021
698.0   0.765479524998
698.5   0.770391460622
699.0   0.7735103224
699.5   0.774173216367
700.0   0.771176609623
700.5   0.767840405561
701.0   0.767555143813
701.5   0.76510189278
702.0   0.758032834986
702.5   0.753302923525
703.0   0.752381935596
703.5   0.753411594668
704.0   0.756084904763
704.5   0.762395981341
705.0   0.765522993455
705.5   0.765395304863
706.0   0.7632245988
706.5   0.763683734375
707.0   0.766552652527
707.5   0.774705704963
708.0   0.778213066075
708.5   0.769641629741
709.0   0.762561704833
709.5   0.761464126298
710.0   0.763653849811
710.5   0.763996163909
711.0   0.76421893975
711.5   0.765107326337
712.0   0.765357269964
712.5   0.765207847143
713.0   0.765158945129
713.5   0.765074724994
714.0   0.768410929057
714.5   0.765911492788
715.0   0.759915562523
715.5   0.761996614894
716.0   0.765732185404
716.5   0.758584341032
717.0   0.753091014798
717.5   0.751974418813
718.0   0.74616051271
718.5   0.735757967632
719.0   0.726235658805
719.5   0.729202380985
720.0   0.728189022585
720.5   0.723483562131
721.0   0.735690048168
721.5   0.760852851123
722.0   0.767286182736
722.5   0.76459385519
723.0   0.762037366572
723.5   0.749657006708
724.0   0.744448942222
724.5   0.742120663003
725.0   0.74563617445
725.5   0.739373999886
726.0   0.748309484546
726.5   0.741302912658
727.0   0.742878644219
727.5   0.735801436089
728.0   0.725920512493
728.5   0.730302676299
729.0   0.714124260017
729.5   0.71400743854
730.0   0.732503266926
730.5   0.732226155514
731.0   0.727376705797
731.5   0.728221623927
732.0   0.731976211887
732.5   0.735393919306
733.0   0.733103674986
733.5   0.737893355575
734.0   0.744473393229
734.5   0.74481027377
735.0   0.737474971678
735.5   0.730677591739
736.0   0.727632082981
736.5   0.728210756813
737.0   0.729414289712
737.5   0.731574128661
738.0   0.727985264193
738.5   0.71793046677
739.0   0.704341140449
739.5   0.708370123043
740.0   0.71586571507
740.5   0.714230214381
741.0   0.708103878745
741.5   0.704441661256
742.0   0.706973698867
742.5   0.708158214316
743.0   0.715922767419
743.5   0.719210069468
744.0   0.719517065444
744.5   0.709342729765
745.0   0.70734318075
745.5   0.715871148627
746.0   0.718669430536
746.5   0.714990912376
747.0   0.718957409063
747.5   0.717332775488
748.0   0.713811830484
748.5   0.711703610327
749.0   0.708696136469
749.5   0.696421730968
750.0   0.697943126958
750.5   0.704694321661
751.0   0.696554853117
751.5   0.693721253087
752.0   0.702610552511
752.5   0.699244463885
753.0   0.698855964551
753.5   0.699695449124
754.0   0.704338423671
754.5   0.7011679431
755.0   0.701249446456
755.5   0.700374643762
756.0   0.699057006164
756.5   0.697937693401
757.0   0.697068324264
757.5   0.695924560493
758.0   0.694797097394
758.5   0.694022815506
759.0   0.693158879927
759.5   0.692327545689
760.0   0.691566847695
760.5   0.690990890642
761.0   0.690330713453
761.5   0.68969770405
762.0   0.689056544312
762.5   0.688407234238
763.0   0.687752490607
763.5   0.687092313418
764.0   0.686423985894
764.5   0.685752941592
765.0   0.685073746954
765.5   0.684391835537
766.0   0.683707207342
766.5   0.683019862368
767.0   0.682286332159
767.5   0.681365344229
768.0   0.680351985829
768.5   0.679594004613
769.0   0.679145736152
769.5   0.678414922721
770.0   0.677396130764
770.5   0.676377338807
771.0   0.675268893157
771.5   0.674464726706
772.0   0.673812699853
772.5   0.673155239443
773.0   0.673456801863
773.5   0.677491218013
774.0   0.678170412651
774.5   0.670240136056
775.0   0.662100667512
775.5   0.67013961525
776.0   0.674665768319
776.5   0.67359264079
777.0   0.673842584417
777.5   0.665795486344
778.0   0.661285633947
778.5   0.662728243358
779.0   0.66830035617
779.5   0.668265038048
780.0   0.663274315847
780.5   0.660421698367
781.0   0.663393854104
781.5   0.662899400407
782.0   0.668775792416
782.5   0.668218852813
783.0   0.661875174893
783.5   0.650885805647
784.0   0.654056286218
784.5   0.657471276859
785.0   0.654740914413
785.5   0.656034101004
786.0   0.659449091645
786.5   0.658101569483
787.0   0.656667110407
787.5   0.654781666092
788.0   0.656335663424
788.5   0.656520404365
789.0   0.660489617831
789.5   0.658984522513
790.0   0.655849360063
790.5   0.653540098293
791.0   0.651991534518
791.5   0.645631555926
792.0   0.639252559885
792.5   0.641086385408
793.0   0.639306895456
793.5   0.627309601367
794.0   0.623921778512
794.5   0.623470793272
795.0   0.627320468481
795.5   0.63867931961
796.0   0.637293762548
796.5   0.638448393433
797.0   0.6411380042
797.5   0.642140495486
798.0   0.642319802871
798.5   0.639964355865
799.0   0.638888511559
799.5   0.637437751811
800.0   0.626285375853
800.5   0.622913853669
801.0   0.628488683259
801.5   0.631770551751
802.0   0.632903448407
802.5   0.627931743656
803.0   0.621664135535
803.5   0.629026605412
804.0   0.630034530255
804.5   0.62598924699
805.0   0.619297821415
805.5   0.624217907374
806.0   0.630431179924
806.5   0.635283346419
807.0   0.629874240321
807.5   0.627008038948
808.0   0.626695609414
808.5   0.627782320835
809.0   0.621761939563
809.5   0.620517654985
810.0   0.619765107326
810.5   0.626763528878
811.0   0.632384543703
811.5   0.631498873895
812.0   0.635085021585
812.5   0.633158825591
813.0   0.631979743699
813.5   0.623250734209
814.0   0.622408532858
814.5   0.617048328774
815.0   0.613910449545
815.5   0.610318868299
816.0   0.604371840047
816.5   0.593727501678
817.0   0.598816027907
817.5   0.609468516612
818.0   0.598609552737
818.5   0.596751276207
819.0   0.598215619847
819.5   0.594931034576
820.0   0.593670449328
820.5   0.615078664323
821.0   0.62435646308
821.5   0.616825552932
822.0   0.610576962261
822.5   0.593148827846
823.0   0.569925804778
823.5   0.573471200789
824.0   0.610356903198
824.5   0.614358718007
825.0   0.618664812013
825.5   0.617607985156
826.0   0.610731818639
826.5   0.61431524955
827.0   0.616469654942
827.5   0.608995797144
828.0   0.600250486983
828.5   0.601190492362
829.0   0.600581933966
829.5   0.596172602375
830.0   0.597196827889
830.5   0.597085439969
831.0   0.592931485562
831.5   0.591217198295
832.0   0.591787721791
832.5   0.590991705675
833.0   0.585585316355
833.5   0.578883023666
834.0   0.57992626663
834.5   0.589880543247
835.0   0.590296210366
835.5   0.592586454685
836.0   0.594659356721
836.5   0.592754894956
837.0   0.591991480182
837.5   0.595906358077
838.0   0.593004838583
838.5   0.591592113735
839.0   0.588356430479
839.5   0.5925973218
840.0   0.590923786211
840.5   0.589160596931
841.0   0.590423898958
841.5   0.588530304306
842.0   0.58525658615
842.5   0.57906233105
843.0   0.581768242489
843.5   0.581023845165
844.0   0.575427281347
844.5   0.579646438439
845.0   0.581040145837
845.5   0.585109880109
846.0   0.586394916364
846.5   0.581094481408
847.0   0.573395130989
847.5   0.568820075907
848.0   0.578551576682
848.5   0.579366610248
849.0   0.577896833051
849.5   0.560210604673
850.0   0.532589117128
850.5   0.537283710467
851.0   0.559949793932
851.5   0.562305240938
852.0   0.558835914726
852.5   0.562587785907
853.0   0.558387646265
853.5   0.540008639356
854.0   0.496738507348
854.5   0.457396837126
855.0   0.493152359658
855.5   0.537476601745
856.0   0.552011367001
856.5   0.56004759796
857.0   0.56233784228
857.5   0.561685815427
858.0   0.558721810027
858.5   0.560001412725
859.0   0.559449906679
859.5   0.557409605986
860.0   0.555719769726
860.5   0.558854932176
861.0   0.556464167049
861.5   0.555157396565
862.0   0.558230073109
862.5   0.563609294643
863.0   0.559713434198
863.5   0.563487039608
864.0   0.561712983213
864.5   0.560148118767
865.0   0.549183200528
865.5   0.54061991453
866.0   0.51250125651
866.5   0.470374888272
867.0   0.493752767718
867.5   0.529728349313
868.0   0.542244548105
868.5   0.545789944116
869.0   0.544358201819
869.5   0.548172558907
870.0   0.549373375027
870.5   0.557849724111
871.0   0.561071823475
871.5   0.556127286509
872.0   0.559009788553
872.5   0.560677890584
873.0   0.554711844883
873.5   0.545390577669
874.0   0.544252247455
874.5   0.547381976348
875.0   0.546735383052
875.5   0.54298622865
876.0   0.545499248811
876.5   0.547707989774
877.0   0.549664070332
877.5   0.545893181701
878.0   0.545529133375
878.5   0.547224403192
879.0   0.546463705197
879.5   0.539318577603
880.0   0.537514636644
880.5   0.533425884923
881.0   0.524433347913
881.5   0.534721788292
882.0   0.536183415154
882.5   0.535759597699
883.0   0.536949546705
883.5   0.539326727939
884.0   0.539139270219
884.5   0.53789770242
885.0   0.53733532926
885.5   0.537892268863
886.0   0.535050518497
886.5   0.522686459304
887.0   0.520276676728
887.5   0.527995044596
888.0   0.530179334552
888.5   0.534751672856
889.0   0.532499463436
889.5   0.531654545306
890.0   0.534577799029
890.5   0.534882078227
891.0   0.535968789648
891.5   0.5345940997
892.0   0.530301589587
892.5   0.531665412421
893.0   0.529231178837
893.5   0.531793101013
894.0   0.534251785603
894.5   0.535944338641
895.0   0.530309739923
895.5   0.52492780161
896.0   0.52616665263
896.5   0.518831350538
897.0   0.51606838675
897.5   0.515750523659
898.0   0.517117063271
898.5   0.509200370569
899.0   0.488226840142
899.5   0.492576402605
900.0   0.503375597352
900.5   0.494119532823
901.0   0.493606061676
901.5   0.490696391846
902.0   0.491696166354
902.5   0.495969659017
903.0   0.516008617622
903.5   0.535688961457
904.0   0.549093546836
904.5   0.5460072864
905.0   0.54315466892
905.5   0.538302502425
906.0   0.534327855402
906.5   0.516016767957
907.0   0.506695500743
907.5   0.496287522108
908.0   0.496923248289
908.5   0.494622136855
909.0   0.490511650905
909.5   0.492280273743
910.0   0.498333256358
910.5   0.502900161105
911.0   0.508705916872
911.5   0.514930056536
912.0   0.499110255024
912.5   0.520972172037
913.0   0.512205127648
913.5   0.497211226816
914.0   0.499278695294
914.5   0.512672413559
915.0   0.50484265777
915.5   0.485007457557
916.0   0.485276418634
916.5   0.500971248333
917.0   0.499721530198
917.5   0.485874109915
918.0   0.489990029423
918.5   0.501452118136
919.0   0.507776778607
919.5   0.511436279317
920.0   0.511246104819
920.5   0.514840402844
921.0   0.513237503498
921.5   0.507249723568
922.0   0.50480462287
922.5   0.506793304771
923.0   0.50403577454
923.5   0.503419065809
924.0   0.502150330224
924.5   0.49862938522
925.0   0.495749599954
925.5   0.498134931524
926.0   0.498314238908
926.5   0.504340053738
927.0   0.513541782696
927.5   0.51556034916
928.0   0.511979635028
928.5   0.508053890019
929.0   0.503535887286
929.5   0.494423812021
930.0   0.481437610539
930.5   0.468850775504
931.0   0.455899892144
931.5   0.4404767403
932.0   0.430533330798
932.5   0.438436439607
933.0   0.45312877802
933.5   0.45228385989
934.0   0.444130807454
934.5   0.43685527449
935.0   0.452539237074
935.5   0.450661943094
936.0   0.440517491979
936.5   0.462047962009
937.0   0.453601497488
937.5   0.457100708264
938.0   0.467804815762
938.5   0.480736681672
939.0   0.510542459174
939.5   0.538479093031
940.0   0.534311554731
940.5   0.518703661946
941.0   0.501204891288
941.5   0.486849433416
942.0   0.47721301989
942.5   0.469356096315
943.0   0.445013760483
943.5   0.449890377985
944.0   0.443264155095
944.5   0.430973448923
945.0   0.462227269393
945.5   0.46593023856
946.0   0.457443022362
946.5   0.466316021115
947.0   0.473520917836
947.5   0.474512542008
948.0   0.464422426464
948.5   0.464870694925
949.0   0.475452547387
949.5   0.461414952606
950.0   0.445097980619
950.5   0.454940869315
951.0   0.484847167623
951.5   0.484735779702
952.0   0.47096171244
952.5   0.463987741895
953.0   0.465913937889
953.5   0.4798591622
954.0   0.473963752741
954.5   0.464944047946
955.0   0.463588375448
955.5   0.458920949894
956.0   0.45382427333
956.5   0.457182211621
957.0   0.459915290845
957.5   0.469051817117
958.0   0.468543779528
958.5   0.461906689524
959.0   0.461721948582
959.5   0.455359253212
960.0   0.464922313717
960.5   0.470211881559
961.0   0.473360627902
961.5   0.474925492348
962.0   0.46769614462
962.5   0.459703382118
963.0   0.459306732449
963.5   0.469318061415
964.0   0.46157524254
964.5   0.462303339193
965.0   0.463534039877
965.5   0.467867301668
966.0   0.463183575444
966.5   0.461442120391
967.0   0.464474045256
967.5   0.474645664157
968.0   0.479098464205
968.5   0.477044579619
969.0   0.47790579842
969.5   0.475783994371
970.0   0.47300744669
970.5   0.472874324541
971.0   0.476914174249
971.5   0.471551253386
972.0   0.463362882828
972.5   0.458407478748
973.0   0.455071274685
973.5   0.451091194106
974.0   0.450496219603
974.5   0.454047049171
975.0   0.457804353909
975.5   0.454188321656
976.0   0.452829932379
976.5   0.454215489441
977.0   0.460586335147
977.5   0.464797341904
978.0   0.457994528408
978.5   0.448423317567
979.0   0.452275709555
979.5   0.457054523029
980.0   0.450542404838
980.5   0.45478057938
981.0   0.4633031137
981.5   0.462735306982
982.0   0.455152778042
982.5   0.452729411573
983.0   0.458749792846
983.5   0.459746850574
984.0   0.456541051882
984.5   0.458983435801
985.0   0.452867967279
985.5   0.452438716268
986.0   0.461884955295
986.5   0.454623006224
987.0   0.44629607996
987.5   0.444614394036
988.0   0.451525878674
988.5   0.445788042371
989.0   0.445059945719
989.5   0.447007875941
990.0   0.452449583382
990.5   0.456712208931
991.0   0.445108847733
991.5   0.441443913465
992.0   0.442978893347
992.5   0.445687521564
993.0   0.449621416909
993.5   0.4457717417
994.0   0.438930893304
994.5   0.445709255793
995.0   0.455592896167
995.5   0.449833325636
996.0   0.448276611525
996.5   0.451229749812
997.0   0.450585873295
997.5   0.440819054398
998.0   0.439362861094
998.5   0.443788493356
999.0   0.447567532323
999.5   0.447241518897
1000.0   0.452685943116
1000.5   0.444565492022
1001.0   0.443989534969
1001.5   0.45123246659
1002.0   0.453609647824
1002.5   0.427887188487
1003.0   0.43737961275
1003.5   0.449795290736
1004.0   0.440150726874
1004.5   0.428710372389
1005.0   0.419554828666
1005.5   0.428555516011
1006.0   0.42527364752
1006.5   0.428232219364
1007.0   0.426447295854
1007.5   0.429908471731
1008.0   0.435404514743
1008.5   0.443435312144
1009.0   0.43779256309
1009.5   0.426050646186
1010.0   0.420157953505
1010.5   0.44224264636
1011.0   0.42686839653
1011.5   0.410130323867
1012.0   0.426767875724
1012.5   0.432008541552
1013.0   0.440971193997
1013.5   0.430506163012
1014.0   0.425135091814
1014.5   0.425692031417
1015.0   0.427819269024
1015.5   0.421252815262
1016.0   0.41755799643
1016.5   0.406522441949
1017.0   0.421600562917
1017.5   0.43045454422
1018.0   0.425542608596
1018.5   0.424599886439
1019.0   0.423610979045
1019.5   0.421508192446
1020.0   0.418468117245
1020.5   0.414767864857
1021.0   0.410948074212
1021.5   0.407649905049
1022.0   0.405500933213
1022.5   0.404846189582
1023.0   0.405343360057
1023.5   0.406375735907
1024.0   0.407315741287
1024.5   0.407774876862
1025.0   0.407965051361
1025.5   0.408320949351
1026.0   0.409285405737
1026.5   0.411018710454
1027.0   0.412980224569
1027.5   0.414357631295
1028.0   0.414344047402
1028.5   0.412559123893
1029.0   0.40969292252
1029.5   0.406848455376
1030.0   0.405585153349
1030.5   0.408236729216
1031.0   0.409100664796
1031.5   0.409508181579
1032.0   0.409413094329
1032.5   0.408535574857
1033.0   0.407264122494
1033.5   0.40623989698
1034.0   0.406104058052
1034.5   0.407190769473
1035.0   0.409057196339
1035.5   0.410953507769
1036.0   0.412129872882
1036.5   0.412089121204
1037.0   0.410996976225
1037.5   0.409271821845
1038.0   0.407356492965
1038.5   0.405590586906
1039.0   0.404066474138
1039.5   0.402789588218
1040.0   0.401746345254
1040.5   0.400931311688
1041.0   0.400341770742
1041.5   0.399980439194
1042.0   0.399844600267
1042.5   0.399920670066
1043.0   0.400146162686
1043.5   0.400455875441
1044.0   0.400768304975
1044.5   0.401031832494
1045.0   0.401230157329
1045.5   0.401365996256
1046.0   0.401439349277
1046.5   0.401436632499
1047.0   0.401295360014
1047.5   0.400944895581
1048.0   0.400311886178
1048.5   0.399363730463
1049.0   0.398173781457
1049.5   0.396850710302
1050.0   0.395514055254
1050.5   0.394258903563
1051.0   0.393147741134
1051.5   0.392218602869
1052.0   0.391512240446
1052.5   0.391023220306
1053.0   0.390656455202
1053.5   0.39026523909
1054.0   0.389719166601
1054.5   0.388961185385
1055.0   0.388146151819
1055.5   0.387515859195
1056.0   0.387298516911
1056.5   0.387613663223
1057.0   0.388273840411
1057.5   0.388974769278
1058.0   0.389412170625
1058.5   0.389385002839
1059.0   0.388977486056
1059.5   0.388374361217
1060.0   0.387765802822
1060.5   0.387293083353
1061.0   0.38696163637
1061.5   0.386730710193
1062.0   0.38634221086
1062.5   0.384899601449
1063.0   0.38429647661
1063.5   0.383867225599
1064.0   0.383437974587
1064.5   0.383008723576
1065.0   0.382576755786
1065.5   0.382147504775
1066.0   0.381718253763
1066.5   0.381289002752
1067.0   0.380859751741
1067.5   0.380430500729
1068.0   0.380003966497
1068.5   0.379574715485
1069.0   0.379142747695
1069.5   0.378716213463
1070.0   0.378286962451
1070.5   0.37785771144
1071.0   0.377428460429
1071.5   0.376999209417
1072.0   0.376569958406
1072.5   0.376143424173
1073.0   0.375716889941
1073.5   0.375287638929
1074.0   0.374858387918
1074.5   0.374431853685
1075.0   0.374002602674
1075.5   0.373576068441
1076.0   0.373149534208
1076.5   0.372720283197
1077.0   0.372293748964
1077.5   0.371867214731
1078.0   0.371440680499
1078.5   0.371011429487
1079.0   0.370584895255
1079.5   0.370158361022
1080.0   0.369731826789
1080.5   0.369305292556
1081.0   0.368878758324
1081.5   0.368452224091
1082.0   0.368025689858
1082.5   0.367599155625
1083.0   0.367175338171
1083.5   0.366748803938
1084.0   0.366322269705
1084.5   0.365898452251
1085.0   0.365471918018
1085.5   0.365048100564
1086.0   0.364621566332
1086.5   0.364197748877
1087.0   0.363771214645
1087.5   0.36334739719
1088.0   0.362923579736
1088.5   0.362499762282
1089.0   0.362073228049
1089.5   0.361649410595
1090.0   0.361225593141
1090.5   0.360801775686
1091.0   0.360377958232
1091.5   0.359954140778
1092.0   0.359533040102
1092.5   0.359109222648
1093.0   0.358685405194
1093.5   0.35826158774
1094.0   0.357840487064
1094.5   0.35741666961
1095.0   0.356995568934
1095.5   0.356574468259
1096.0   0.356150650804
1096.5   0.355729550129
1097.0   0.355308449453
1097.5   0.354887348777
1098.0   0.354466248102
1098.5   0.354045147426
1099.0   0.35362404675
1099.5   0.353202946075
1100.0   0.352781845399
1100.5   0.352363461502
1101.0   0.351942360826
1101.5   0.351521260151
1102.0   0.351102876253
1102.5   0.350684492356
1103.0   0.350263391681
1103.5   0.349845007784
1104.0   0.349426623886
1104.5   0.349005523211
1105.0   0.348587139314
1105.5   0.348171472195
1106.0   0.347753088298
1106.5   0.347334704401
1107.0   0.346916320504
1107.5   0.346497936607
1108.0   0.346082269488
1108.5   0.345663885591
1109.0   0.345248218472
1109.5   0.344832551354
1110.0   0.344414167457
1110.5   0.343998500338
1111.0   0.34358283322
1111.5   0.343167166101
1112.0   0.342751498983
1112.5   0.342335831864
1113.0   0.341920164745
1113.5   0.341507214405
1114.0   0.341091547287
1114.5   0.340675880168
1115.0   0.340262929828
1115.5   0.339849979488
1116.0   0.339437029148
1116.5   0.33902136203
1117.0   0.33860841169
1117.5   0.338198178128
1118.0   0.33778251101
1118.5   0.337372277448
1119.0   0.336959327108
1119.5   0.336549093547
1120.0   0.336136143207
1120.5   0.335725909645
1121.0   0.335312959305
1121.5   0.334902725744
1122.0   0.334492492182
1122.5   0.334082258621
1123.0   0.33367202506
1123.5   0.333261791498
1124.0   0.332854274715
1124.5   0.332444041154
1125.0   0.332033807592
1125.5   0.331626290809
1126.0   0.331218774027
1126.5   0.330811257244
1127.0   0.330401023682
1127.5   0.329993506899
1128.0   0.329585990116
1128.5   0.329178473333
1129.0   0.328773673329
1129.5   0.328366156546
1130.0   0.327961356542
1130.5   0.327553839759
1131.0   0.327149039755
1131.5   0.32674423975
1132.0   0.326339439746
1132.5   0.325934639742
1133.0   0.325529839737
1133.5   0.325127756511
1134.0   0.324722956507
1134.5   0.324318156503
1135.0   0.323916073277
1135.5   0.323513990051
1136.0   0.323111906825
1136.5   0.3227098236
1137.0   0.322305023595
1137.5   0.321905657148
1138.0   0.321503573922
1138.5   0.321104207475
1139.0   0.320702124249
1139.5   0.320302757802
1140.0   0.319900674576
1140.5   0.319501308129
1141.0   0.319101941682
1141.5   0.318702575234
1142.0   0.318305925566
1142.5   0.317906559118
1143.0   0.31750990945
1143.5   0.317110543003
1144.0   0.316713893334
1144.5   0.316317243665
1145.0   0.315920593996
1145.5   0.315523944328
1146.0   0.315127294659
1146.5   0.314733361769
1147.0   0.3143367121
1147.5   0.31394277921
1148.0   0.31354884632
1148.5   0.31315491343
1149.0   0.31276098054
1149.5   0.31236704765
1150.0   0.311973114759
1150.5   0.311579181869
1151.0   0.311187965758
1151.5   0.310796749646
1152.0   0.310405533535
1152.5   0.310011600644
1153.0   0.309620384533
1153.5   0.3092318852
1154.0   0.308840669088
1154.5   0.308452169755
1155.0   0.308060953644
1155.5   0.307672454311
1156.0   0.307283954978
1156.5   0.306895455645
1157.0   0.306506956311
1157.5   0.306121173757
1158.0   0.305732674424
1158.5   0.305346891869
1159.0   0.304958392536
1159.5   0.304572609982
1160.0   0.304186827428
1160.5   0.303803761652
1161.0   0.303417979097
1161.5   0.303032196543
1162.0   0.302649130767
1162.5   0.302266064991
1163.0   0.301882999215
1163.5   0.301499933439
1164.0   0.301116867663
1164.5   0.300733801887
1165.0   0.30035345289
1165.5   0.299973103892
1166.0   0.299590038116
1166.5   0.299209689119
1167.0   0.2988320569
1167.5   0.298451707903
1168.0   0.298071358905
1168.5   0.297693726687
1169.0   0.297316094468
1169.5   0.29693574547
1170.0   0.29656083003
1170.5   0.296183197811
1171.0   0.295805565593
1171.5   0.295430650152
1172.0   0.295053017933
1172.5   0.294678102493
1173.0   0.294303187053
1173.5   0.293928271613
1174.0   0.293556072951
1174.5   0.293181157511
1175.0   0.292808958849
1175.5   0.292436760187
1176.0   0.292061844747
1176.5   0.291692362864
1177.0   0.291320164202
1177.5   0.290950682319
1178.0   0.290578483657
1178.5   0.290209001774
1179.0   0.289839519891
1179.5   0.289470038008
1180.0   0.289100556125
1180.5   0.28873379102
1181.0   0.288367025915
1181.5   0.287997544032
1182.0   0.287630778928
1182.5   0.287266730602
1183.0   0.286899965497
1183.5   0.286533200392
1184.0   0.286169152066
1184.5   0.28580510374
1185.0   0.285441055414
1185.5   0.285077007088
1186.0   0.284715675541
1186.5   0.284351627215
1187.0   0.283990295667
1187.5   0.28362896412
1188.0   0.283267632572
1188.5   0.282906301024
1189.0   0.282547686256
1189.5   0.282186354708
1190.0   0.281827739939
1190.5   0.28146912517
1191.0   0.281110510401
1191.5   0.280754612411
1192.0   0.280395997642
1192.5   0.280040099651
1193.0   0.279684201661
1193.5   0.279328303671
1194.0   0.278975122459
1194.5   0.278619224468
1195.0   0.278266043257
1195.5   0.277912862045
1196.0   0.277559680833
1196.5   0.277206499621
1197.0   0.276853318409
1197.5   0.276502853976
1198.0   0.276149672764
1198.5   0.275801925109
1199.0   0.275451460676
1199.5   0.275100996243
1200.0   0.274753248588
1200.5   0.274402784155
