30.0   0.0347794782609
34.56   0.0347687826087
39.12   0.0347580869565
43.68   0.0347473913043
48.24   0.0347366956522
52.8   0.034726
57.36   0.0347152173913
61.92   0.0347045217391
66.48   0.034693826087
71.04   0.0346831304348
75.6   0.0346724347826
80.16   0.0346617391304
84.72   0.0346510434783
89.28   0.0346403478261
91.2   0.034635826087
91.3   0.0346353043478
98.3   0.0340315652174
105.3   0.0334277391304
112.3   0.032824
119.3   0.0322202608696
126.3   0.0316164347826
133.3   0.0310126956522
140.0   0.0304347826087
147.5   0.0297826086957
150.0   0.0295652173913
158.0   0.0288695652174
160.0   0.0286956521739
168.5   0.0279565217391
170.0   0.0278260869565
179.0   0.0278260869565
180.0   0.0278260869565
189.5   0.0294782608696
190.0   0.0295652173913
200.0   0.0339130434783
210.0   0.0373913043478
220.0   0.0391304347826
230.0   0.0347826086957
240.0   0.0295652173913
250.0   0.0313043478261
260.0   0.04
270.0   0.0660869565217
280.0   0.0921739130435
290.0   0.129565217391
294.0   0.14347826087
298.0   0.16
302.0   0.167826086957
306.0   0.165217391304
310.0   0.17652173913
314.0   0.213043478261
318.0   0.254782608696
322.0   0.268695652174
326.0   0.262608695652
330.0   0.269565217391
334.0   0.270434782609
338.0   0.269565217391
342.0   0.278260869565
346.0   0.285217391304
350.0   0.298260869565
354.0   0.287826086957
358.0   0.279130434783
362.0   0.314782608696
366.0   0.357391304348
370.0   0.367826086957
374.0   0.346956521739
378.0   0.314782608696
382.0   0.27652173913
386.0   0.28
390.0   0.311304347826
394.0   0.35652173913
398.0   0.479130434783
402.0   0.594782608696
406.0   0.637391304348
410.0   0.627826086957
414.0   0.597391304348
418.0   0.605217391304
422.0   0.637391304348
426.0   0.639130434783
430.0   0.664347826087
434.0   0.730434782609
438.0   0.766086956522
442.0   0.806086956522
446.0   0.864347826087
450.0   0.900869565217
454.0   0.926956521739
458.0   0.961739130435
462.0   0.977391304348
466.0   0.966956521739
470.0   0.977391304348
474.0   1.02086956522
478.0   1.05130434783
482.0   1.04434782609
486.0   1.0147826087
490.0   1.01565217391
494.0   1.03304347826
498.0   1.0
502.0   0.970434782609
506.0   0.974782608696
510.0   0.967826086957
514.0   0.922608695652
518.0   0.906956521739
522.0   0.966956521739
526.0   1.02347826087
530.0   1.06086956522
534.0   1.09217391304
538.0   1.0747826087
542.0   1.04782608696
546.0   1.05913043478
550.0   1.06869565217
554.0   1.0852173913
558.0   1.09217391304
562.0   1.08956521739
566.0   1.09565217391
570.0   1.09391304348
574.0   1.09304347826
578.0   1.08
582.0   1.06608695652
586.0   1.04869565217
590.0   1.05391304348
594.0   1.0852173913
598.0   1.11826086957
602.0   1.14173913043
606.0   1.15217391304
610.0   1.15130434783
614.0   1.14086956522
618.0   1.12260869565
622.0   1.10173913043
626.0   1.07913043478
630.0   1.06086956522
634.0   1.05565217391
638.0   1.06086956522
642.0   1.07130434783
646.0   1.0852173913
650.0   1.09826086957
654.0   1.11043478261
658.0   1.11913043478
662.0   1.11652173913
666.0   1.1
670.0   1.08869565217
674.0   1.08608695652
678.0   1.0852173913
682.0   1.08782608696
686.0   1.08869565217
690.0   1.08869565217
694.0   1.08695652174
698.0   1.08869565217
702.0   1.08347826087
706.0   1.07652173913
710.0   1.05739130435
714.0   1.01565217391
718.0   0.980869565217
722.0   0.986086956522
726.0   1.02086956522
730.0   1.05652173913
734.0   1.07652173913
738.0   1.08956521739
742.0   1.09826086957
746.0   1.10260869565
750.0   1.10173913043
754.0   1.09304347826
758.0   1.07652173913
762.0   1.05565217391
766.0   1.03913043478
770.0   1.02782608696
774.0   1.01304347826
778.0   0.99652173913
782.0   0.979130434783
786.0   0.96347826087
790.0   0.948695652174
794.0   0.940869565217
800.0   0.948695652174
810.0   0.988695652174
820.0   0.997391304348
830.0   1.01130434783
840.0   0.974782608696
850.0   0.91652173913
860.0   0.953913043478
870.0   0.992173913043
880.0   1.00956521739
890.0   0.985217391304
900.0   0.980869565217
910.0   1.01130434783
920.0   0.992173913043
930.0   0.957391304348
940.0   0.912173913043
950.0   0.932173913043
960.0   0.931304347826
970.0   0.920869565217
980.0   0.924347826087
990.0   0.942608695652
1000.0   0.994782608696
1060.0   0.914895652174
1120.0   0.835012173913
1180.0   0.755127826087
1200.0   0.728499130435
1280.0   0.674239130435
