30.0   0.254041666667
34.56   0.253963414634
39.12   0.253885162602
43.68   0.253806910569
48.24   0.253728658537
52.8   0.253651422764
57.36   0.253573170732
61.92   0.253494918699
66.48   0.253416666667
71.04   0.253338414634
75.6   0.253260162602
80.16   0.253181910569
84.72   0.253103658537
89.28   0.253025406504
91.2   0.252992886179
91.3   0.252988821138
98.3   0.258694105691
105.3   0.264399390244
112.3   0.270105691057
119.3   0.27581097561
126.3   0.281516260163
133.3   0.287221544715
140.0   0.292682926829
147.5   0.311737804878
150.0   0.318089430894
158.0   0.338414634146
160.0   0.343495934959
168.5   0.364227642276
170.0   0.367886178862
179.0   0.39075203252
180.0   0.393292682927
189.5   0.39618902439
190.0   0.396341463415
200.0   0.385162601626
210.0   0.369918699187
220.0   0.358739837398
230.0   0.354674796748
240.0   0.35162601626
250.0   0.35162601626
260.0   0.352642276423
270.0   0.352642276423
280.0   0.353658536585
290.0   0.358739837398
294.0   0.362804878049
298.0   0.367886178862
302.0   0.372967479675
306.0   0.380081300813
310.0   0.388211382114
314.0   0.39837398374
318.0   0.409552845528
322.0   0.423780487805
326.0   0.439024390244
330.0   0.456300813008
334.0   0.47662601626
338.0   0.497967479675
342.0   0.521341463415
346.0   0.543699186992
350.0   0.567073170732
354.0   0.606707317073
358.0   0.586382113821
362.0   0.572154471545
366.0   0.608739837398
370.0   0.686991869919
374.0   0.717479674797
378.0   0.693089430894
382.0   0.719512195122
386.0   0.776422764228
390.0   0.790650406504
394.0   0.772357723577
398.0   0.826219512195
402.0   0.934959349593
406.0   0.939024390244
410.0   0.894308943089
414.0   0.917682926829
418.0   0.95325203252
422.0   0.962398373984
426.0   0.942073170732
430.0   0.910569105691
434.0   0.910569105691
438.0   0.946138211382
442.0   0.984756097561
446.0   1.01321138211
450.0   1.03353658537
454.0   1.0325203252
458.0   1.02134146341
462.0   1.02947154472
466.0   1.0243902439
470.0   1.01016260163
474.0   1.02947154472
478.0   1.02235772358
482.0   1.0
486.0   0.99593495935
490.0   0.982723577236
494.0   0.981707317073
498.0   1.0
502.0   0.992886178862
506.0   0.957317073171
510.0   0.960365853659
514.0   0.948170731707
518.0   0.931910569106
522.0   0.943089430894
526.0   0.934959349593
530.0   0.919715447154
534.0   0.900406504065
538.0   0.904471544715
542.0   0.956300813008
546.0   0.97662601626
550.0   0.960365853659
554.0   0.97662601626
558.0   0.971544715447
562.0   0.960365853659
566.0   0.951219512195
570.0   0.941056910569
574.0   0.932926829268
578.0   0.924796747967
582.0   0.917682926829
586.0   0.911585365854
590.0   0.905487804878
594.0   0.900406504065
598.0   0.897357723577
602.0   0.894308943089
606.0   0.892276422764
610.0   0.890243902439
614.0   0.888211382114
618.0   0.886178861789
622.0   0.884146341463
626.0   0.882113821138
630.0   0.87906504065
634.0   0.878048780488
638.0   0.876016260163
642.0   0.873983739837
646.0   0.871951219512
650.0   0.868902439024
654.0   0.867886178862
658.0   0.865853658537
662.0   0.863821138211
666.0   0.861788617886
670.0   0.859756097561
674.0   0.857723577236
678.0   0.855691056911
682.0   0.854674796748
686.0   0.852642276423
690.0   0.850609756098
694.0   0.848577235772
698.0   0.846544715447
702.0   0.845528455285
706.0   0.843495934959
710.0   0.841463414634
714.0   0.841463414634
718.0   0.839430894309
722.0   0.838414634146
726.0   0.836382113821
730.0   0.834349593496
734.0   0.834349593496
738.0   0.832317073171
742.0   0.831300813008
746.0   0.829268292683
750.0   0.827235772358
754.0   0.827235772358
758.0   0.825203252033
762.0   0.82418699187
766.0   0.822154471545
770.0   0.82012195122
774.0   0.82012195122
778.0   0.818089430894
782.0   0.817073170732
786.0   0.815040650407
790.0   0.814024390244
794.0   0.813008130081
800.0   0.809959349593
810.0   0.806910569106
820.0   0.803861788618
830.0   0.801829268293
840.0   0.798780487805
850.0   0.795731707317
860.0   0.793699186992
870.0   0.790650406504
880.0   0.788617886179
890.0   0.786585365854
900.0   0.783536585366
910.0   0.781504065041
920.0   0.779471544715
930.0   0.77743902439
940.0   0.775406504065
950.0   0.77337398374
960.0   0.771341463415
970.0   0.770325203252
980.0   0.768292682927
990.0   0.766260162602
1000.0   0.765243902439
1060.0   0.69731300813
1120.0   0.629383130081
1180.0   0.561452235772
1200.0   0.538808943089
1280.0   0.493296747967
