30.0   0.757922374429
34.56   0.757689497717
39.12   0.757455707763
43.68   0.75722283105
48.24   0.756989954338
52.8   0.756756164384
57.36   0.756523287671
61.92   0.756290410959
66.48   0.756056621005
71.04   0.755823744292
75.6   0.75559086758
80.16   0.755357077626
84.72   0.755124200913
89.28   0.754891324201
91.2   0.754792694064
91.3   0.754780821918
98.3   0.766793607306
105.3   0.778806392694
112.3   0.790819178082
119.3   0.80283196347
126.3   0.8148456621
133.3   0.826858447489
140.0   0.838356164384
147.5   0.853424657534
150.0   0.858447488584
158.0   0.867214611872
160.0   0.869406392694
168.5   0.881050228311
170.0   0.883105022831
179.0   0.880639269406
180.0   0.880365296804
189.5   0.845662100457
190.0   0.843835616438
200.0   0.780821917808
210.0   0.712328767123
220.0   0.655707762557
230.0   0.613698630137
240.0   0.577168949772
250.0   0.547945205479
260.0   0.528767123288
270.0   0.520547945205
280.0   0.521461187215
290.0   0.528767123288
294.0   0.532420091324
298.0   0.53698630137
302.0   0.541552511416
306.0   0.546118721461
310.0   0.550684931507
314.0   0.555251141553
318.0   0.558904109589
322.0   0.561643835616
326.0   0.563470319635
330.0   0.566210045662
334.0   0.570776255708
338.0   0.576255707763
342.0   0.581735159817
346.0   0.587214611872
350.0   0.5899543379
354.0   0.599086757991
358.0   0.586301369863
362.0   0.56803652968
366.0   0.582648401826
370.0   0.735159817352
374.0   0.807305936073
378.0   0.704109589041
382.0   0.708675799087
386.0   0.766210045662
390.0   0.777168949772
394.0   0.758904109589
398.0   0.801826484018
402.0   0.88401826484
406.0   0.883105022831
410.0   0.834703196347
414.0   0.853881278539
418.0   0.890410958904
422.0   0.891324200913
426.0   0.870319634703
430.0   0.844748858447
434.0   0.853881278539
438.0   0.878538812785
442.0   0.891324200913
446.0   0.910502283105
450.0   0.917808219178
454.0   0.912328767123
458.0   0.918721461187
462.0   0.920547945205
466.0   0.916894977169
470.0   0.907762557078
474.0   0.900456621005
478.0   0.895890410959
482.0   0.901369863014
486.0   0.926940639269
490.0   0.896803652968
494.0   0.89497716895
498.0   1.0
502.0   0.980821917808
506.0   0.858447488584
510.0   0.829223744292
514.0   0.821917808219
518.0   0.809132420091
522.0   0.809132420091
526.0   0.807305936073
530.0   0.809132420091
534.0   0.785388127854
538.0   0.781735159817
542.0   0.817351598174
546.0   0.832876712329
550.0   0.808219178082
554.0   0.781735159817
558.0   0.778082191781
562.0   0.773515981735
566.0   0.774429223744
570.0   0.775342465753
574.0   0.772602739726
578.0   0.768949771689
582.0   0.765296803653
586.0   0.760730593607
590.0   0.755251141553
594.0   0.750684931507
598.0   0.746118721461
602.0   0.740639269406
606.0   0.736073059361
610.0   0.730593607306
614.0   0.72602739726
618.0   0.721461187215
622.0   0.716894977169
626.0   0.713242009132
630.0   0.708675799087
634.0   0.704109589041
638.0   0.699543378995
642.0   0.69497716895
646.0   0.691324200913
650.0   0.686757990868
654.0   0.682191780822
658.0   0.678538812785
662.0   0.67397260274
666.0   0.669406392694
670.0   0.665753424658
674.0   0.661187214612
678.0   0.656621004566
682.0   0.65296803653
686.0   0.648401826484
690.0   0.644748858447
694.0   0.641095890411
698.0   0.637442922374
702.0   0.633789954338
706.0   0.630136986301
710.0   0.625570776256
714.0   0.621917808219
718.0   0.618264840183
722.0   0.614611872146
726.0   0.61095890411
730.0   0.607305936073
734.0   0.603652968037
738.0   0.6
742.0   0.597260273973
746.0   0.593607305936
750.0   0.590867579909
754.0   0.587214611872
758.0   0.583561643836
762.0   0.579908675799
766.0   0.577168949772
770.0   0.573515981735
774.0   0.570776255708
778.0   0.567123287671
782.0   0.564383561644
786.0   0.560730593607
790.0   0.55799086758
794.0   0.554337899543
800.0   0.549771689498
810.0   0.542465753425
820.0   0.535159817352
830.0   0.526940639269
840.0   0.519634703196
850.0   0.512328767123
860.0   0.50502283105
870.0   0.497716894977
880.0   0.490410958904
890.0   0.48401826484
900.0   0.476712328767
910.0   0.470319634703
920.0   0.46301369863
930.0   0.456621004566
940.0   0.450228310502
950.0   0.443835616438
960.0   0.437442922374
970.0   0.43196347032
980.0   0.426484018265
990.0   0.42100456621
1000.0   0.42100456621
1060.0   0.389742465753
1120.0   0.358479452055
1180.0   0.327217351598
1200.0   0.316796347032
1280.0   0.289368949772
