30.0 2.00119628738
30.5 2.00112906306
31.0 2.00106183874
31.5 2.00099461441
32.0 2.00092739009
32.5 2.00086016577
33.0 2.00079294145
33.5 2.00072571712
34.0 2.0006584928
34.5 2.00059126848
35.0 2.00052328024
35.5 2.00045529201
36.0 2.00038730377
36.5 2.00031931554
37.0 2.0002513273
37.5 2.00018333907
38.0 2.00011535083
38.5 2.0000473626
39.0 1.99997937436
39.5 1.99991215004
40.0 1.99984492571
40.5 1.99977770139
41.0 1.99971047707
41.5 1.99964325274
42.0 1.99957602842
42.5 1.9995088041
43.0 1.99944157977
43.5 1.99937435545
44.0 1.99930636721
44.5 1.99923837898
45.0 1.99917039074
45.5 1.99910240251
46.0 1.99903441427
46.5 1.99896642604
47.0 1.9988984378
47.5 1.99883044957
48.0 1.99876246133
48.5 1.99869523701
49.0 1.99862801268
49.5 1.99856078836
50.0 1.99849356404
50.5 1.99842633971
51.0 1.99835911539
51.5 1.99829189107
52.0 1.99822466674
52.5 1.99815744242
53.0 1.99808945418
53.5 1.99802146595
54.0 1.99795347771
54.5 1.99788548948
55.0 1.99781750124
55.5 1.99774951301
56.0 1.99768152477
56.5 1.99761353654
57.0 1.9975455483
57.5 1.99747832398
58.0 1.99741109965
58.5 1.99734387533
59.0 1.99727665101
59.5 1.99720942668
60.0 1.99714220236
60.5 1.99707497804
61.0 1.99700775371
61.5 1.99694052939
62.0 1.99687330507
62.5 1.99680608074
63.0 1.99673885642
63.5 1.9966716321
64.0 1.99660440777
64.5 1.99653718345
65.0 1.99646995913
65.5 1.9964027348
66.0 1.99633551048
66.5 1.99626752224
67.0 1.99619953401
67.5 1.99613154577
68.0 1.99606355754
68.5 1.9959955693
69.0 1.99592758107
69.5 1.99585959283
70.0 1.9957916046
70.5 1.99572361636
71.0 1.99565639204
71.5 1.99558916772
72.0 1.99552194339
72.5 1.99545471907
73.0 1.99538749475
73.5 1.99532027043
74.0 1.9952530461
74.5 1.99518582178
75.0 1.99511859746
75.5 1.99505060922
76.0 1.99498262099
76.5 1.99491463275
77.0 1.99484664451
77.5 1.99477865628
78.0 1.99471066804
78.5 1.9946426798
79.0 1.99457469157
79.5 1.99450670333
80.0 1.99443947901
80.5 1.99437225469
81.0 1.99430503036
81.5 1.99423780604
82.0 1.99417058172
82.5 1.9941033574
83.0 1.99403613307
83.5 1.99396890875
84.0 1.99390168443
84.5 1.99383369619
85.0 1.99376570796
85.5 1.99369771972
86.0 1.99362973149
86.5 1.99356174325
87.0 1.99349375502
87.5 1.99342576678
88.0 1.99335777855
88.5 1.99328979031
89.0 1.9932233299
89.5 1.99315686949
90.0 1.99309040908
90.5 1.9930245216
91.0 1.99295863412
91.5 1.99150130536
92.0 1.98800981112
92.5 1.98451831687
93.0 1.98102682263
93.5 1.97753532838
94.0 1.97404383414
94.5 1.97055233989
95.0 1.96706084565
95.5 1.96356892403
96.0 1.96007700241
96.5 1.95658508078
97.0 1.95309315916
97.5 1.94960123754
98.0 1.94610931592
98.5 1.9426173943
99.0 1.93912547267
99.5 1.93563355105
100.0 1.93214162943
100.5 1.92864970781
101.0 1.92515778618
101.5 1.92166586456
102.0 1.91817394294
102.5 1.91468202131
103.0 1.91119009969
103.5 1.90769817807
104.0 1.90420625645
104.5 1.90071433482
105.0 1.8972224132
105.5 1.8937311791
106.0 1.890239945
106.5 1.8867487109
107.0 1.8832574768
107.5 1.8797662427
108.0 1.87627500859
108.5 1.87278377449
109.0 1.86929254039
109.5 1.86580130629
110.0 1.86231007219
110.5 1.85881803598
111.0 1.85532599977
111.5 1.85183396356
112.0 1.84834192735
112.5 1.84484989114
113.0 1.84135785494
113.5 1.83786581873
114.0 1.83437378252
114.5 1.83088174631
115.0 1.8273897101
115.5 1.82389767389
116.0 1.82040563768
116.5 1.81691388794
117.0 1.81342213819
117.5 1.80993038845
118.0 1.80643863871
118.5 1.80294688897
119.0 1.79945513922
119.5 1.79596338948
120.0 1.79247163974
120.5 1.78898001277
121.0 1.7854883858
121.5 1.78199675883
122.0 1.77850513186
122.5 1.77501350489
123.0 1.77152187792
123.5 1.76803025094
124.0 1.76453862397
124.5 1.761046997
125.0 1.75755537003
125.5 1.75406374306
126.0 1.75057211609
126.5 1.74708048912
127.0 1.74358886215
127.5 1.74009723518
128.0 1.73660560821
128.5 1.73311398124
129.0 1.72962235427
129.5 1.7261307273
130.0 1.72263910033
130.5 1.71914747336
131.0 1.71565584639
131.5 1.71216421942
132.0 1.70867259245
132.5 1.70518096548
133.0 1.70168933851
133.5 1.69819771154
134.0 1.69470608457
134.5 1.69121404836
135.0 1.68772201215
135.5 1.68422997594
136.0 1.68073793973
136.5 1.67724590352
137.0 1.67375386731
137.5 1.6702618311
138.0 1.66676979489
138.5 1.66327775868
139.0 1.65978572247
139.5 1.65629368626
140.0 1.65280165005
140.5 1.64957029907
141.0 1.64633894809
141.5 1.64310759711
142.0 1.63987624613
142.5 1.63664489515
143.0 1.63341354417
143.5 1.63018219319
144.0 1.62695084222
144.5 1.62371949124
145.0 1.62048814026
145.5 1.61725678928
146.0 1.6140254383
146.5 1.61079408732
147.0 1.60756273634
147.5 1.60433138536
148.0 1.60110003438
148.5 1.5978686834
149.0 1.59463733242
149.5 1.59140598144
150.0 1.58817463046
150.5 1.58490890341
151.0 1.58164317635
151.5 1.5783774493
152.0 1.57511172224
152.5 1.57184599519
153.0 1.56858026813
153.5 1.56531454108
154.0 1.56204881402
154.5 1.55878308697
155.0 1.55551735992
155.5 1.55225163286
156.0 1.54898590581
156.5 1.54572017875
157.0 1.5424544517
157.5 1.53918872464
158.0 1.53592299759
158.5 1.53265727054
159.0 1.52939154349
159.5 1.52612581643
160.0 1.52286008938
160.5 1.5196287384
161.0 1.51639738742
161.5 1.51316603644
162.0 1.50993468546
162.5 1.50670333448
163.0 1.5034719835
163.5 1.50024063252
164.0 1.49700928154
164.5 1.49377793056
165.0 1.49054657958
165.5 1.4873152286
166.0 1.48408387762
166.5 1.48085252664
167.0 1.47762117566
167.5 1.47438982468
168.0 1.4711584737
168.5 1.46792712272
169.0 1.46469577174
169.5 1.46146442076
170.0 1.45823306978
170.5 1.45496734273
171.0 1.45170161567
171.5 1.44843588862
172.0 1.44517016156
172.5 1.44190443451
173.0 1.43863870746
173.5 1.4353729804
174.0 1.43210725335
174.5 1.42884152629
175.0 1.42557579924
175.5 1.42231007219
176.0 1.41904434513
176.5 1.41577861808
177.0 1.41251289103
177.5 1.40924716397
178.0 1.40598143692
178.5 1.40271570986
179.0 1.39944998281
179.5 1.39618425576
180.0 1.3929185287
180.5 1.38886215194
181.0 1.38480577518
181.5 1.38074939842
182.0 1.37669302165
182.5 1.37263664489
183.0 1.36858026813
183.5 1.36452389137
184.0 1.36046751461
184.5 1.35641113785
185.0 1.35235476108
185.5 1.34829838432
186.0 1.34424200756
186.5 1.3401856308
187.0 1.33612925404
187.5 1.33207287728
188.0 1.32801650051
188.5 1.32396012375
189.0 1.31990374699
189.5 1.31584737023
190.0 1.31179099347
190.5 1.30725335167
191.0 1.30271570987
191.5 1.29817806807
192.0 1.29364042626
192.5 1.28910278446
193.0 1.28456514266
193.5 1.28002750086
194.0 1.27548985906
194.5 1.27095221726
195.0 1.26641457546
195.5 1.26187693365
196.0 1.25733929185
196.5 1.25280165005
197.0 1.24826400825
197.5 1.24372636645
198.0 1.23918872465
198.5 1.23465108284
199.0 1.23011344104
199.5 1.22557579924
200.0 1.22103815744
200.5 1.21646613956
201.0 1.21189412169
201.5 1.20732210381
202.0 1.20275008594
202.5 1.19817806806
203.0 1.19360605019
203.5 1.18903403231
204.0 1.18446201444
204.5 1.17988999656
205.0 1.17531797868
205.5 1.17074596081
206.0 1.16617394293
206.5 1.16160192506
207.0 1.15702990718
207.5 1.15245788931
208.0 1.14788587143
208.5 1.14331385356
209.0 1.13874183568
209.5 1.13416981781
210.0 1.12959779993
210.5 1.12547267102
211.0 1.12134754211
211.5 1.1172224132
212.0 1.11309728429
212.5 1.10897215538
213.0 1.10484702647
213.5 1.10072189756
214.0 1.09659676865
214.5 1.09247163974
215.0 1.08834651083
215.5 1.08422138192
216.0 1.08009625301
216.5 1.0759711241
217.0 1.07184599519
217.5 1.06772086628
218.0 1.06359573737
218.5 1.05947060846
219.0 1.05534547955
219.5 1.05122035064
220.0 1.04709522173
220.5 1.04345135786
221.0 1.03980749399
221.5 1.03616363012
222.0 1.03251976625
222.5 1.02887590238
223.0 1.0252320385
223.5 1.02158817463
224.0 1.01794431076
224.5 1.01430044689
225.0 1.01065658302
225.5 1.00701271915
226.0 1.00336885528
226.5 0.999724991408
227.0 0.996081127537
227.5 0.992437263666
228.0 0.988793399795
228.5 0.985149535924
229.0 0.981505672053
229.5 0.977861808182
230.0 0.974217944311
230.5 0.970883465108
231.0 0.967548985906
231.5 0.964214506703
232.0 0.960880027501
232.5 0.957545548299
233.0 0.954211069096
233.5 0.950876589893
234.0 0.947542110691
234.5 0.944207631488
235.0 0.940873152286
235.5 0.937538673084
236.0 0.934204193881
236.5 0.930869714678
237.0 0.927535235476
237.5 0.924200756273
238.0 0.920866277071
238.5 0.917531797869
239.0 0.914197318666
239.5 0.910862839463
240.0 0.907528360261
240.5 0.904503265727
241.0 0.901478171193
241.5 0.898453076658
242.0 0.895427982124
242.5 0.89240288759
243.0 0.889377793056
243.5 0.886352698522
244.0 0.883327603987
244.5 0.880302509453
245.0 0.877277414919
245.5 0.874252320385
246.0 0.871227225851
246.5 0.868202131316
247.0 0.865177036782
247.5 0.862151942248
248.0 0.859126847714
248.5 0.85610175318
249.0 0.853076658645
249.5 0.850051564111
250.0 0.847026469577
250.5 0.844345135785
251.0 0.841663801994
251.5 0.838982468202
252.0 0.83630113441
252.5 0.833619800619
253.0 0.830938466827
253.5 0.828257133035
254.0 0.825575799244
254.5 0.822894465452
255.0 0.820213131661
255.5 0.817531797869
256.0 0.814850464077
256.5 0.812169130286
257.0 0.809487796494
257.5 0.806806462702
258.0 0.804125128911
258.5 0.801443795119
259.0 0.798762461327
259.5 0.796081127536
260.0 0.793399793744
260.5 0.791062220695
261.0 0.788724647646
261.5 0.786387074596
262.0 0.784049501547
262.5 0.781711928498
263.0 0.779374355449
263.5 0.7770367824
264.0 0.77469920935
264.5 0.772361636301
265.0 0.770024063252
265.5 0.767686490203
266.0 0.765348917154
266.5 0.763011344104
267.0 0.760673771055
267.5 0.758336198006
268.0 0.755998624957
268.5 0.753661051908
269.0 0.751323478858
269.5 0.748985905809
270.0 0.74664833276
270.5 0.744688896528
271.0 0.742729460295
271.5 0.740770024063
272.0 0.738810587831
272.5 0.736851151598
273.0 0.734891715366
273.5 0.732932279134
274.0 0.730972842901
274.5 0.729013406669
275.0 0.727053970436
275.5 0.725094534204
276.0 0.723135097972
276.5 0.721175661739
277.0 0.719216225507
277.5 0.717256789275
278.0 0.715297353042
278.5 0.71333791681
279.0 0.711378480578
279.5 0.709419044345
280.0 0.707459608113
280.5 0.705775180475
281.0 0.704090752836
281.5 0.702406325198
282.0 0.700721897559
282.5 0.699037469921
283.0 0.697353042283
283.5 0.695668614644
284.0 0.693984187006
284.5 0.692299759367
285.0 0.690615331729
285.5 0.688930904091
286.0 0.687246476452
286.5 0.685562048814
287.0 0.683877621175
287.5 0.682193193537
288.0 0.680508765899
288.5 0.67882433826
289.0 0.677139910622
289.5 0.675455482983
290.0 0.673771055345
290.5 0.672396012375
291.0 0.671020969405
291.5 0.669645926435
292.0 0.668270883465
292.5 0.666895840495
293.0 0.665520797525
293.5 0.664145754555
294.0 0.662770711585
294.5 0.661395668615
295.0 0.660020625645
295.5 0.658645582675
296.0 0.657270539705
296.5 0.655895496734
297.0 0.654520453764
297.5 0.653145410794
298.0 0.651770367824
298.5 0.650567205225
299.0 0.649364042626
299.5 0.648160880028
300.0 0.646957717429
300.5 0.64575455483
301.0 0.644551392231
301.5 0.643348229632
302.0 0.642145067033
302.5 0.641113784805
303.0 0.640082502578
303.5 0.63905122035
304.0 0.638019938123
304.5 0.636988655896
305.0 0.635957373668
305.5 0.634926091441
306.0 0.633894809213
306.5 0.632949467171
307.0 0.632004125129
307.5 0.631058783087
308.0 0.630113441045
308.5 0.629168099003
309.0 0.628222756961
309.5 0.627277414919
310.0 0.626332072877
310.5 0.625472671021
311.0 0.624613269164
311.5 0.623753867308
312.0 0.622894465452
312.5 0.622035063596
313.0 0.62117566174
313.5 0.620316259883
314.0 0.619456858027
314.5 0.618769336542
315.0 0.618081815057
315.5 0.617394293572
316.0 0.616706772087
316.5 0.616019250601
317.0 0.615331729116
317.5 0.614644207631
318.0 0.613956686146
318.5 0.613441045032
319.0 0.612925403918
319.5 0.612409762805
320.0 0.611894121691
320.5 0.611378480577
321.0 0.610862839464
321.5 0.61034719835
322.0 0.609831557236
322.5 0.609229975937
323.0 0.608628394637
323.5 0.608026813338
324.0 0.607425232039
324.5 0.606823650739
325.0 0.60622206944
325.5 0.60562048814
326.0 0.605018906841
326.5 0.604675146099
327.0 0.604331385356
327.5 0.603987624613
328.0 0.603643863871
328.5 0.603300103129
329.0 0.602956342386
329.5 0.602612581643
330.0 0.602268820901
330.5 0.60209694053
331.0 0.601925060159
331.5 0.601753179787
332.0 0.601581299416
332.5 0.601409419045
333.0 0.601237538673
333.5 0.601065658302
334.0 0.600893777931
334.5 0.60072189756
335.0 0.600550017188
335.5 0.600378136817
336.0 0.600206256445
336.5 0.600034376074
337.0 0.599862495703
337.5 0.599690615331
338.0 0.59951873496
338.5 0.599089034032
339.0 0.598659333104
339.5 0.598229632176
340.0 0.597799931248
340.5 0.59737023032
341.0 0.596940529391
341.5 0.596510828463
342.0 0.596081127535
342.5 0.596253007906
343.0 0.596424888277
343.5 0.596596768649
344.0 0.59676864902
344.5 0.596940529391
345.0 0.597112409763
345.5 0.597284290134
346.0 0.597456170505
346.5 0.598057751805
347.0 0.598659333104
347.5 0.599260914403
348.0 0.599862495703
348.5 0.600464077003
349.0 0.601065658302
349.5 0.601667239601
350.0 0.602268820901
350.5 0.599346854589
351.0 0.596424888278
351.5 0.593502921967
352.0 0.590580955655
352.5 0.587658989344
353.0 0.584737023032
353.5 0.581815056721
354.0 0.578893090409
354.5 0.576400825026
355.0 0.573908559642
355.5 0.571416294259
356.0 0.568924028876
356.5 0.566431763493
357.0 0.56393949811
357.5 0.561447232726
358.0 0.558954967343
358.5 0.558954967343
359.0 0.558954967343
359.5 0.558954967343
360.0 0.558954967343
360.5 0.558954967343
361.0 0.558954967343
361.5 0.558954967343
362.0 0.558954967343
362.5 0.558783086972
363.0 0.558611206601
363.5 0.558439326229
364.0 0.558267445858
364.5 0.558095565487
365.0 0.557923685115
365.5 0.557751804744
366.0 0.557579924373
366.5 0.591526297697
367.0 0.625472671021
367.5 0.659419044345
368.0 0.693365417669
368.5 0.727311790994
369.0 0.761258164318
369.5 0.795204537642
370.0 0.829150910966
370.5 0.859487796494
371.0 0.889824682022
371.5 0.92016156755
372.0 0.950498453078
372.5 0.980835338606
373.0 1.01117222413
373.5 1.04150910966
374.0 1.07184599519
374.5 1.01778961843
375.0 0.963733241666
375.5 0.909676864904
376.0 0.855620488141
376.5 0.801564111379
377.0 0.747507734617
377.5 0.693451357855
378.0 0.639394981093
378.5 0.64300446889
379.0 0.646613956686
379.5 0.650223444482
380.0 0.653832932279
380.5 0.657442420076
381.0 0.661051907872
381.5 0.664661395668
382.0 0.668270883465
382.5 0.678755586112
383.0 0.689240288759
383.5 0.699724991406
384.0 0.710209694053
384.5 0.7206943967
385.0 0.731179099347
385.5 0.741663801994
386.0 0.752148504641
386.5 0.746304572018
387.0 0.740460639395
387.5 0.734616706772
388.0 0.72877277415
388.5 0.722928841527
389.0 0.717084908904
389.5 0.711240976281
390.0 0.705397043658
390.5 0.704107940874
391.0 0.702818838089
391.5 0.701529735305
392.0 0.70024063252
392.5 0.698951529736
393.0 0.697662426951
393.5 0.696373324166
394.0 0.695084221382
394.5 0.695943623238
395.0 0.696803025094
395.5 0.697662426951
396.0 0.698521828807
396.5 0.699381230663
397.0 0.700240632519
397.5 0.701100034376
398.0 0.701959436232
398.5 0.709006531454
399.0 0.716053626675
399.5 0.723100721897
400.0 0.730147817119
400.5 0.737194912341
401.0 0.744242007563
401.5 0.751289102784
402.0 0.758336198006
402.5 0.75687521485
403.0 0.755414231695
403.5 0.753953248539
404.0 0.752492265383
404.5 0.751031282227
405.0 0.749570299071
405.5 0.748109315916
406.0 0.74664833276
406.5 0.744242007562
407.0 0.741835682365
407.5 0.739429357167
408.0 0.737023031969
408.5 0.734616706772
409.0 0.732210381574
409.5 0.729804056377
410.0 0.727397731179
410.5 0.724991405981
411.0 0.722585080784
411.5 0.720178755586
412.0 0.717772430389
412.5 0.715366105191
413.0 0.712959779993
413.5 0.710553454796
414.0 0.708147129598
414.5 0.711670677209
415.0 0.71519422482
415.5 0.718717772431
416.0 0.722241320041
416.5 0.725764867652
417.0 0.729288415263
417.5 0.732811962874
418.0 0.736335510485
418.5 0.733499484359
419.0 0.730663458233
419.5 0.727827432107
420.0 0.724991405981
420.5 0.722155379855
421.0 0.719319353729
421.5 0.716483327604
422.0 0.713647301478
422.5 0.711928497765
423.0 0.710209694053
423.5 0.70849089034
424.0 0.706772086628
424.5 0.705053282915
425.0 0.703334479202
425.5 0.70161567549
426.0 0.699896871777
426.5 0.694052939154
427.0 0.688209006531
427.5 0.682365073908
428.0 0.676521141286
428.5 0.670677208663
429.0 0.66483327604
429.5 0.658989343417
430.0 0.653145410794
430.5 0.660192506016
431.0 0.667239601238
431.5 0.674286696459
432.0 0.681333791681
432.5 0.688380886903
433.0 0.695427982124
433.5 0.702475077346
434.0 0.709522172568
434.5 0.706943966999
435.0 0.70436576143
435.5 0.701787555861
436.0 0.699209350292
436.5 0.696631144724
437.0 0.694052939155
437.5 0.691474733586
438.0 0.688896528017
438.5 0.687607425232
439.0 0.686318322448
439.5 0.685029219664
440.0 0.683740116879
440.5 0.682451014095
441.0 0.68116191131
441.5 0.679872808526
442.0 0.678583705741
442.5 0.679357167412
443.0 0.680130629082
443.5 0.680904090753
444.0 0.681677552424
444.5 0.682451014094
445.0 0.683224475765
445.5 0.683997937435
446.0 0.684771399106
446.5 0.684943279477
447.0 0.685115159849
447.5 0.68528704022
448.0 0.685458920591
448.5 0.685630800962
449.0 0.685802681333
449.5 0.685974561705
450.0 0.686146442076
450.5 0.685201100034
451.0 0.684255757992
451.5 0.68331041595
452.0 0.682365073908
452.5 0.681419731867
453.0 0.680474389825
453.5 0.679529047783
454.0 0.678583705741
454.5 0.678325885184
455.0 0.678068064627
455.5 0.67781024407
456.0 0.677552423513
456.5 0.677294602957
457.0 0.6770367824
457.5 0.676778961843
458.0 0.676521141286
458.5 0.674114816088
459.0 0.67170849089
459.5 0.669302165693
460.0 0.666895840495
460.5 0.664489515297
461.0 0.662083190099
461.5 0.659676864902
462.0 0.657270539704
462.5 0.658817463045
463.0 0.660364386387
463.5 0.661911309728
464.0 0.66345823307
464.5 0.665005156411
465.0 0.666552079752
465.5 0.668099003094
466.0 0.669645926435
466.5 0.666809900309
467.0 0.663973874183
467.5 0.661137848058
468.0 0.658301821932
468.5 0.655465795806
469.0 0.652629769681
469.5 0.649793743555
470.0 0.646957717429
470.5 0.64575455483
471.0 0.644551392231
471.5 0.643348229632
472.0 0.642145067034
472.5 0.640941904435
473.0 0.639738741836
473.5 0.638535579237
474.0 0.637332416638
474.5 0.63690271571
475.0 0.636473014782
475.5 0.636043313854
476.0 0.635613612926
476.5 0.635183911997
477.0 0.634754211069
477.5 0.634324510141
478.0 0.633894809213
478.5 0.631660364386
479.0 0.62942591956
479.5 0.627191474734
480.0 0.624957029907
480.5 0.622722585081
481.0 0.620488140254
481.5 0.618253695428
482.0 0.616019250602
482.5 0.641199724992
483.0 0.666380199381
483.5 0.691560673771
484.0 0.716741148161
484.5 0.741921622551
485.0 0.767102096941
485.5 0.79228257133
486.0 0.81746304572
486.5 0.792110690959
487.0 0.766758336198
487.5 0.741405981437
488.0 0.716053626675
488.5 0.690701271914
489.0 0.665348917153
489.5 0.639996562392
490.0 0.614644207631
490.5 0.628222756961
491.0 0.641801306291
491.5 0.65537985562
492.0 0.66895840495
492.5 0.68253695428
493.0 0.69611550361
493.5 0.709694052939
494.0 0.723272602269
494.5 0.746734272946
495.0 0.770195943623
495.5 0.7936576143
496.0 0.817119284977
496.5 0.840580955655
497.0 0.864042626332
497.5 0.887504297009
498.0 0.910965967686
498.5 0.933224475765
499.0 0.955482983843
499.5 0.977741491921
500.0 1.0
500.5 1.02225850808
501.0 1.04451701615
501.5 1.06677552423
502.0 1.08903403231
502.5 1.02535235476
503.0 0.961670677206
503.5 0.897988999654
504.0 0.834307322102
504.5 0.77062564455
505.0 0.706943966998
505.5 0.643262289446
506.0 0.579580611894
506.5 0.580783774493
507.0 0.581986937092
507.5 0.583190099691
508.0 0.58439326229
508.5 0.585596424888
509.0 0.586799587487
509.5 0.588002750086
510.0 0.589205912685
510.5 0.58439326229
511.0 0.579580611894
511.5 0.574767961499
512.0 0.569955311104
512.5 0.565142660708
513.0 0.560330010313
513.5 0.555517359917
514.0 0.550704709522
514.5 0.550532829151
515.0 0.55036094878
515.5 0.550189068408
516.0 0.550017188037
516.5 0.549845307666
517.0 0.549673427294
517.5 0.549501546923
518.0 0.549329666552
518.5 0.550189068408
519.0 0.551048470264
519.5 0.551907872121
520.0 0.552767273977
520.5 0.553626675834
521.0 0.55448607769
521.5 0.555345479546
522.0 0.556204881403
522.5 0.554314197319
523.0 0.552423513235
523.5 0.550532829151
524.0 0.548642145067
524.5 0.546751460984
525.0 0.5448607769
525.5 0.542970092816
526.0 0.541079408732
526.5 0.544517016157
527.0 0.547954623582
527.5 0.551392231007
528.0 0.554829838432
528.5 0.558267445858
529.0 0.561705053283
529.5 0.565142660708
530.0 0.568580268133
530.5 0.564283258851
531.0 0.55998624957
531.5 0.555689240288
532.0 0.551392231007
532.5 0.547095221726
533.0 0.542798212444
533.5 0.538501203163
534.0 0.534204193881
534.5 0.533946373324
535.0 0.533688552767
535.5 0.53343073221
536.0 0.533172911654
536.5 0.532915091097
537.0 0.53265727054
537.5 0.532399449983
538.0 0.532141629426
538.5 0.529391543486
539.0 0.526641457545
539.5 0.523891371605
540.0 0.521141285665
540.5 0.518391199725
541.0 0.515641113784
541.5 0.512891027844
542.0 0.510140941904
542.5 0.510312822275
543.0 0.510484702647
543.5 0.510656583018
544.0 0.510828463389
544.5 0.511000343761
545.0 0.511172224132
545.5 0.511344104504
546.0 0.511515984875
546.5 0.512375386731
547.0 0.513234788588
547.5 0.514094190444
548.0 0.5149535923
548.5 0.515812994156
549.0 0.516672396013
549.5 0.517531797869
550.0 0.518391199725
550.5 0.517188037126
551.0 0.515984874527
551.5 0.514781711928
552.0 0.513578549329
552.5 0.512375386731
553.0 0.511172224132
553.5 0.509969061533
554.0 0.508765898934
554.5 0.508164317635
555.0 0.507562736335
555.5 0.506961155036
556.0 0.506359573737
556.5 0.505757992437
557.0 0.505156411138
557.5 0.504554829838
558.0 0.503953248539
558.5 0.503351667239
559.0 0.50275008594
559.5 0.502148504641
560.0 0.501546923341
560.5 0.500945342042
561.0 0.500343760743
561.5 0.499742179443
562.0 0.499140598144
562.5 0.49862495703
563.0 0.498109315916
563.5 0.497593674802
564.0 0.497078033689
564.5 0.496562392575
565.0 0.496046751461
565.5 0.495531110347
566.0 0.495015469233
566.5 0.494671708491
567.0 0.494327947748
567.5 0.493984187006
568.0 0.493640426263
568.5 0.49329666552
569.0 0.492952904778
569.5 0.492609144035
570.0 0.492265383293
570.5 0.491835682365
571.0 0.491405981437
571.5 0.490976280509
572.0 0.490546579581
572.5 0.490116878652
573.0 0.489687177724
573.5 0.489257476796
574.0 0.488827775868
574.5 0.488569955311
575.0 0.488312134754
575.5 0.488054314197
576.0 0.487796493641
576.5 0.487538673084
577.0 0.487280852527
577.5 0.48702303197
578.0 0.486765211413
578.5 0.486507390856
579.0 0.486249570299
579.5 0.485991749742
580.0 0.485733929185
580.5 0.485476108628
581.0 0.485218288072
581.5 0.484960467515
582.0 0.484702646958
582.5 0.484530766587
583.0 0.484358886216
583.5 0.484187005844
584.0 0.484015125473
584.5 0.483843245102
585.0 0.48367136473
585.5 0.483499484359
586.0 0.483327603988
586.5 0.482983843245
587.0 0.482640082503
587.5 0.48229632176
588.0 0.481952561018
588.5 0.481608800275
589.0 0.481265039532
589.5 0.48092127879
590.0 0.480577518047
590.5 0.48031969749
591.0 0.480061876933
591.5 0.479804056376
592.0 0.47954623582
592.5 0.479288415263
593.0 0.479030594706
593.5 0.478772774149
594.0 0.478514953592
594.5 0.478257133035
595.0 0.477999312478
595.5 0.477741491921
596.0 0.477483671364
596.5 0.477225850808
597.0 0.476968030251
597.5 0.476710209694
598.0 0.476452389137
598.5 0.476022688209
599.0 0.475592987281
599.5 0.475163286353
600.0 0.474733585425
600.5 0.474303884497
601.0 0.473874183568
601.5 0.47344448264
602.0 0.473014781712
602.5 0.472585080784
603.0 0.472155379856
603.5 0.471725678928
604.0 0.471295978
604.5 0.470866277071
605.0 0.470436576143
605.5 0.470006875215
606.0 0.469577174287
606.5 0.469147473359
607.0 0.468717772431
607.5 0.468288071502
608.0 0.467858370574
608.5 0.467428669646
609.0 0.466998968718
609.5 0.466569267789
610.0 0.466139566861
610.5 0.465795806119
611.0 0.465452045376
611.5 0.465108284634
612.0 0.464764523891
612.5 0.464420763149
613.0 0.464077002406
613.5 0.463733241663
614.0 0.463389480921
614.5 0.462959779993
615.0 0.462530079065
615.5 0.462100378137
616.0 0.461670677208
616.5 0.46124097628
617.0 0.460811275352
617.5 0.460381574424
618.0 0.459951873496
618.5 0.459522172568
619.0 0.459092471639
619.5 0.458662770711
620.0 0.458233069783
620.5 0.457803368855
621.0 0.457373667927
621.5 0.456943966999
622.0 0.456514266071
622.5 0.456084565143
623.0 0.455654864215
623.5 0.455225163287
624.0 0.454795462358
624.5 0.45436576143
625.0 0.453936060502
625.5 0.453506359574
626.0 0.453076658646
626.5 0.452646957718
627.0 0.452217256789
627.5 0.451787555861
628.0 0.451357854933
628.5 0.450928154005
629.0 0.450498453076
629.5 0.450068752148
630.0 0.44963905122
630.5 0.449295290477
631.0 0.448951529735
631.5 0.448607768992
632.0 0.44826400825
632.5 0.447920247507
633.0 0.447576486765
633.5 0.447232726022
634.0 0.44688896528
634.5 0.446545204538
635.0 0.446201443795
635.5 0.445857683053
636.0 0.44551392231
636.5 0.445170161568
637.0 0.444826400825
637.5 0.444482640082
638.0 0.44413887934
638.5 0.443709178412
639.0 0.443279477483
639.5 0.442849776555
640.0 0.442420075627
640.5 0.441990374699
641.0 0.441560673771
641.5 0.441130972843
642.0 0.440701271915
642.5 0.440357511172
643.0 0.44001375043
643.5 0.439669989688
644.0 0.439326228945
644.5 0.438982468202
645.0 0.43863870746
645.5 0.438294946718
646.0 0.437951185975
646.5 0.437607425232
647.0 0.43726366449
647.5 0.436919903747
648.0 0.436576143004
648.5 0.436232382262
649.0 0.435888621519
649.5 0.435544860777
650.0 0.435201100034
650.5 0.434857339292
651.0 0.434513578549
651.5 0.434169817806
652.0 0.433826057064
652.5 0.433482296321
653.0 0.433138535579
653.5 0.432794774836
654.0 0.432451014094
654.5 0.432107253352
655.0 0.431763492609
655.5 0.431419731867
656.0 0.431075971124
656.5 0.430732210382
657.0 0.430388449639
657.5 0.430044688896
658.0 0.429700928154
658.5 0.429357167411
659.0 0.429013406669
659.5 0.428669645927
660.0 0.428325885184
660.5 0.427982124441
661.0 0.427638363699
661.5 0.427294602957
662.0 0.426950842214
662.5 0.426607081472
663.0 0.426263320729
663.5 0.425919559986
664.0 0.425575799244
664.5 0.425232038501
665.0 0.424888277759
665.5 0.424544517016
666.0 0.424200756274
666.5 0.423856995531
667.0 0.423513234789
667.5 0.423169474046
668.0 0.422825713303
668.5 0.422481952561
669.0 0.422138191818
669.5 0.421794431076
670.0 0.421450670333
670.5 0.421192849776
671.0 0.420935029219
671.5 0.420677208662
672.0 0.420419388106
672.5 0.420161567549
673.0 0.419903746992
673.5 0.419645926435
674.0 0.419388105878
674.5 0.419044345136
675.0 0.418700584393
675.5 0.41835682365
676.0 0.418013062908
676.5 0.417669302166
677.0 0.417325541423
677.5 0.41698178068
678.0 0.416638019938
678.5 0.416380199381
679.0 0.416122378824
679.5 0.415864558268
680.0 0.415606737711
680.5 0.415348917154
681.0 0.415091096597
681.5 0.41483327604
682.0 0.414575455483
682.5 0.414231694741
683.0 0.413887933998
683.5 0.413544173255
684.0 0.413200412513
684.5 0.412856651771
685.0 0.412512891028
685.5 0.412169130285
686.0 0.411825369543
686.5 0.411567548986
687.0 0.411309728429
687.5 0.411051907872
688.0 0.410794087315
688.5 0.410536266759
689.0 0.410278446202
689.5 0.410020625645
690.0 0.409762805088
690.5 0.409504984531
691.0 0.409247163974
691.5 0.408989343417
692.0 0.40873152286
692.5 0.408473702304
693.0 0.408215881747
693.5 0.40795806119
694.0 0.407700240633
694.5 0.407442420076
695.0 0.407184599519
695.5 0.406926778962
696.0 0.406668958405
696.5 0.406411137848
697.0 0.406153317291
697.5 0.405895496734
698.0 0.405637676177
698.5 0.40537985562
699.0 0.405122035063
699.5 0.404864214507
700.0 0.40460639395
700.5 0.404348573393
701.0 0.404090752836
701.5 0.403832932279
702.0 0.403575111722
702.5 0.40323135098
703.0 0.402887590237
703.5 0.402543829495
704.0 0.402200068752
704.5 0.40185630801
705.0 0.401512547267
705.5 0.401168786524
706.0 0.400825025782
706.5 0.400567205225
707.0 0.400309384668
707.5 0.400051564111
708.0 0.399793743555
708.5 0.399535922998
709.0 0.399278102441
709.5 0.399020281884
710.0 0.398762461327
710.5 0.39850464077
711.0 0.398246820213
711.5 0.397988999656
712.0 0.3977311791
712.5 0.397473358543
713.0 0.397215537986
713.5 0.396957717429
714.0 0.396699896872
714.5 0.396442076315
715.0 0.396184255758
715.5 0.395926435201
716.0 0.395668614644
716.5 0.395410794088
717.0 0.395152973531
717.5 0.394895152974
718.0 0.394637332417
718.5 0.39437951186
719.0 0.394121691303
719.5 0.393863870746
720.0 0.393606050189
720.5 0.393348229632
721.0 0.393090409075
721.5 0.392832588518
722.0 0.392574767961
722.5 0.392316947404
723.0 0.392059126847
723.5 0.39180130629
724.0 0.391543485734
724.5 0.391285665177
725.0 0.39102784462
725.5 0.390770024063
726.0 0.390512203506
726.5 0.390254382949
727.0 0.389996562392
727.5 0.389738741835
728.0 0.389480921278
728.5 0.389223100722
729.0 0.388965280165
729.5 0.388707459608
730.0 0.388449639051
730.5 0.38827775868
731.0 0.388105878308
731.5 0.387933997937
732.0 0.387762117566
732.5 0.387590237195
733.0 0.387418356824
733.5 0.387246476452
734.0 0.387074596081
734.5 0.386816775524
735.0 0.386558954967
735.5 0.38630113441
736.0 0.386043313853
736.5 0.385785493297
737.0 0.38552767274
737.5 0.385269852183
738.0 0.385012031626
738.5 0.384754211069
739.0 0.384496390512
739.5 0.384238569955
740.0 0.383980749398
740.5 0.383722928841
741.0 0.383465108284
741.5 0.383207287728
742.0 0.382949467171
742.5 0.3827775868
743.0 0.382605706429
743.5 0.382433826057
744.0 0.382261945686
744.5 0.382090065315
745.0 0.381918184943
745.5 0.381746304572
746.0 0.381574424201
746.5 0.381316603644
747.0 0.381058783087
747.5 0.38080096253
748.0 0.380543141974
748.5 0.380285321417
749.0 0.38002750086
749.5 0.379769680303
750.0 0.379511859746
750.5 0.379254039189
751.0 0.378996218632
751.5 0.378738398075
752.0 0.378480577518
752.5 0.378222756961
753.0 0.377964936404
753.5 0.377707115847
754.0 0.37744929529
754.5 0.377191474733
755.0 0.376933654176
755.5 0.376675833619
756.0 0.376418013063
756.5 0.376160192506
757.0 0.375902371949
757.5 0.375644551392
758.0 0.375386730835
758.5 0.375214850464
759.0 0.375042970092
759.5 0.374871089721
760.0 0.37469920935
760.5 0.374527328979
761.0 0.374355448608
761.5 0.374183568236
762.0 0.374011687865
762.5 0.373839807494
763.0 0.373667927122
763.5 0.373496046751
764.0 0.37332416638
764.5 0.373152286009
765.0 0.372980405638
765.5 0.372808525266
766.0 0.372636644895
766.5 0.372378824338
767.0 0.372121003781
767.5 0.371863183224
768.0 0.371605362667
768.5 0.371347542111
769.0 0.371089721554
769.5 0.370831900997
770.0 0.37057408044
770.5 0.370402200069
771.0 0.370230319697
771.5 0.370058439326
772.0 0.369886558955
772.5 0.369714678584
773.0 0.369542798213
773.5 0.369370917841
774.0 0.36919903747
774.5 0.368941216913
775.0 0.368683396356
775.5 0.368425575799
776.0 0.368167755243
776.5 0.367909934686
777.0 0.367652114129
777.5 0.367394293572
778.0 0.367136473015
778.5 0.366964592644
779.0 0.366792712272
779.5 0.366620831901
780.0 0.36644895153
780.5 0.366277071159
781.0 0.366105190788
781.5 0.365933310416
782.0 0.365761430045
782.5 0.365589549674
783.0 0.365417669302
783.5 0.365245788931
784.0 0.36507390856
784.5 0.364902028189
785.0 0.364730147818
785.5 0.364558267446
786.0 0.364386387075
786.5 0.364128566518
787.0 0.363870745961
787.5 0.363612925404
788.0 0.363355104847
788.5 0.36309728429
789.0 0.362839463733
789.5 0.362581643176
790.0 0.362323822619
790.5 0.362151942248
791.0 0.361980061877
791.5 0.361808181505
792.0 0.361636301134
792.5 0.361464420763
793.0 0.361292540391
793.5 0.36112066002
794.0 0.360948779649
794.5 0.360776899278
795.0 0.360605018906
795.5 0.360433138535
796.0 0.360261258164
796.5 0.360089377793
797.0 0.359917497422
797.5 0.35974561705
798.0 0.359573736679
798.5 0.359401856308
799.0 0.359229975936
799.5 0.359058095565
800.0 0.358886215194
800.5 0.358679958749
801.0 0.358473702303
801.5 0.358267445857
802.0 0.358061189412
802.5 0.357854932967
803.0 0.357648676521
803.5 0.357442420075
804.0 0.35723616363
804.5 0.357029907185
805.0 0.356823650739
805.5 0.356617394293
806.0 0.356411137848
806.5 0.356204881403
807.0 0.355998624957
807.5 0.355792368511
808.0 0.355586112066
808.5 0.355379855621
809.0 0.355173599175
809.5 0.354967342729
810.0 0.354761086284
810.5 0.354589205913
811.0 0.354417325542
811.5 0.35424544517
812.0 0.354073564799
812.5 0.353901684428
813.0 0.353729804057
813.5 0.353557923685
814.0 0.353386043314
814.5 0.353214162943
815.0 0.353042282571
815.5 0.3528704022
816.0 0.352698521829
816.5 0.352526641458
817.0 0.352354761086
817.5 0.352182880715
818.0 0.352011000344
818.5 0.351839119973
819.0 0.351667239601
819.5 0.35149535923
820.0 0.351323478859
820.5 0.351151598488
821.0 0.350979718116
821.5 0.350807837745
822.0 0.350635957374
822.5 0.350464077002
823.0 0.350292196631
823.5 0.35012031626
824.0 0.349948435889
824.5 0.349776555517
825.0 0.349604675146
825.5 0.349432794775
826.0 0.349260914403
826.5 0.349089034032
827.0 0.348917153661
827.5 0.34874527329
828.0 0.348573392918
828.5 0.348401512547
829.0 0.348229632176
829.5 0.348057751804
830.0 0.347885871433
830.5 0.347713991062
831.0 0.347542110691
831.5 0.347370230319
832.0 0.347198349948
832.5 0.347026469577
833.0 0.346854589205
833.5 0.346682708834
834.0 0.346510828463
834.5 0.346338948092
835.0 0.34616706772
835.5 0.345995187349
836.0 0.345823306978
836.5 0.345651426607
837.0 0.345479546235
837.5 0.345307665864
838.0 0.345135785493
838.5 0.344963905122
839.0 0.34479202475
839.5 0.344620144379
840.0 0.344448264008
840.5 0.344310759711
841.0 0.344173255414
841.5 0.344035751117
842.0 0.34389824682
842.5 0.343760742523
843.0 0.343623238226
843.5 0.343485733929
844.0 0.343348229632
844.5 0.343210725335
845.0 0.343073221038
845.5 0.342935716741
846.0 0.342798212444
846.5 0.342660708147
847.0 0.34252320385
847.5 0.342385699553
848.0 0.342248195256
848.5 0.342110690959
849.0 0.341973186662
849.5 0.341835682365
850.0 0.341698178068
850.5 0.341526297697
851.0 0.341354417326
851.5 0.341182536954
852.0 0.341010656583
852.5 0.340838776212
853.0 0.340666895841
853.5 0.340495015469
854.0 0.340323135098
854.5 0.340151254727
855.0 0.339979374356
855.5 0.339807493984
856.0 0.339635613613
856.5 0.339463733242
857.0 0.339291852871
857.5 0.339119972499
858.0 0.338948092128
858.5 0.338776211757
859.0 0.338604331386
859.5 0.338432451014
860.0 0.338260570643
860.5 0.338123066346
861.0 0.337985562049
861.5 0.337848057752
862.0 0.337710553455
862.5 0.337573049158
863.0 0.337435544861
863.5 0.337298040564
864.0 0.337160536267
864.5 0.33702303197
865.0 0.336885527673
865.5 0.336748023376
866.0 0.336610519079
866.5 0.336473014782
867.0 0.336335510485
867.5 0.336198006188
868.0 0.336060501891
868.5 0.335922997594
869.0 0.335785493297
869.5 0.335647989
870.0 0.335510484703
870.5 0.335372980406
871.0 0.335235476109
871.5 0.335097971812
872.0 0.334960467515
872.5 0.334822963218
873.0 0.334685458921
873.5 0.334547954624
874.0 0.334410450327
874.5 0.33427294603
875.0 0.334135441732
875.5 0.333997937435
876.0 0.333860433138
876.5 0.333722928841
877.0 0.333585424544
877.5 0.333447920247
878.0 0.33331041595
878.5 0.333172911653
879.0 0.333035407356
879.5 0.332897903059
880.0 0.332760398762
880.5 0.332622894465
881.0 0.332485390168
881.5 0.332347885871
882.0 0.332210381574
882.5 0.332072877277
883.0 0.33193537298
883.5 0.331797868683
884.0 0.331660364386
884.5 0.331522860089
885.0 0.331385355792
885.5 0.331247851495
886.0 0.331110347198
886.5 0.330972842901
887.0 0.330835338604
887.5 0.330697834307
888.0 0.33056033001
888.5 0.330422825713
889.0 0.330285321416
889.5 0.330147817119
890.0 0.330010312822
890.5 0.329872808525
891.0 0.329735304228
891.5 0.329597799931
892.0 0.329460295634
892.5 0.329322791337
893.0 0.32918528704
893.5 0.329047782743
894.0 0.328910278446
894.5 0.328772774149
895.0 0.328635269852
895.5 0.328497765555
896.0 0.328360261258
896.5 0.328222756961
897.0 0.328085252664
897.5 0.327947748367
898.0 0.32781024407
898.5 0.327672739773
899.0 0.327535235476
899.5 0.327397731179
900.0 0.327260226882
900.5 0.327122722585
901.0 0.326985218288
901.5 0.326847713991
902.0 0.326710209694
902.5 0.326572705397
903.0 0.3264352011
903.5 0.326297696803
904.0 0.326160192506
904.5 0.326022688209
905.0 0.325885183912
905.5 0.325747679615
906.0 0.325610175318
906.5 0.325472671021
907.0 0.325335166724
907.5 0.325197662427
908.0 0.32506015813
908.5 0.324922653833
909.0 0.324785149536
909.5 0.324647645239
910.0 0.324510140942
910.5 0.324372636645
911.0 0.324235132348
911.5 0.324097628051
912.0 0.323960123754
912.5 0.323822619457
913.0 0.32368511516
913.5 0.323547610863
914.0 0.323410106566
914.5 0.323272602269
915.0 0.323135097972
915.5 0.322997593675
916.0 0.322860089378
916.5 0.322722585081
917.0 0.322585080784
917.5 0.322447576487
918.0 0.32231007219
918.5 0.322172567893
919.0 0.322035063596
919.5 0.321897559299
920.0 0.321760055002
920.5 0.321622550705
921.0 0.321485046408
921.5 0.321347542111
922.0 0.321210037814
922.5 0.321072533517
923.0 0.32093502922
923.5 0.320797524923
924.0 0.320660020626
924.5 0.320522516329
925.0 0.320385012032
925.5 0.320247507735
926.0 0.320110003438
926.5 0.319972499141
927.0 0.319834994844
927.5 0.319697490547
928.0 0.31955998625
928.5 0.319422481953
929.0 0.319284977656
929.5 0.319147473359
930.0 0.319009969062
930.5 0.318872464765
931.0 0.318734960468
931.5 0.318597456171
932.0 0.318459951874
932.5 0.318322447577
933.0 0.31818494328
933.5 0.318047438983
934.0 0.317909934686
934.5 0.317772430389
935.0 0.317634926092
935.5 0.317497421794
936.0 0.317359917497
936.5 0.3172224132
937.0 0.317084908903
937.5 0.316947404606
938.0 0.316809900309
938.5 0.316672396012
939.0 0.316534891715
939.5 0.316397387418
940.0 0.316259883121
940.5 0.316156754898
941.0 0.316053626676
941.5 0.315950498453
942.0 0.31584737023
942.5 0.315744242007
943.0 0.315641113784
943.5 0.315537985562
944.0 0.315434857339
944.5 0.315331729116
945.0 0.315228600894
945.5 0.315125472671
946.0 0.315022344448
946.5 0.314919216225
947.0 0.314816088002
947.5 0.31471295978
948.0 0.314609831557
948.5 0.314506703334
949.0 0.314403575111
949.5 0.314300446889
950.0 0.314197318666
950.5 0.314059814369
951.0 0.313922310072
951.5 0.313784805775
952.0 0.313647301478
952.5 0.313509797181
953.0 0.313372292884
953.5 0.313234788587
954.0 0.31309728429
954.5 0.312959779993
955.0 0.312822275696
955.5 0.312684771399
956.0 0.312547267102
956.5 0.312409762805
957.0 0.312272258508
957.5 0.312134754211
958.0 0.311997249914
958.5 0.311859745617
959.0 0.31172224132
959.5 0.311584737023
960.0 0.311447232726
960.5 0.311344104503
961.0 0.311240976281
961.5 0.311137848058
962.0 0.311034719835
962.5 0.310931591612
963.0 0.310828463389
963.5 0.310725335167
964.0 0.310622206944
964.5 0.310519078721
965.0 0.310415950499
965.5 0.310312822276
966.0 0.310209694053
966.5 0.31010656583
967.0 0.310003437607
967.5 0.309900309385
968.0 0.309797181162
968.5 0.309694052939
969.0 0.309590924716
969.5 0.309487796494
970.0 0.309384668271
970.5 0.309281540048
971.0 0.309178411825
971.5 0.309075283603
972.0 0.30897215538
972.5 0.308869027157
973.0 0.308765898934
973.5 0.308662770712
974.0 0.308559642489
974.5 0.308456514266
975.0 0.308353386043
975.5 0.308250257821
976.0 0.308147129598
976.5 0.308044001375
977.0 0.307940873153
977.5 0.30783774493
978.0 0.307734616707
978.5 0.307631488484
979.0 0.307528360261
979.5 0.307425232039
980.0 0.307322103816
980.5 0.307218975593
981.0 0.307115847371
981.5 0.307012719148
982.0 0.306909590925
982.5 0.306806462702
983.0 0.306703334479
983.5 0.306600206257
984.0 0.306497078034
984.5 0.306393949811
985.0 0.306290821588
985.5 0.306187693366
986.0 0.306084565143
986.5 0.30598143692
987.0 0.305878308697
987.5 0.305775180475
988.0 0.305672052252
988.5 0.305568924029
989.0 0.305465795806
989.5 0.305362667584
990.0 0.305259539361
990.5 0.305259539361
991.0 0.305259539361
991.5 0.305259539361
992.0 0.305259539361
992.5 0.305259539361
993.0 0.305259539361
993.5 0.305259539361
994.0 0.305259539361
994.5 0.305259539361
995.0 0.305259539361
995.5 0.305259539361
996.0 0.305259539361
996.5 0.305259539361
997.0 0.305259539361
997.5 0.305259539361
998.0 0.305259539361
998.5 0.305259539361
999.0 0.305259539361
999.5 0.305259539361
1000.0 0.305259539361
1000.5 0.305015131202
1001.0 0.304770723044
1001.5 0.304526314885
1002.0 0.304281906727
1002.5 0.304037498568
1003.0 0.303793090409
1003.5 0.303548682251
1004.0 0.303304274092
1004.5 0.303059865934
1005.0 0.302815457775
1005.5 0.302571049616
1006.0 0.302326641458
1006.5 0.302082233299
1007.0 0.301837825141
1007.5 0.301593416982
1008.0 0.301349008824
1008.5 0.301104600665
1009.0 0.300860192506
1009.5 0.300615784348
1010.0 0.300371376189
1010.5 0.300126968031
1011.0 0.299882559872
1011.5 0.299638151713
1012.0 0.299393743555
1012.5 0.299149335396
1013.0 0.298904927238
1013.5 0.298660519079
1014.0 0.29841611092
1014.5 0.298171702762
1015.0 0.297927294603
1015.5 0.297682886445
1016.0 0.297438478286
1016.5 0.297194070127
1017.0 0.296949661969
1017.5 0.29670525381
1018.0 0.296460845652
1018.5 0.296216437493
1019.0 0.295972029335
1019.5 0.295727621176
1020.0 0.295483213017
1020.5 0.295238804859
1021.0 0.2949943967
1021.5 0.294749988542
1022.0 0.294505580383
1022.5 0.294261172224
1023.0 0.294016764066
1023.5 0.293772355907
1024.0 0.293527947749
1024.5 0.29328353959
1025.0 0.293039131431
1025.5 0.292794723273
1026.0 0.292550315114
1026.5 0.292305906956
1027.0 0.292061498797
1027.5 0.291817090638
1028.0 0.29157268248
1028.5 0.291328274321
1029.0 0.291083866163
1029.5 0.290839458004
1030.0 0.290595049845
1030.5 0.290350641687
1031.0 0.290106233528
1031.5 0.28986182537
1032.0 0.289617417211
1032.5 0.289373009053
1033.0 0.289128600894
1033.5 0.288884192735
1034.0 0.288639784577
1034.5 0.288395376418
1035.0 0.28815096826
1035.5 0.287906560101
1036.0 0.287662151942
1036.5 0.287417743784
1037.0 0.287173335625
1037.5 0.286928927467
1038.0 0.286684519308
1038.5 0.286440111149
1039.0 0.286195702991
1039.5 0.285951294832
1040.0 0.285706886674
1040.5 0.285462478515
1041.0 0.285218070356
1041.5 0.284973662198
1042.0 0.284729254039
1042.5 0.284484845881
1043.0 0.284240437722
1043.5 0.283996029564
1044.0 0.283751621405
1044.5 0.283507213246
1045.0 0.283262805088
1045.5 0.283018396929
1046.0 0.282773988771
1046.5 0.282529580612
1047.0 0.282285172453
1047.5 0.282040764295
1048.0 0.281796356136
1048.5 0.281551947978
1049.0 0.281307539819
1049.5 0.28106313166
1050.0 0.280818723502
1050.5 0.280574315343
1051.0 0.280329907185
1051.5 0.280085499026
1052.0 0.279841090867
1052.5 0.279596682709
1053.0 0.27935227455
1053.5 0.279107866392
1054.0 0.278863458233
1054.5 0.278619050075
1055.0 0.278374641916
1055.5 0.278130233757
1056.0 0.277885825599
1056.5 0.27764141744
1057.0 0.277397009282
1057.5 0.277152601123
1058.0 0.276908192964
1058.5 0.276663784806
1059.0 0.276419376647
1059.5 0.276174968489
1060.0 0.27593056033
1060.5 0.275686152171
1061.0 0.275441744013
1061.5 0.275197335854
1062.0 0.274952927696
1062.5 0.274708519537
1063.0 0.274464111378
1063.5 0.27421970322
1064.0 0.273975295061
1064.5 0.273730886903
1065.0 0.273486478744
1065.5 0.273242070585
1066.0 0.272997662427
1066.5 0.272753254268
1067.0 0.27250884611
1067.5 0.272264437951
1068.0 0.272020029793
1068.5 0.271775621634
1069.0 0.271531213475
1069.5 0.271286805317
1070.0 0.271042397158
1070.5 0.270797989
1071.0 0.270553580841
1071.5 0.270309172682
1072.0 0.270064764524
1072.5 0.269820356365
1073.0 0.269575948207
1073.5 0.269331540048
1074.0 0.269087131889
1074.5 0.268842723731
1075.0 0.268598315572
1075.5 0.268353907414
1076.0 0.268109499255
1076.5 0.267865091096
1077.0 0.267620682938
1077.5 0.267376274779
1078.0 0.267131866621
1078.5 0.266887458462
1079.0 0.266643050304
1079.5 0.266398642145
1080.0 0.266154233986
1080.5 0.265909825828
1081.0 0.265665417669
1081.5 0.265421009511
1082.0 0.265176601352
1082.5 0.264932193193
1083.0 0.264687785035
1083.5 0.264443376876
1084.0 0.264198968718
1084.5 0.263954560559
1085.0 0.2637101524
1085.5 0.263465744242
1086.0 0.263221336083
1086.5 0.262976927925
1087.0 0.262732519766
1087.5 0.262488111607
1088.0 0.262243703449
1088.5 0.26199929529
1089.0 0.261754887132
1089.5 0.261510478973
1090.0 0.261266070815
1090.5 0.261021662656
1091.0 0.260777254497
1091.5 0.260532846339
1092.0 0.26028843818
1092.5 0.260044030022
1093.0 0.259799621863
1093.5 0.259555213704
1094.0 0.259310805546
1094.5 0.259066397387
1095.0 0.258821989229
1095.5 0.25857758107
1096.0 0.258333172911
1096.5 0.258088764753
1097.0 0.257844356594
1097.5 0.257599948436
1098.0 0.257355540277
1098.5 0.257111132118
1099.0 0.25686672396
1099.5 0.256622315801
1100.0 0.256377907643
1100.5 0.256133499484
1101.0 0.255889091325
1101.5 0.255644683167
1102.0 0.255400275008
1102.5 0.25515586685
1103.0 0.254911458691
1103.5 0.254667050533
1104.0 0.254422642374
1104.5 0.254178234215
1105.0 0.253933826057
1105.5 0.253689417898
1106.0 0.25344500974
1106.5 0.253200601581
1107.0 0.252956193422
1107.5 0.252711785264
1108.0 0.252467377105
1108.5 0.252222968947
1109.0 0.251978560788
1109.5 0.251734152629
1110.0 0.251489744471
1110.5 0.251245336312
1111.0 0.251000928154
1111.5 0.250756519995
1112.0 0.250512111836
1112.5 0.250267703678
1113.0 0.250023295519
1113.5 0.249778887361
1114.0 0.249534479202
1114.5 0.249290071044
1115.0 0.249045662885
1115.5 0.248801254726
1116.0 0.248556846568
1116.5 0.248312438409
1117.0 0.248068030251
1117.5 0.247823622092
1118.0 0.247579213933
1118.5 0.247334805775
1119.0 0.247090397616
1119.5 0.246845989458
1120.0 0.246601581299
1120.5 0.24635717887
1121.0 0.246112776441
1121.5 0.245868374011
1122.0 0.245623971582
1122.5 0.245379569153
1123.0 0.245135166724
1123.5 0.244890764294
1124.0 0.244646361865
1124.5 0.244401959436
1125.0 0.244157557007
1125.5 0.243913154577
1126.0 0.243668752148
1126.5 0.243424349719
1127.0 0.24317994729
1127.5 0.24293554486
1128.0 0.242691142431
1128.5 0.242446740002
1129.0 0.242202337573
1129.5 0.241957935143
1130.0 0.241713532714
1130.5 0.241469130285
1131.0 0.241224727856
1131.5 0.240980325426
1132.0 0.240735922997
1132.5 0.240491520568
1133.0 0.240247118139
1133.5 0.240002715709
1134.0 0.23975831328
1134.5 0.239513910851
1135.0 0.239269508422
1135.5 0.239025105993
1136.0 0.238780703563
1136.5 0.238536301134
1137.0 0.238291898705
1137.5 0.238047496276
1138.0 0.237803093846
1138.5 0.237558691417
1139.0 0.237314288988
1139.5 0.237069886559
1140.0 0.236825484129
1140.5 0.2365810817
1141.0 0.236336679271
1141.5 0.236092276842
1142.0 0.235847874412
1142.5 0.235603471983
1143.0 0.235359069554
1143.5 0.235114667125
1144.0 0.234870264695
1144.5 0.234625862266
1145.0 0.234381459837
1145.5 0.234137057408
1146.0 0.233892654978
1146.5 0.233648252549
1147.0 0.23340385012
1147.5 0.233159447691
1148.0 0.232915045261
1148.5 0.232670642832
1149.0 0.232426240403
1149.5 0.232181837974
1150.0 0.231937435544
1150.5 0.231693033115
1151.0 0.231448630686
1151.5 0.231204228257
1152.0 0.230959825828
1152.5 0.230715423398
1153.0 0.230471020969
1153.5 0.23022661854
1154.0 0.229982216111
1154.5 0.229737813681
1155.0 0.229493411252
1155.5 0.229249008823
1156.0 0.229004606394
1156.5 0.228760203964
1157.0 0.228515801535
1157.5 0.228271399106
1158.0 0.228026996677
1158.5 0.227782594247
1159.0 0.227538191818
1159.5 0.227293789389
1160.0 0.22704938696
1160.5 0.22680498453
1161.0 0.226560582101
1161.5 0.226316179672
1162.0 0.226071777243
1162.5 0.225827374813
1163.0 0.225582972384
1163.5 0.225338569955
1164.0 0.225094167526
1164.5 0.224849765096
1165.0 0.224605362667
1165.5 0.224360960238
1166.0 0.224116557809
1166.5 0.22387215538
1167.0 0.22362775295
1167.5 0.223383350521
1168.0 0.223138948092
1168.5 0.222894545663
1169.0 0.222650143233
1169.5 0.222405740804
1170.0 0.222161338375
1170.5 0.221916935946
1171.0 0.221672533516
1171.5 0.221428131087
1172.0 0.221183728658
1172.5 0.220939326229
1173.0 0.220694923799
1173.5 0.22045052137
1174.0 0.220206118941
1174.5 0.219961716512
1175.0 0.219717314082
1175.5 0.219472911653
1176.0 0.219228509224
1176.5 0.218984106795
1177.0 0.218739704365
1177.5 0.218495301936
1178.0 0.218250899507
1178.5 0.218006497078
1179.0 0.217762094648
1179.5 0.217517692219
1180.0 0.21727328979
1180.5 0.217028875902
1181.0 0.216784462014
1181.5 0.216540048126
1182.0 0.216295634238
1182.5 0.21605122035
1183.0 0.215806806462
1183.5 0.215562392575
1184.0 0.215317978687
1184.5 0.215073564799
1185.0 0.214829150911
1185.5 0.214584737023
1186.0 0.214340323135
1186.5 0.214095909247
1187.0 0.213851495359
1187.5 0.213607081471
1188.0 0.213362667583
1188.5 0.213118253695
1189.0 0.212873839807
1189.5 0.212629425919
1190.0 0.212385012032
1190.5 0.212140598144
1191.0 0.211896184256
1191.5 0.211651770368
1192.0 0.21140735648
1192.5 0.211162942592
1193.0 0.210918528704
1193.5 0.210674114816
1194.0 0.210429700928
1194.5 0.21018528704
1195.0 0.209940873152
1195.5 0.209696459264
1196.0 0.209452045376
1196.5 0.209207631488
1197.0 0.208963217601
1197.5 0.208718803713
1198.0 0.208474389825
1198.5 0.208229975937
1199.0 0.207985562049
1199.5 0.207741148161
1200.0 0.207496734273
1200.5 0.207371515126
1201.0 0.207246295978
1201.5 0.207121076831
1202.0 0.206995857683
1202.5 0.206870638536
1203.0 0.206745419388
1203.5 0.206620200241
1204.0 0.206494981093
1204.5 0.206369761946
1205.0 0.206244542798
1205.5 0.206119323651
1206.0 0.205994104503
1206.5 0.205868885356
1207.0 0.205743666208
1207.5 0.205618447061
1208.0 0.205493227913
1208.5 0.205368008766
1209.0 0.205242789618
1209.5 0.205117570471
1210.0 0.204992351323
1210.5 0.204867132176
1211.0 0.204741913029
1211.5 0.204616693881
1212.0 0.204491474734
1212.5 0.204366255586
1213.0 0.204241036439
1213.5 0.204115817291
1214.0 0.203990598144
1214.5 0.203865378996
1215.0 0.203740159849
1215.5 0.203614940701
1216.0 0.203489721554
1216.5 0.203364502406
1217.0 0.203239283259
1217.5 0.203114064111
1218.0 0.202988844964
1218.5 0.202863625816
1219.0 0.202738406669
1219.5 0.202613187521
1220.0 0.202487968374
1220.5 0.202362749227
1221.0 0.202237530079
1221.5 0.202112310932
1222.0 0.201987091784
1222.5 0.201861872637
1223.0 0.201736653489
1223.5 0.201611434342
1224.0 0.201486215194
1224.5 0.201360996047
1225.0 0.201235776899
1225.5 0.201110557752
1226.0 0.200985338604
1226.5 0.200860119457
1227.0 0.200734900309
1227.5 0.200609681162
1228.0 0.200484462014
1228.5 0.200359242867
1229.0 0.200234023719
1229.5 0.200108804572
1230.0 0.199983585425
1230.5 0.199858366277
1231.0 0.19973314713
1231.5 0.199607927982
1232.0 0.199482708835
1232.5 0.199357489687
1233.0 0.19923227054
1233.5 0.199107051392
1234.0 0.198981832245
1234.5 0.198856613097
1235.0 0.19873139395
1235.5 0.198606174802
1236.0 0.198480955655
1236.5 0.198355736507
1237.0 0.19823051736
1237.5 0.198105298212
1238.0 0.197980079065
1238.5 0.197854859917
1239.0 0.19772964077
1239.5 0.197604421622
1240.0 0.197479202475
1240.5 0.197353983328
1241.0 0.19722876418
1241.5 0.197103545033
1242.0 0.196978325885
1242.5 0.196853106738
1243.0 0.19672788759
1243.5 0.196602668443
1244.0 0.196477449295
1244.5 0.196352230148
1245.0 0.196227011
1245.5 0.196101791853
1246.0 0.195976572705
1246.5 0.195851353558
1247.0 0.19572613441
1247.5 0.195600915263
1248.0 0.195475696115
1248.5 0.195350476968
1249.0 0.19522525782
1249.5 0.195100038673
1250.0 0.194974819525
1250.5 0.194849600378
1251.0 0.194724381231
1251.5 0.194599162083
1252.0 0.194473942936
1252.5 0.194348723788
1253.0 0.194223504641
1253.5 0.194098285493
1254.0 0.193973066346
1254.5 0.193847847198
1255.0 0.193722628051
1255.5 0.193597408903
1256.0 0.193472189756
1256.5 0.193346970608
1257.0 0.193221751461
1257.5 0.193096532313
1258.0 0.192971313166
1258.5 0.192846094018
1259.0 0.192720874871
1259.5 0.192595655723
1260.0 0.192470436576
1260.5 0.192345217429
1261.0 0.192219998281
1261.5 0.192094779134
1262.0 0.191969559986
1262.5 0.191844340839
1263.0 0.191719121691
1263.5 0.191593902544
1264.0 0.191468683396
1264.5 0.191343464249
1265.0 0.191218245101
1265.5 0.191093025954
1266.0 0.190967806806
1266.5 0.190842587659
1267.0 0.190717368511
1267.5 0.190592149364
1268.0 0.190466930216
1268.5 0.190341711069
1269.0 0.190216491921
1269.5 0.190091272774
1270.0 0.189966053627
1270.5 0.189840834479
1271.0 0.189715615332
1271.5 0.189590396184
1272.0 0.189465177037
1272.5 0.189339957889
1273.0 0.189214738742
1273.5 0.189089519594
1274.0 0.188964300447
1274.5 0.188839081299
1275.0 0.188713862152
1275.5 0.188588643004
1276.0 0.188463423857
1276.5 0.188338204709
1277.0 0.188212985562
1277.5 0.188087766414
1278.0 0.187962547267
1278.5 0.187837328119
1279.0 0.187712108972
1279.5 0.187586889824
