30.0   2.00119628738
34.5   2.00059126848
39.0   1.99997937436
43.5   1.99937435545
48.0   1.99876246133
52.5   1.99815744242
57.0   1.9975455483
61.5   1.99694052939
66.0   1.99633551048
70.5   1.99572361636
75.0   1.99511859746
79.5   1.99450670333
84.0   1.99390168443
88.5   1.99328979031
90.0   1.99309040908
91.2   1.99293227913
91.3   1.99289790306
95.0   1.96706084565
100.0   1.93214162943
105.0   1.8972224132
110.0   1.86231007219
116.0   1.82040563768
120.0   1.79247163974
127.0   1.74358886215
134.0   1.69470608457
140.0   1.65280165005
147.5   1.60433138536
150.0   1.58817463046
158.0   1.53592299759
160.0   1.52286008938
168.5   1.46792712272
170.0   1.45823306978
179.0   1.39944998281
180.0   1.3929185287
189.5   1.31584737023
190.0   1.31179099347
200.0   1.22103815744
210.0   1.12959779993
220.0   1.04709522173
230.0   0.974217944311
240.0   0.907528360261
250.0   0.847026469577
260.0   0.793399793744
270.0   0.74664833276
280.0   0.707459608113
290.0   0.673771055345
294.0   0.662770711585
298.0   0.651770367824
300.0   0.646957717429
302.0   0.642145067033
306.0   0.633894809213
310.0   0.626332072877
314.0   0.619456858027
318.0   0.613956686146
320.0   0.611894121691
322.0   0.609831557236
326.0   0.605018906841
330.0   0.602268820901
334.0   0.600893777931
338.0   0.59951873496
340.0   0.597799931248
342.0   0.596081127535
346.0   0.597456170505
350.0   0.602268820901
354.0   0.578893090409
358.0   0.558954967343
360.0   0.558954967343
362.0   0.558954967343
366.0   0.557579924373
370.0   0.829150910966
374.0   1.07184599519
378.0   0.639394981093
380.0   0.653832932279
382.0   0.668270883465
386.0   0.752148504641
390.0   0.705397043658
394.0   0.695084221382
398.0   0.701959436232
400.0   0.730147817119
402.0   0.758336198006
406.0   0.74664833276
410.0   0.727397731179
414.0   0.708147129598
418.0   0.736335510485
420.0   0.724991405981
422.0   0.713647301478
426.0   0.699896871777
430.0   0.653145410794
434.0   0.709522172568
438.0   0.688896528017
440.0   0.683740116879
442.0   0.678583705741
446.0   0.684771399106
450.0   0.686146442076
454.0   0.678583705741
458.0   0.676521141286
460.0   0.666895840495
462.0   0.657270539704
466.0   0.669645926435
470.0   0.646957717429
474.0   0.637332416638
478.0   0.633894809213
480.0   0.624957029907
482.0   0.616019250602
486.0   0.81746304572
490.0   0.614644207631
494.0   0.723272602269
498.0   0.910965967686
500.0   1.0
502.0   1.08903403231
506.0   0.579580611894
510.0   0.589205912685
514.0   0.550704709522
518.0   0.549329666552
520.0   0.552767273977
522.0   0.556204881403
526.0   0.541079408732
530.0   0.568580268133
534.0   0.534204193881
538.0   0.532141629426
540.0   0.521141285665
542.0   0.510140941904
546.0   0.511515984875
550.0   0.518391199725
554.0   0.508765898934
558.0   0.503953248539
560.0   0.501546923341
562.0   0.499140598144
566.0   0.495015469233
570.0   0.492265383293
574.0   0.488827775868
578.0   0.486765211413
580.0   0.485733929185
582.0   0.484702646958
586.0   0.483327603988
590.0   0.480577518047
594.0   0.478514953592
598.0   0.476452389137
600.0   0.474733585425
602.0   0.473014781712
606.0   0.469577174287
610.0   0.466139566861
614.0   0.463389480921
618.0   0.459951873496
620.0   0.458233069783
622.0   0.456514266071
626.0   0.453076658646
630.0   0.44963905122
634.0   0.44688896528
638.0   0.44413887934
640.0   0.442420075627
642.0   0.440701271915
646.0   0.437951185975
650.0   0.435201100034
654.0   0.432451014094
658.0   0.429700928154
660.0   0.428325885184
662.0   0.426950842214
666.0   0.424200756274
670.0   0.421450670333
674.0   0.419388105878
678.0   0.416638019938
680.0   0.415606737711
682.0   0.414575455483
686.0   0.411825369543
690.0   0.409762805088
694.0   0.407700240633
698.0   0.405637676177
700.0   0.40460639395
702.0   0.403575111722
706.0   0.400825025782
710.0   0.398762461327
714.0   0.396699896872
718.0   0.394637332417
720.0   0.393606050189
722.0   0.392574767961
726.0   0.390512203506
730.0   0.388449639051
734.0   0.387074596081
738.0   0.385012031626
740.0   0.383980749398
742.0   0.382949467171
746.0   0.381574424201
750.0   0.379511859746
754.0   0.37744929529
758.0   0.375386730835
760.0   0.37469920935
762.0   0.374011687865
766.0   0.372636644895
770.0   0.37057408044
774.0   0.36919903747
778.0   0.367136473015
780.0   0.36644895153
782.0   0.365761430045
786.0   0.364386387075
790.0   0.362323822619
794.0   0.360948779649
800.0   0.358886215194
810.0   0.354761086284
820.0   0.351323478859
830.0   0.347885871433
840.0   0.344448264008
850.0   0.341698178068
860.0   0.338260570643
870.0   0.335510484703
880.0   0.332760398762
890.0   0.330010312822
900.0   0.327260226882
910.0   0.324510140942
920.0   0.321760055002
930.0   0.319009969062
940.0   0.316259883121
950.0   0.314197318666
960.0   0.311447232726
970.0   0.309384668271
980.0   0.307322103816
990.0   0.305259539361
1000.0   0.305259539361
1060.0   0.27593056033
1120.0   0.246601581299
1180.0   0.21727328979
1200.0   0.207496734273
1280.0   0.187461670677
