123.5   2.07619323459
124.0   2.33235790546
124.5   2.20663757029
125.0   2.17287045452
125.5   2.09873460705
126.0   2.1936240974
126.5   2.33187851429
127.0   2.36949074675
127.5   2.44516464091
128.0   2.3087578775
128.5   2.2544468525
129.0   2.06637570286
129.5   1.92885036004
130.0   1.72445993588
130.5   2.00292628362
131.0   2.205838585
131.5   2.23834729893
132.0   2.00239695587
132.5   2.07409589821
133.0   1.94769642554
133.5   1.83909435018
134.0   1.96675222467
134.5   2.03168975401
135.0   2.12351313831
135.5   2.04075823704
136.0   2.04912760794
136.5   2.0041547235
137.0   1.95512698872
137.5   1.86108642025
138.0   1.83524923347
138.5   1.6942782666
139.0   1.56462292888
139.5   1.63395487731
140.0   1.7220529927
140.5   1.75370279745
141.0   1.8366274831
141.5   1.78835878434
142.0   1.88920071509
142.5   1.80675542062
143.0   1.92489538286
143.5   1.90547005303
144.0   1.85644231826
144.5   1.93817851329
145.0   1.98292168945
145.5   1.90465109311
146.0   1.94266281822
146.5   1.92091044374
147.0   2.01701838665
147.5   1.94761652701
148.0   2.03274840952
148.5   2.07580372926
149.0   1.95332927182
149.5   1.7894474018
150.0   1.79479061592
150.5   1.90236399772
151.0   1.73956075784
151.5   1.7244699232
152.0   1.69797357356
152.5   1.66785182818
153.0   1.57808583099
153.5   1.50752544269
154.0   1.35500913839
154.5   1.23519130704
155.0   1.43287025478
155.5   1.82216584937
156.0   1.64498087429
156.5   1.62603493563
157.0   1.64581980884
157.5   1.58884217044
158.0   1.53563973753
158.5   1.60266461594
159.0   1.53812657924
159.5   1.43533712186
160.0   1.49518111998
160.5   1.41794920451
161.0   1.38528069352
161.5   1.48811010017
162.0   1.41810900157
162.5   1.42384172101
163.0   1.4321411807
163.5   1.50251181
164.0   1.54816383193
164.5   1.58562625466
165.0   1.55919981623
165.5   1.40247885186
166.0   1.48602275111
166.5   1.51203970957
167.0   1.35943351943
167.5   1.41989673115
168.0   1.48168825591
168.5   1.44133949884
169.0   1.38218462553
169.5   1.41666084073
170.0   1.41618144956
170.5   1.40249882649
171.0   1.37556303495
171.5   1.33724170304
172.0   1.43015370479
172.5   1.38282381376
173.0   1.50699611493
173.5   1.45562136087
174.0   1.40461613751
174.5   1.41805906499
175.0   1.44510471701
175.5   1.50528828388
176.0   1.39113326076
176.5   1.38239435916
177.0   1.33634284459
177.5   1.1833371618
178.0   1.31983381106
178.5   1.35859458488
179.0   1.32675502112
179.5   1.31014611443
180.0   1.34344382634
180.5   1.34434268479
181.0   1.32115213679
181.5   1.29596412556
182.0   1.28756479271
182.5   1.26549282411
183.0   1.27257383123
183.5   1.22281702238
184.0   1.22832003356
184.5   1.199266931
185.0   1.1575399243
185.5   1.15600187762
186.0   1.15316547984
186.5   1.17426867878
187.0   1.18475536069
187.5   1.1765757488
188.0   1.21483715681
188.5   1.16682812828
189.0   1.12665914289
189.5   1.13753533013
190.0   1.1729203911
190.5   1.31814595464
191.0   1.27600946798
191.5   1.07989852887
192.0   1.02167247596
192.5   1.03621400821
193.0   0.994647797297
193.5   1.0975860657
194.0   1.13631687757
194.5   1.14129056099
195.0   1.09987316109
195.5   1.04698033497
196.0   1.02119308478
196.5   0.904966692301
197.0   0.748721124172
197.5   0.771608057767
198.0   1.0563584248
198.5   1.07891977189
199.0   1.1386339349
199.5   1.19369400861
200.0   1.05683781597
200.5   1.1721114185
201.0   1.03097066725
201.5   1.05559938878
202.0   0.997103678329
202.5   1.14603453614
203.0   0.968433089976
203.5   1.18897000809
204.0   1.10741358475
204.5   1.01300348557
205.0   1.05568927462
205.5   1.03692310765
206.0   1.12523095669
206.5   0.990484085212
207.0   0.97572083454
207.5   1.00873890159
208.0   1.13968260309
208.5   1.03145005843
209.0   0.997401300349
209.5   0.907434558111
210.0   1.03226901835
210.5   1.12438203482
211.0   1.05546955367
211.5   0.954059344632
212.0   0.948454462832
212.5   0.879152476355
213.0   0.981594375144
213.5   0.95455371678
214.0   0.922442498028
214.5   0.95944550421
215.0   0.962435706653
215.5   0.938246427038
216.0   0.855003146005
216.5   1.05499016249
217.0   0.869680505758
217.5   0.878968709739
218.0   1.01541042876
218.5   0.957972375084
219.0   0.830641085821
219.5   0.897279455092
220.0   1.02793452316
220.5   0.93193644072
221.0   0.951462642444
221.5   0.917051344792
222.0   0.868491016409
222.5   0.881411607259
223.0   0.980704505278
223.5   0.895075254427
224.0   0.87041956715
224.5   0.939202213189
225.0   0.885942852577
225.5   0.867229618385
226.0   0.898358085232
226.5   0.85018925964
227.0   0.851248913879
227.5   0.928930258572
228.0   0.824175297372
228.5   0.873756329462
229.0   0.923214517563
229.5   0.789722052993
230.0   0.885833990832
230.5   0.925817212141
231.0   0.916292308768
231.5   0.876377001208
232.0   0.843444825072
232.5   0.912181529458
233.0   0.941697044753
233.5   0.886215506307
234.0   0.717721493703
234.5   0.798016519021
235.0   0.80539414943
235.5   0.697579074575
236.0   0.801055659313
236.5   0.734333396586
237.0   0.787671656996
237.5   0.7584847244
238.0   0.766858090225
238.5   0.755321741388
239.0   0.767024878404
239.5   0.792557452036
240.0   0.749031729703
240.5   0.821144146933
241.0   0.769145185614
241.5   0.801400221718
242.0   0.815505308259
242.5   0.765853366225
243.0   0.795712445195
243.5   0.808510192056
244.0   0.792385670199
244.5   0.797005802631
245.0   0.764638908586
245.5   0.77140531525
246.0   0.708572113416
246.5   0.765737513358
247.0   0.776801462143
247.5   0.810333875978
248.0   0.734584078221
248.5   0.731297252489
249.0   0.712731830575
249.5   0.737976769503
250.0   0.688339808443
250.5   0.704344482507
251.0   0.695915187712
251.5   0.668513987236
252.0   0.696529407652
252.5   0.684203062111
253.0   0.70358344902
253.5   0.721580592647
254.0   0.712427217434
254.5   0.665415921779
255.0   0.676054410898
255.5   0.658588592488
256.0   0.64354270077
256.5   0.640477593456
257.0   0.652261627733
257.5   0.606044323709
258.0   0.632943162184
258.5   0.628282081756
259.0   0.655653320283
259.5   0.606052313562
260.0   0.635834490197
260.5   0.623277437654
261.0   0.669078270596
261.5   0.664940525533
262.0   0.678705044593
262.5   0.663318585397
263.0   0.65714542531
263.5   0.667488289872
264.0   0.629090055629
264.5   0.644041067844
265.0   0.664400211731
265.5   0.663669140192
266.0   0.631499995006
266.5   0.634553117541
267.0   0.618933953879
267.5   0.602122304673
268.0   0.634872711656
268.5   0.62194213349
269.0   0.625513597731
269.5   0.625573521628
270.0   0.606933194843
270.5   0.604640107064
271.0   0.619927691831
271.5   0.585120896461
272.0   0.571769852288
272.5   0.593742946458
273.0   0.597953598929
273.5   0.599838205479
274.0   0.610306910224
274.5   0.595445783855
275.0   0.590946497948
275.5   0.600680136227
276.0   0.592001158529
276.5   0.580106265043
277.0   0.556507235811
277.5   0.508876726557
278.0   0.537569287006
278.5   0.562728335015
279.0   0.625573521628
279.5   0.665116302296
280.0   0.677260878684
280.5   0.624871413305
281.0   0.602202203202
281.5   0.572190318296
282.0   0.570324687647
282.5   0.591377950003
283.0   0.591517772429
283.5   0.546269238068
284.0   0.544314720305
284.5   0.577520548903
285.0   0.549474167807
285.5   0.543612611983
286.0   0.563099863174
286.5   0.563655157949
287.0   0.558597581072
287.5   0.531777642394
288.0   0.548166828128
288.5   0.524871413305
289.0   0.50379418139
289.5   0.529641355479
290.0   0.563099863174
290.5   0.545454273073
291.0   0.529231875518
291.5   0.546219301487
292.0   0.53516034636
292.5   0.536596522417
293.0   0.560681933944
293.5   0.561182298481
294.0   0.561174308628
294.5   0.564569996105
295.0   0.561359073976
295.5   0.537275659912
296.0   0.52889829916
296.5   0.53172570835
297.0   0.56351933045
297.5   0.563546296204
298.0   0.544797107673
298.5   0.536473678428
299.0   0.563654159218
299.5   0.566056108742
300.0   0.552504319514
300.5   0.535800533323
301.0   0.542001657894
301.5   0.546292208895
302.0   0.503369720455
302.5   0.485246736644
303.0   0.514395717439
303.5   0.511033986837
304.0   0.527456130714
304.5   0.511580293028
305.0   0.503706293008
305.5   0.500646179352
306.0   0.515893814855
306.5   0.497165599688
307.0   0.524994257293
307.5   0.532465768474
308.0   0.541904780928
308.5   0.498342105526
309.0   0.503302805437
309.5   0.489318565422
310.0   0.492772179332
310.5   0.52287794501
311.0   0.517222127898
311.5   0.508588093122
312.0   0.491808403328
312.5   0.473901145545
313.0   0.529726247665
313.5   0.523697903662
314.0   0.520227311315
314.5   0.462433709189
315.0   0.463739051405
315.5   0.501064647897
316.0   0.543349945569
316.5   0.495916186443
317.0   0.524190278347
317.5   0.494656785882
318.0   0.47629710268
318.5   0.630395397845
319.0   0.680934213549
319.5   0.561230237598
320.0   0.565508803819
320.5   0.423303404676
321.0   0.518319733938
321.5   0.556774895882
322.0   0.521192086051
322.5   0.428833381605
323.0   0.50227511061
323.5   0.519117720495
324.0   0.529862075165
324.5   0.490038650913
325.0   0.510853216415
325.5   0.524913360033
326.0   0.541423392292
326.5   0.524942323249
327.0   0.488736304893
327.5   0.470095978108
328.0   0.503851109091
328.5   0.490781707232
329.0   0.439291100303
329.5   0.453058615558
330.0   0.476443916226
330.5   0.510930118749
331.0   0.472239256145
331.5   0.450363038941
332.0   0.431500993738
332.5   0.410603533512
333.0   0.451750277148
333.5   0.472128396936
334.0   0.463486372307
334.5   0.443656556174
335.0   0.476419946668
335.5   0.520319194623
336.0   0.473794281263
336.5   0.431868526971
337.0   0.413799474667
337.5   0.425236949075
338.0   0.434246506936
338.5   0.444502481848
339.0   0.451389735037
339.5   0.463369520709
340.0   0.443109251251
340.5   0.464029682303
341.0   0.509697683941
341.5   0.47360651972
342.0   0.442628861346
342.5   0.406198128377
343.0   0.418892007151
343.5   0.440923027755
344.0   0.427791704535
344.5   0.453830635093
345.0   0.475678887812
345.5   0.432813327075
346.0   0.430586155582
346.5   0.435327134539
347.0   0.453312293387
347.5   0.462084153126
348.0   0.451635423013
348.5   0.439699581531
349.0   0.440252878844
349.5   0.433136916117
350.0   0.418735206288
350.5   0.396647257982
351.0   0.367119757907
351.5   0.359883947387
352.0   0.391135258222
352.5   0.42767085801
353.0   0.438505098525
353.5   0.391061352083
354.0   0.398024508874
354.5   0.415507305722
355.0   0.397187571784
355.5   0.409042516005
356.0   0.455151957015
356.5   0.442489038921
357.0   0.419743925215
357.5   0.409072477953
358.0   0.393735955337
358.5   0.401936540593
359.0   0.4121955117
359.5   0.410146114435
360.0   0.424371048768
360.5   0.418872032519
361.0   0.409309177345
361.5   0.42468864542
362.0   0.431259300688
362.5   0.399288903093
363.0   0.380071309437
363.5   0.397291439871
364.0   0.414835159348
364.5   0.419188630439
365.0   0.407398603773
365.5   0.42013143308
366.0   0.396095958133
366.5   0.380396895942
367.0   0.388702348018
367.5   0.400228709539
368.0   0.396914918054
368.5   0.39027235411
369.0   0.384164111578
369.5   0.387498876427
370.0   0.399371797817
370.5   0.399818230847
371.0   0.409651742287
371.5   0.453408171622
372.0   0.756259550371
372.5   1.72742616877
373.0   2.18794131453
373.5   1.29954957204
374.0   0.57610534621
374.5   0.432726437424
375.0   0.433454512769
375.5   0.592457578875
376.0   0.765894314221
376.5   0.534182588113
377.0   0.42984709419
377.5   0.448951831174
378.0   0.467819868767
378.5   0.464734786821
379.0   0.460734866719
379.5   0.423689913809
380.0   0.416038630939
380.5   0.453842619873
381.0   0.507289742028
381.5   0.505467056838
382.0   0.486028743496
382.5   0.480076303095
383.0   0.457637799994
383.5   0.442181429584
384.0   0.442579923497
384.5   0.456531205369
385.0   0.487706612602
385.5   0.48649614989
386.0   0.531307239805
386.5   0.67392911003
387.0   0.763513338061
387.5   0.685030011885
388.0   0.528417909255
388.5   0.517926233683
389.0   0.533081985878
389.5   0.505719735935
390.0   0.476779490048
390.5   0.488118090026
391.0   0.498354090305
391.5   0.510463711087
392.0   0.503369720455
392.5   0.500665155253
393.0   0.48729014152
393.5   0.472425020224
394.0   0.478322530386
394.5   0.49458088228
395.0   0.497835748599
395.5   0.505638838675
396.0   0.5057786611
396.5   0.489880851319
397.0   0.515229658334
397.5   0.515448380557
398.0   0.473263954777
398.5   0.480221119179
399.0   0.509540883078
399.5   0.532576627683
400.0   0.548166828128
400.5   0.550244189879
401.0   0.537903862095
401.5   0.545511200775
402.0   0.551538546047
402.5   0.534058745393
403.0   0.540533522427
403.5   0.533426548284
404.0   0.535642733728
404.5   0.530149709868
405.0   0.5306530706
405.5   0.527728784444
406.0   0.519265532773
406.5   0.528879323259
407.0   0.536147093192
407.5   0.531632826311
408.0   0.506741438373
408.5   0.49939876357
409.0   0.484945119698
409.5   0.500780009388
410.0   0.565508803819
410.5   0.594330200645
411.0   0.533878973703
411.5   0.486158578605
412.0   0.483620801582
412.5   0.486732849281
413.0   0.486524114375
413.5   0.502227171492
414.0   0.510593546196
414.5   0.512566041128
415.0   0.512758796329
415.5   0.507915946748
416.0   0.52263625196
416.5   0.509912411238
417.0   0.503331768654
417.5   0.500298620752
418.0   0.513003485573
418.5   0.499792263825
419.0   0.495857261278
419.5   0.500748049977
420.0   0.50288933055
420.5   0.508933654259
421.0   0.506812348318
421.5   0.511664186483
422.0   0.512521098205
422.5   0.507097985558
423.0   0.501169514716
423.5   0.5009857481
424.0   0.499034226532
424.5   0.495583608817
425.0   0.4869735436
425.5   0.476210213029
426.0   0.480249083664
426.5   0.485908895702
427.0   0.484182088747
427.5   0.498701648906
428.0   0.486028743496
428.5   0.485195801332
429.0   0.489462382774
429.5   0.471494202363
430.0   0.44917854325
430.5   0.4627752754
431.0   0.460197549113
431.5   0.457486991521
432.0   0.468833581352
432.5   0.451805207387
433.0   0.446753622899
433.5   0.535016529008
434.0   0.718687267171
434.5   0.69788568518
435.0   0.541044873011
435.5   0.464899577537
436.0   0.479959451497
436.5   0.50536918114
437.0   0.488199986018
437.5   0.470787100383
438.0   0.462280903253
438.5   0.444242811629
439.0   0.448376561767
439.5   0.444136946078
440.0   0.452696075984
440.5   0.452998691662
441.0   0.449404256594
441.5   0.457564892586
442.0   0.457753652861
442.5   0.462125101122
443.0   0.458427796698
443.5   0.466472579824
444.0   0.461557821567
444.5   0.441368462053
445.0   0.448011025997
445.5   0.447228020414
446.0   0.442292288793
446.5   0.46284318915
447.0   0.483191346989
447.5   0.476846405066
448.0   0.449082665015
448.5   0.428344003116
449.0   0.44348077941
449.5   0.456260549103
450.0   0.458330919732
450.5   0.465977208945
451.0   0.465363987736
451.5   0.466788179013
452.0   0.455487530836
452.5   0.447418778152
453.0   0.444010107164
453.5   0.447910154104
454.0   0.447734377341
454.5   0.440008189599
455.0   0.438608966612
455.5   0.436395777363
456.0   0.446626783984
456.5   0.450715591199
457.0   0.448423502152
457.5   0.445901704835
458.0   0.443446822535
458.5   0.441423392292
459.0   0.459287704615
459.5   0.454565701559
460.0   0.436414753263
460.5   0.439020444036
461.0   0.452501323319
461.5   0.44670468505
462.0   0.465267110769
462.5   0.457440051135
463.0   0.439049407253
463.5   0.435058475736
464.0   0.443350944301
464.5   0.435484934134
465.0   0.433456510232
465.5   0.441231635823
466.0   0.447540623408
466.5   0.445249533093
467.0   0.445609076473
467.5   0.449877655378
468.0   0.453609915407
468.5   0.455931966403
469.0   0.447512658923
469.5   0.439148281682
470.0   0.436944081017
470.5   0.425217973174
471.0   0.426425439692
471.5   0.424411996764
472.0   0.434487201254
472.5   0.427833651263
473.0   0.438720824553
473.5   0.431711726108
474.0   0.438582000859
474.5   0.440972964335
475.0   0.439445903702
475.5   0.431373156092
476.0   0.428803419657
476.5   0.426726057906
477.0   0.419861775545
477.5   0.4181100003
478.0   0.416761712625
478.5   0.413392990902
479.0   0.412187521847
479.5   0.414555514497
480.0   0.416278326525
480.5   0.411206767405
481.0   0.397794800603
481.5   0.410328882319
482.0   0.418928960221
482.5   0.422911901885
483.0   0.406697494182
483.5   0.400346559869
484.0   0.392291789427
484.5   0.390621910174
485.0   0.402980215127
485.5   0.563327573981
486.0   1.01974492395
486.5   1.13191247116
487.0   0.722066974942
487.5   0.42591608657
488.0   0.386945579115
488.5   0.39063189749
489.0   0.386388286876
489.5   0.388148051974
490.0   0.400430453324
490.5   0.399319863773
491.0   0.401701838665
491.5   0.397124651692
492.0   0.393640077102
492.5   0.396896940885
493.0   0.405669799355
493.5   0.405228359983
494.0   0.400190757738
494.5   0.413805467057
495.0   0.491815394449
495.5   0.932915197699
496.0   1.38920570875
496.5   1.1825281892
497.0   0.710295924176
497.5   0.455855064069
498.0   0.408139662628
498.5   0.417442847584
499.0   0.419980624607
499.5   0.46842310266
500.0   1.0
500.5   2.53195441789
501.0   3.15639138294
501.5   2.20436046221
502.0   0.88487221229
502.5   0.445199596512
503.0   0.394341186693
503.5   0.385711146844
504.0   0.378899797257
504.5   0.37426967751
505.0   0.379802650634
505.5   0.384833261758
506.0   0.382802840393
506.5   0.384684450748
507.0   0.37838644921
507.5   0.372189319564
508.0   0.371674972785
508.5   0.377112067674
509.0   0.379383183357
509.5   0.386040728275
510.0   0.379526001977
510.5   0.376058405825
511.0   0.377137035964
511.5   0.374374544329
512.0   0.347011295655
512.5   0.341189689095
513.0   0.366453603923
513.5   0.368747690433
514.0   0.360258471741
514.5   0.357050545807
515.0   0.362258931157
515.5   0.366300797987
516.0   0.369218093022
516.5   0.358792333736
517.0   0.348697154614
517.5   0.351798216265
518.0   0.36180151208
518.5   0.356329461584
519.0   0.368707741169
519.5   0.364038670888
520.0   0.368013622699
520.5   0.358359882949
521.0   0.356409360113
521.5   0.357281252809
522.0   0.355634344383
522.5   0.359221788329
523.0   0.353247375833
523.5   0.348844966892
524.0   0.348746092463
524.5   0.351536548583
525.0   0.350457918444
525.5   0.357936420746
526.0   0.368399133101
526.5   0.356827828658
527.0   0.349365306061
527.5   0.356789876856
528.0   0.358235041497
528.5   0.356138703846
529.0   0.35648226752
529.5   0.354562705364
530.0   0.359151877116
530.5   0.356430333476
531.0   0.357352162753
531.5   0.349832712455
532.0   0.3525512599
532.5   0.354127258382
533.0   0.352835898409
533.5   0.350124342086
534.0   0.344217843339
534.5   0.353980444835
535.0   0.352354509773
535.5   0.347865211182
536.0   0.356453304304
536.5   0.353394189379
537.0   0.351935042496
537.5   0.347388816203
538.0   0.354189179742
538.5   0.352787959292
539.0   0.347072218283
539.5   0.337385520389
540.0   0.342243350944
540.5   0.27378629141
541.0   0.258025307859
541.5   0.324647697424
542.0   0.298409020544
542.5   0.257807584368
543.0   0.319782875748
543.5   0.34551419697
544.0   0.342051594475
544.5   0.322634254497
545.0   0.343558680476
545.5   0.31726107843
546.0   0.303804168706
546.5   0.377114065137
547.0   0.343050326086
547.5   0.271649005763
548.0   0.246867478303
548.5   0.240586455202
549.0   0.249169554666
549.5   0.25275599988
550.0   0.256983630789
550.5   0.263666143997
551.0   0.318993877775
551.5   0.346271235531
552.0   0.35380366934
552.5   0.344654289053
553.0   0.345590100572
553.5   0.345606080278
554.0   0.334150628702
554.5   0.334589071879
555.0   0.335354100293
555.5   0.353263355538
556.0   0.369747420776
556.5   0.360352352512
557.0   0.356131712725
557.5   0.343308997573
558.0   0.316135507905
558.5   0.331779639857
559.0   0.344633315689
559.5   0.312516104547
560.0   0.320229308778
560.5   0.329266831124
561.0   0.327200455422
561.5   0.316475076653
562.0   0.312137585267
562.5   0.304090804678
563.0   0.328928261108
563.5   0.339763500355
564.0   0.333187851429
564.5   0.330614120068
565.0   0.312921589581
565.5   0.313836427737
566.0   0.31666583439
566.5   0.31977788209
567.0   0.330501263395
567.5   0.329361710628
568.0   0.320856512229
568.5   0.319692989903
569.0   0.32616377201
569.5   0.334345381366
570.0   0.33024958303
570.5   0.329968939447
571.0   0.328064358265
571.5   0.324774536339
572.0   0.30390004694
572.5   0.331800613221
573.0   0.322135887423
573.5   0.329385680186
574.0   0.324564802701
574.5   0.316830625106
575.0   0.30912640946
575.5   0.312991500794
576.0   0.32899717359
576.5   0.325154054351
577.0   0.317321002327
577.5   0.319429324758
578.0   0.298843468795
578.5   0.29952859868
579.0   0.306461793522
579.5   0.31849451197
580.0   0.320856512229
580.5   0.313068403128
581.0   0.317148221758
581.5   0.311784034276
582.0   0.327984459736
582.5   0.326690103568
583.0   0.317038361281
583.5   0.322771080727
584.0   0.32711855943
584.5   0.317546715671
585.0   0.31983980345
585.5   0.302230167687
586.0   0.322590310306
586.5   0.305272304174
587.0   0.34614040169
587.5   0.385798036494
588.0   0.404623128627
588.5   0.369169155173
589.0   0.296183846515
589.5   0.278462352812
590.0   0.307802091344
590.5   0.313050425959
591.0   0.311402518801
591.5   0.320927422174
592.0   0.314401709829
592.5   0.314564503081
593.0   0.315163742048
593.5   0.305112507116
594.0   0.306790376222
594.5   0.303227900566
595.0   0.289841900786
595.5   0.309296193834
596.0   0.312811729104
596.5   0.305704754961
597.0   0.305390154504
597.5   0.310577566491
598.0   0.306163172771
598.5   0.314165010437
599.0   0.310338869636
599.5   0.290667851828
600.0   0.30953588942
600.5   0.308186603014
601.0   0.294952410439
601.5   0.306021352882
602.0   0.302551759266
602.5   0.312428216165
603.0   0.306653549992
603.5   0.303109051505
604.0   0.284536638469
604.5   0.306419846795
605.0   0.31377051145
605.5   0.313611713124
606.0   0.305730721983
606.5   0.306656546186
607.0   0.312354310026
607.5   0.31798016519
608.0   0.300913839424
608.5   0.310481688256
609.0   0.318054071329
609.5   0.310548603274
610.0   0.30915137775
610.5   0.312791754472
611.0   0.305955436596
611.5   0.300309606799
612.0   0.303371717918
612.5   0.302958243031
613.0   0.309461983281
613.5   0.305876536798
614.0   0.303804168706
614.5   0.279879552968
615.0   0.296904930738
615.5   0.295520688725
616.0   0.293928710538
616.5   0.311707131942
617.0   0.305231356178
617.5   0.295528678578
618.0   0.28535559839
618.5   0.283464000719
619.0   0.273141110789
619.5   0.281949923597
620.0   0.287137335584
620.5   0.288817202153
621.0   0.286213508844
621.5   0.297519150679
622.0   0.28174118869
622.5   0.292641345491
623.0   0.298256214607
623.5   0.2909355119
624.0   0.299951062151
624.5   0.307792104028
625.0   0.286759815035
625.5   0.286128616657
626.0   0.293928710538
626.5   0.285707151917
627.0   0.295428805417
627.5   0.286918613361
628.0   0.272108422304
628.5   0.276791474827
629.0   0.28887113366
629.5   0.311222747111
630.0   0.326443416861
630.5   0.301730801882
631.0   0.293224604752
631.5   0.297901664886
632.0   0.288437684141
632.5   0.271608057767
633.0   0.279467076812
633.5   0.285071958613
634.0   0.295567629111
634.5   0.291889300588
635.0   0.297510162094
635.5   0.286352332538
636.0   0.28636631478
636.5   0.293021862235
637.0   0.290804678059
637.5   0.284115173729
638.0   0.284102190218
638.5   0.287713603723
639.0   0.287423971556
639.5   0.283902443896
640.0   0.279285307659
640.5   0.264879602904
641.0   0.266037132841
641.5   0.270873990033
642.0   0.272301177505
642.5   0.273321881211
643.0   0.276576747531
643.5   0.278224654689
644.0   0.287908356387
644.5   0.273013273143
645.0   0.273618504499
645.5   0.269207106974
646.0   0.273552588213
646.5   0.279853585946
647.0   0.297106674523
647.5   0.280081296753
648.0   0.283523924616
648.5   0.280032358904
649.0   0.27061831474
649.5   0.261736594525
650.0   0.258814305832
650.5   0.26561466937
651.0   0.277876097356
651.5   0.276721563614
652.0   0.272928380956
652.5   0.2690373226
653.0   0.27798995276
653.5   0.27986257453
654.0   0.292774176795
654.5   0.328727516055
655.0   0.385469453794
655.5   0.738786740839
656.0   2.24228230148
656.5   2.84606549682
657.0   1.67334485204
657.5   0.497701918563
658.0   0.448890908546
658.5   0.529982921689
659.0   0.422480449829
659.5   0.298851458648
660.0   0.269314969988
660.5   0.262525592498
661.0   0.266881061052
661.5   0.26286815744
662.0   0.259921899188
662.5   0.266297801792
663.0   0.256955666304
663.5   0.268154443856
664.0   0.261704635113
664.5   0.256998611763
665.0   0.257188370769
665.5   0.265609675712
666.0   0.271387338081
666.5   0.277479600907
667.0   0.273194043565
667.5   0.286870674244
668.0   0.273504649096
668.5   0.275501113586
669.0   0.265514796209
669.5   0.261605760684
670.0   0.235065466857
670.5   0.258342904511
671.0   0.325828198188
671.5   0.483543899248
672.0   0.493735955337
672.5   0.402308068753
673.0   0.433151897091
673.5   0.403814156022
674.0   0.295037302626
674.5   0.248021013313
675.0   0.249319364407
675.5   0.242010646479
676.0   0.255730222617
676.5   0.243459806046
677.0   0.238124581781
677.5   0.231604861825
678.0   0.248119887743
678.5   0.246018556433
679.0   0.256445314451
679.5   0.266845106714
680.0   0.248842969429
680.5   0.249119618085
681.0   0.247681444565
681.5   0.231861535849
682.0   0.250191257103
682.5   0.247375832692
683.0   0.231400121845
683.5   0.228708540154
684.0   0.22856372407
684.5   0.233566370709
685.0   0.234411297652
685.5   0.258220060523
686.0   0.249469174149
686.5   0.248516384192
687.0   0.255644331699
687.5   0.248384551619
688.0   0.238149550071
688.5   0.259502431911
689.0   0.253262356807
689.5   0.248374564303
690.0   0.23400681135
690.5   0.236785282691
691.0   0.223575059674
691.5   0.242299279915
692.0   0.259825022222
692.5   0.241206667532
693.0   0.254328003436
693.5   0.263839923297
694.0   0.266713274142
694.5   0.24217843339
695.0   0.245781857042
695.5   0.252806935192
696.0   0.266424640706
696.5   0.266577446643
697.0   0.262275909595
697.5   0.222232764389
698.0   0.214642404147
698.5   0.239575738812
699.0   0.230693019865
699.5   0.252203701299
700.0   0.254381934943
700.5   0.265380966173
701.0   0.234318415612
701.5   0.249910613521
702.0   0.245856761912
702.5   0.238094619833
703.0   0.241274581282
703.5   0.244436565562
704.0   0.251107093991
704.5   0.247534631019
705.0   0.233795080248
705.5   0.2433319684
706.0   0.251010217024
706.5   0.258872232265
707.0   0.255522486442
707.5   0.241438373266
708.0   0.239064388227
708.5   0.239900326585
709.0   0.235822505418
709.5   0.234647997044
710.0   0.238534061742
710.5   0.242195411827
711.0   0.247218033098
711.5   0.235317147223
712.0   0.234537137835
712.5   0.239088357786
713.0   0.259463481379
713.5   0.322651232934
714.0   0.316135507905
714.5   0.249208505198
715.0   0.220604831864
715.5   0.225698363079
716.0   0.232176136307
716.5   0.250280144217
717.0   0.241564213449
717.5   0.22842689784
718.0   0.230491276079
718.5   0.230351453654
719.0   0.23452814925
719.5   0.23788189
720.0   0.22981613351
720.5   0.212538076643
721.0   0.213499855184
721.5   0.220517942213
722.0   0.201925554546
722.5   0.213542800643
723.0   0.230983650764
723.5   0.230186662938
724.0   0.214449648946
724.5   0.209605800633
725.0   0.217749458188
725.5   0.214660381316
726.0   0.22586614999
726.5   0.237318605371
727.0   0.232633555385
727.5   0.241795919183
728.0   0.252937769033
728.5   0.245383363129
729.0   0.230400391503
729.5   0.236089166758
730.0   0.23607818071
730.5   0.231935441989
731.0   0.235280194153
731.5   0.233223805767
732.0   0.24339988215
732.5   0.267571184596
733.0   0.243857301227
733.5   0.251996963856
734.0   0.2624277168
734.5   0.235785552349
735.0   0.229178942743
735.5   0.243268049577
736.0   0.23400681135
736.5   0.235529877056
737.0   0.233772109421
737.5   0.212104627124
738.0   0.207994846545
738.5   0.219450298121
739.0   0.226929799155
739.5   0.231931447062
740.0   0.207994846545
740.5   0.196532403847
741.0   0.228579703776
741.5   0.238665894314
742.0   0.230104766946
742.5   0.213918323729
743.0   0.219233573362
743.5   0.225948045982
744.0   0.211559319664
744.5   0.227569986118
745.0   0.23108052773
745.5   0.223085681185
746.0   0.215075853666
746.5   0.217369940176
747.0   0.214877106075
747.5   0.231748679177
748.0   0.263149799754
748.5   0.243862294885
749.0   0.227434158619
749.5   0.24392721244
750.0   0.244892985908
750.5   0.228616656846
751.0   0.238882619074
751.5   0.201071639018
752.0   0.215268608867
752.5   0.218372666713
753.0   0.207902963237
753.5   0.241592177934
754.0   0.214883098465
754.5   0.240818160936
755.0   0.215265612672
755.5   0.19615588203
756.0   0.21416101551
756.5   0.218478532264
757.0   0.238796728155
757.5   0.3592966932
758.0   0.327454133251
758.5   0.203852107823
759.0   0.212842689784
759.5   0.241597171592
760.0   0.218785142869
760.5   0.209302186223
761.0   0.241158728415
761.5   0.262880142219
762.0   0.244940925025
762.5   0.240288833182
763.0   0.259581331709
763.5   0.256995615568
764.0   0.21016209414
764.5   0.208634034776
765.0   0.211257702718
765.5   0.216280323989
766.0   0.208091723511
766.5   0.201869625576
767.0   0.219792863064
767.5   0.215457369141
768.0   0.210644481508
768.5   0.21625036204
769.0   0.219472270217
769.5   0.225214976979
770.0   0.212090644881
770.5   0.211257702718
771.0   0.210733368622
771.5   0.20070710198
772.0   0.212426218702
772.5   0.215211681165
773.0   0.211335603783
773.5   0.213438932556
774.0   0.217244099993
774.5   0.207654279066
775.0   0.222729134
775.5   0.228851358774
776.0   0.218062061182
776.5   0.220201344293
777.0   0.215417419877
777.5   0.207331688755
778.0   0.200673145106
778.5   0.208284478712
779.0   0.20811569307
779.5   0.220119448301
780.0   0.20789896831
780.5   0.206391882309
781.0   0.206576647657
781.5   0.215417419877
782.0   0.20789896831
782.5   0.209214297842
783.0   0.214473618504
783.5   0.205445084742
784.0   0.201781737194
784.5   0.210683432041
785.0   0.217095288983
785.5   0.204556213609
786.0   0.206308987586
786.5   0.204702028424
787.0   0.207035065467
787.5   0.211087918344
788.0   0.20727276359
788.5   0.204602155263
789.0   0.200531325217
789.5   0.209943371918
790.0   0.205586904631
790.5   0.204030880781
791.0   0.194805596892
791.5   0.193447321901
792.0   0.201587983261
792.5   0.199385780059
793.0   0.20076902334
793.5   0.202043404876
794.0   0.194700730073
794.5   0.2054500784
795.0   0.197819768894
795.5   0.196047020284
796.0   0.201203471591
796.5   0.201427187472
797.0   0.20598939347
797.5   0.202043404876
798.0   0.190172480949
798.5   0.193464300339
799.0   0.193613111349
799.5   0.199456690004
800.0   0.189546276229
800.5   0.200273652461
801.0   0.197313411967
801.5   0.211039979226
802.0   0.204912760794
802.5   0.200588252919
803.0   0.195705454073
803.5   0.205503011176
804.0   0.185933863993
804.5   0.204545227561
805.0   0.199941074835
805.5   0.201678867838
806.0   0.208381355678
806.5   0.205618864043
807.0   0.189488349796
807.5   0.20946098455
808.0   0.198313142309
808.5   0.201466138005
809.0   0.187200255675
809.5   0.188180011386
810.0   0.194603853107
810.5   0.206678518282
811.0   0.201955516494
811.5   0.206270037053
812.0   0.185211781038
812.5   0.149931586885
813.0   0.153536009268
813.5   0.15855263815
814.0   0.182946657745
814.5   0.189258641525
815.0   0.195152156761
815.5   0.207470512449
816.0   0.187186273433
816.5   0.207593356437
817.0   0.19060093681
817.5   0.18422703167
818.0   0.188005233354
818.5   0.184329901026
819.0   0.190362239955
819.5   0.181102999191
820.0   0.193255565432
820.5   0.179336242971
821.0   0.179872561846
821.5   0.190445134679
822.0   0.192532483746
822.5   0.192844088008
823.0   0.174465428905
823.5   0.178079838605
824.0   0.181743186154
824.5   0.175680885276
825.0   0.186138603973
825.5   0.188825192006
826.0   0.180683531914
826.5   0.170446532903
827.0   0.19135697664
827.5   0.185993787889
828.0   0.189546276229
828.5   0.170590350255
829.0   0.212693878774
829.5   0.198292168945
830.0   0.181405614869
830.5   0.166689304583
831.0   0.182028823394
831.5   0.184435766576
832.0   0.159921899188
832.5   0.177302825412
833.0   0.173911132861
833.5   0.160542111518
834.0   0.157031569906
834.5   0.172849481159
835.0   0.176665634644
835.5   0.184091204171
836.0   0.180683531914
836.5   0.174723101661
837.0   0.174359563355
837.5   0.173852207696
838.0   0.17533632287
838.5   0.174786021752
839.0   0.16761113386
839.5   0.177879093551
840.0   0.186077681345
840.5   0.19352722043
841.0   0.17728285078
841.5   0.160247485693
842.0   0.178563224705
842.5   0.353040638389
843.0   0.24707022082
843.5   0.209290201444
844.0   0.230827848632
844.5   0.228546745633
845.0   0.210709399063
845.5   0.221763360532
846.0   0.234922648237
846.5   0.217857321202
847.0   0.227543020364
847.5   0.19963446423
848.0   0.153226402469
848.5   0.176963256664
849.0   0.156712974522
849.5   0.182781867029
850.0   0.158476734547
850.5   0.176230187662
851.0   0.186615997683
851.5   0.160859708171
852.0   0.157224325107
852.5   0.188231945429
853.0   0.159814036174
853.5   0.183809561856
854.0   0.179864571994
854.5   0.165644631318
855.0   0.173578555235
855.5   0.163337561297
856.0   0.175769772389
856.5   0.151867128746
857.0   0.170947896172
857.5   0.187024478912
858.0   0.181309736634
858.5   0.172474956805
859.0   0.164809691692
859.5   0.179966442618
860.0   0.182658024309
860.5   0.173055219871
861.0   0.19245458268
861.5   0.167607138934
862.0   0.190076602715
862.5   0.171937639198
863.0   0.185372576827
863.5   0.186231486013
864.0   0.167629111029
864.5   0.179169454792
865.0   0.195306960161
865.5   0.164838654908
866.0   0.184391822386
866.5   0.166627383223
867.0   0.156586135608
867.5   0.17401599968
868.0   0.186029742227
868.5   0.184505677789
869.0   0.185321641515
869.5   0.179390174478
870.0   0.186560068713
870.5   0.172807534431
871.0   0.190667851828
871.5   0.168517982163
872.0   0.1874759056
872.5   0.164551020204
873.0   0.187677649385
873.5   0.182022831005
874.0   0.159826020953
874.5   0.168052573232
875.0   0.172481947926
875.5   0.156350434948
876.0   0.164883597831
876.5   0.194057546915
877.0   0.166504539235
877.5   0.158938148551
878.0   0.162715351504
878.5   0.192488539555
879.0   0.186609006562
879.5   0.214021193085
880.0   0.166425639438
880.5   0.197008798825
881.0   0.191376951272
881.5   0.173650463911
882.0   0.164113575759
882.5   0.18569017348
883.0   0.16483965364
883.5   0.141168715731
884.0   0.168352192715
884.5   0.188659402559
885.0   0.165394948416
885.5   0.166468584897
886.0   0.152840892067
886.5   0.185511400521
887.0   0.187270166888
887.5   0.190293327474
888.0   0.176877365746
888.5   0.165991191187
889.0   0.171210562586
889.5   0.151970996834
890.0   0.182995595594
890.5   0.155780159198
891.0   0.162092142978
891.5   0.153311294656
892.0   0.194700730073
892.5   0.138194492994
893.0   0.195175127588
893.5   0.183057516953
894.0   0.199517612632
894.5   0.189791964205
895.0   0.188073147103
895.5   0.139684600557
896.0   0.179479061592
896.5   0.160411277677
897.0   0.166961958313
897.5   0.160828747491
898.0   0.173072198308
898.5   0.187877395707
899.0   0.167587164301
899.5   0.151941034886
900.0   0.203563474388
900.5   0.162106125221
901.0   0.164236419747
901.5   0.175843678528
902.0   0.194170403587
902.5   0.170373625496
903.0   0.142263325577
903.5   0.170040049138
904.0   0.173891158229
904.5   0.186621990073
905.0   0.177539524803
905.5   0.178977698323
906.0   0.248024009508
906.5   0.322867957694
907.0   0.434079718757
907.5   0.402146274232
908.0   0.263003984939
908.5   0.1497677949
909.0   0.168828587694
909.5   0.154538735806
910.0   0.163004983671
910.5   0.158233044034
911.0   0.187524843449
911.5   0.145756888751
912.0   0.174854934234
912.5   0.145260519141
913.0   0.175676890349
913.5   0.199688395737
914.0   0.157947406793
914.5   0.142257333187
915.0   0.161674673165
915.5   0.135700660162
916.0   0.132417829357
916.5   0.206802361002
917.0   0.15177624417
917.5   0.143861296154
918.0   0.143015370479
918.5   0.121097206548
919.0   0.13987835449
919.5   0.126178752984
920.0   0.150337071919
920.5   0.120417070321
921.0   0.155175926573
921.5   0.155845076753
922.0   0.185644231826
922.5   0.155958932156
923.0   0.165094330201
923.5   0.134558111199
924.0   0.164113575759
924.5   0.176940285837
925.0   0.13656156681
925.5   0.133086979536
926.0   0.141280573671
926.5   0.167577176985
927.0   0.138684870215
927.5   0.180726477374
928.0   0.140172980315
928.5   0.165021422793
929.0   0.157493982642
929.5   0.151283869486
930.0   0.170712195512
930.5   0.20357745663
931.0   0.152051894095
931.5   0.180065317047
932.0   0.212523095669
932.5   0.18231745683
933.0   0.156952670109
933.5   0.187332088248
934.0   0.194266281822
934.5   0.158302955247
935.0   0.132118209873
935.5   0.206618594385
936.0   0.133766117031
936.5   0.166891048369
937.0   0.131032588612
937.5   0.172578824892
938.0   0.160211531355
938.5   0.1795709449
939.0   0.173369820328
939.5   0.157792603394
940.0   0.15592397655
940.5   0.403175966523
941.0   0.212551060154
941.5   0.141116781687
942.0   0.200481388636
942.5   0.204523255466
943.0   0.163057916446
943.5   0.146614799205
944.0   0.16054910264
944.5   0.153248374564
945.0   0.133248774057
945.5   0.198547844238
946.0   0.104527250392
946.5   0.147438752784
947.0   0.197508164631
947.5   0.177749258442
948.0   0.163631188391
948.5   0.164218442578
949.0   0.136422743116
949.5   0.146916416151
950.0   0.166425639438
950.5   0.186144596363
951.0   0.139670618315
951.5   0.192062081157
952.0   0.233621300948
952.5   0.324480909245
953.0   0.486259450498
953.5   0.648405524983
954.0   0.4181100003
954.5   0.214449648946
955.0   0.238221458747
955.5   0.13170673245
956.0   0.140654368951
956.5   0.137295634544
957.0   0.109480959182
957.5   0.16472180331
958.0   0.171964604952
958.5   0.186952570236
959.0   0.142726737044
959.5   0.144657285248
960.0   0.139209204311
960.5   0.167856821836
961.0   0.119015849871
961.5   0.16444315719
962.0   0.109200315599
962.5   0.138131572902
963.0   0.145068762671
963.5   0.126307589362
964.0   0.150963276639
964.5   0.154484804299
965.0   0.105899507625
965.5   0.167598150349
966.0   0.176395977109
966.5   0.151957014591
967.0   0.151893095768
967.5   0.140609426029
968.0   0.123362329841
968.5   0.138905589901
969.0   0.197898668691
969.5   0.126609206308
970.0   0.133477483596
970.5   0.139024438963
971.0   0.155290780709
971.5   0.126939786471
972.0   0.179671816793
972.5   0.125616467087
973.0   0.178327524044
973.5   0.230227610934
974.0   0.148072947357
974.5   0.151327813677
975.0   0.160395297972
975.5   0.130639088358
976.0   0.159921899188
976.5   0.224820477993
977.0   0.183197339379
977.5   0.113111348587
978.0   0.0811651202972
978.5   0.119825821207
979.0   0.168328223157
979.5   0.143814355768
980.0   0.121434777832
980.5   0.120834540134
981.0   0.145702957244
981.5   0.134147632507
982.0   0.121820288234
982.5   0.120118449569
983.0   0.134202562745
983.5   0.140738262407
984.0   0.183765617666
984.5   0.162644441559
985.0   0.118454562705
985.5   0.104960699911
986.0   0.133139912311
986.5   0.116118529468
987.0   0.137980764429
987.5   0.161084422783
988.0   0.159633265752
988.5   0.12698872432
989.0   0.119340437644
989.5   0.111214757258
990.0   0.14653090575
990.5   0.170665255126
991.0   0.1471201574
991.5   0.156372407043
992.0   0.157466018157
992.5   0.127483096467
993.0   0.146157380127
993.5   0.190065616667
994.0   0.17032668511
994.5   0.125246936391
