115.0   11.5481277156
115.5   11.7254703998
116.0   9.11256542929
116.5   8.4388915932
117.0   7.51221446986
117.5   6.79210661795
118.0   7.09639164829
118.5   6.36027828358
119.0   4.4999128611
119.5   3.49106475722
120.0   2.6377846287
120.5   1.40878760745
121.0   0.809077669806
121.5   0.845543796812
122.0   1.43517366682
122.5   2.57322171541
123.0   4.04811269163
123.5   5.69247380324
124.0   6.91255861844
124.5   7.14384729258
125.0   7.17183190005
125.5   6.65350568807
126.0   5.71739352528
126.5   6.27368024631
127.0   7.22423543128
127.5   7.55804752776
128.0   8.10437837914
128.5   8.10586074202
129.0   7.37992359822
129.5   6.40276600902
130.0   5.42192254454
130.5   5.07839496157
131.0   6.40080287979
131.5   8.00522032119
132.0   8.11559626044
132.5   7.55111647967
133.0   6.81746704247
133.5   6.6340146193
134.0   7.66139225926
134.5   7.9355292336
135.0   7.87146711859
135.5   7.76792206778
136.0   7.37379382736
136.5   7.03026624439
137.0   7.00242186045
137.5   7.07595907877
138.0   7.08871941875
138.5   7.0427862012
139.0   6.88613650158
139.5   6.77101299471
140.0   6.73279207056
140.5   6.6773837497
141.0   6.51169964924
141.5   6.51991274091
142.0   6.64669483156
142.5   6.80178204057
143.0   6.73533612578
143.5   6.70917442403
144.0   6.92007059252
144.5   7.07762172904
145.0   7.21948786365
145.5   7.26670312478
146.0   7.13148759122
146.5   6.87375676829
147.0   6.76396175504
147.5   6.69601344543
148.0   6.67796467569
148.5   6.73649797778
149.0   6.87892500646
149.5   6.87982644335
150.0   6.7385212028
150.5   6.50450818605
151.0   6.28303515804
151.5   6.34062695937
152.0   6.4092363227
152.5   6.08612127732
153.0   5.92891068363
153.5   5.97095770658
154.0   6.18241476914
154.5   6.18806377366
155.0   6.13397756023
155.5   6.09213085659
156.0   5.91659104613
156.5   5.87426357614
157.0   5.82155956595
157.5   5.844155584
158.0   5.92903087522
158.5   6.01292460182
159.0   5.95024469004
159.5   5.78347886531
160.0   5.56240647592
160.5   5.4217021933
161.0   5.45481497507
161.5   5.56737439479
162.0   5.51178578654
162.5   5.43558432141
163.0   5.39093314744
163.5   5.36136601743
164.0   5.28826950159
164.5   5.27532887423
165.0   5.16166769831
165.5   4.96257033712
166.0   4.97511032586
166.5   5.04229742209
167.0   4.97699332736
167.5   5.14724470806
168.0   5.31124612633
168.5   5.28528474388
169.0   5.25928329758
169.5   5.27611011953
170.0   5.22769294255
170.5   5.03546653365
171.0   4.85998681899
171.5   4.72825684141
172.0   4.59260060536
172.5   4.63166287062
173.0   4.78041998946
173.5   4.87404923448
174.0   4.94414096069
174.5   4.94526274882
175.0   4.8977269768
175.5   4.90828380438
176.0   4.7998910263
176.5   4.79927003644
177.0   4.80980683209
177.5   4.74576474901
178.0   4.77074456684
178.5   4.59494434128
179.0   4.48849466049
179.5   4.81022750264
180.0   4.94097591561
180.5   4.86068793657
181.0   4.84089638884
181.5   4.83787156728
182.0   4.81447427199
182.5   4.74432244999
183.0   4.61547707045
183.5   4.50884710228
184.0   4.4064238396
184.5   4.32385222044
185.0   4.19248281761
185.5   4.0927638656
186.0   4.17745886944
186.5   4.3266166269
187.0   4.45051411951
187.5   4.44143965481
188.0   4.30658469601
188.5   4.17449414367
189.0   4.08549227469
189.5   4.09987520107
190.0   4.12741910606
190.5   4.09066051286
191.0   4.03763599177
191.5   3.96672295639
192.0   3.90189962801
192.5   3.86974837892
193.0   3.938718317
193.5   3.98080540381
194.0   4.02293255449
194.5   4.06630168489
195.0   4.02551667358
195.5   3.92709979708
196.0   3.85035746981
196.5   3.8534624191
197.0   3.87635891611
197.5   3.89925541313
198.0   3.89436762199
198.5   3.89607033612
199.0   3.87695987404
199.5   3.68747783968
200.0   3.56672536022
200.5   3.56960995827
201.0   3.61185730054
201.5   3.72820275519
202.0   3.76926821353
202.5   3.76996933111
203.0   3.73948073229
203.5   3.65863185918
204.0   3.60987413938
204.5   3.59593191547
205.0   3.60260254846
205.5   3.63032674082
206.0   3.51792757656
206.5   3.5320901517
207.0   3.63379226487
207.5   3.70708910003
208.0   3.7248373908
208.5   3.66347958646
209.0   3.63759833174
209.5   3.5405836904
210.0   3.39533215946
210.5   3.40218307983
211.0   3.5046664383
211.5   3.54374873548
212.0   3.50126101005
212.5   3.50987474034
213.0   3.58601610968
213.5   3.40847310613
214.0   3.2219958614
214.5   3.22566170476
215.0   3.22247662774
215.5   3.29967968942
216.0   3.37325697161
216.5   3.26318151133
217.0   3.14012535982
217.5   3.10591082185
218.0   3.08880355286
218.5   3.13051003299
219.0   3.22353832008
219.5   3.21137893803
220.0   3.12640348716
220.5   3.05042237326
221.0   2.9588363852
221.5   2.91198169883
222.0   2.87251879496
222.5   2.82786762099
223.0   2.87926955567
223.5   2.93321554558
224.0   2.91198169883
224.5   2.82163769048
225.0   2.80757527499
225.5   2.84930178705
226.0   2.8124430342
226.5   2.81358485426
227.0   2.85481056805
227.5   2.93071155422
228.0   2.93125241635
228.5   2.89801944299
229.0   2.91638872363
229.5   2.89116852263
230.0   2.8598385827
230.5   2.86200203124
231.0   2.83151343241
231.5   2.81106083096
232.0   2.77578460065
232.5   2.73882568815
233.0   2.65889828386
233.5   2.61028078758
234.0   2.57053743667
234.5   2.6018673766
235.0   2.64002820496
235.5   2.63762437325
236.0   2.64814113697
236.5   2.61194343784
237.0   2.52318195203
237.5   2.53836615565
238.0   2.54004883785
238.5   2.48013333253
239.0   2.40887975433
239.5   2.42949261122
240.0   2.49555791932
240.5   2.48143540804
241.0   2.39686059579
241.5   2.37833105971
242.0   2.48327834568
242.5   2.55571380781
243.0   2.58417918162
243.5   2.5080578442
244.0   2.42780992903
244.5   2.47881122509
245.0   2.51979655571
245.5   2.56302546259
246.0   2.59744031987
246.5   2.54972426047
247.0   2.47821026717
247.5   2.44934425474
248.0   2.44495726188
248.5   2.44057026901
249.0   2.42897178102
249.5   2.44233307893
250.0   2.47310212479
250.5   2.47558608422
251.0   2.45266955527
251.5   2.46246516948
252.0   2.47059813342
252.5   2.44842278592
253.0   2.42194057327
253.5   2.43273778403
254.0   2.40545429414
254.5   2.35709721296
255.0   2.41046227687
255.5   2.43914800192
256.0   2.43860713978
256.5   2.44842278592
257.0   2.48810604103
257.5   2.42881152557
258.0   2.19511901972
258.5   2.14225475408
259.0   2.34045067838
259.5   2.48508121946
260.0   2.4477617322
260.5   2.37450496091
261.0   2.39281414575
261.5   2.40877959467
262.0   2.41250553382
262.5   2.40861933923
263.0   2.35465331739
263.5   2.38205699886
264.0   2.43576260559
264.5   2.41739332496
265.0   2.42859117433
265.5   2.44674010373
266.0   2.40142787603
266.5   2.33269832112
267.0   2.28612408179
267.5   2.29605991951
268.0   2.32079935417
268.5   2.33037461714
269.0   2.31543079669
269.5   2.27947348073
270.0   2.27077962272
270.5   2.28740612536
271.0   2.22799141832
271.5   2.20219029132
272.0   2.21446986496
272.5   2.1917336234
273.0   2.22148104078
273.5   2.28119622679
274.0   2.270118569
274.5   2.2205195081
275.0   2.17388517297
275.5   2.11545203054
276.0   2.12602889005
276.5   2.16623297536
277.0   2.16138524809
277.5   2.14183408353
278.0   2.14966656851
278.5   2.1165938506
279.0   2.11344883745
279.5   2.10323255269
280.0   2.01525231219
280.5   2.03530427501
281.0   2.08332081338
281.5   2.12206256773
282.0   2.19127288899
282.5   2.1818178176
283.0   2.08738729535
283.5   2.03278025172
284.0   2.03504385991
284.5   2.05271202296
285.0   2.09175425628
285.5   2.06731530059
286.0   2.04343723896
286.5   2.07492743433
287.0   2.08328074951
287.5   2.06483134116
288.0   2.0660933528
288.5   2.08486327206
289.0   2.08265975966
289.5   2.08003557671
290.0   2.08522384681
290.5   2.07344507144
291.0   2.08237931262
291.5   2.12484700613
292.0   2.12795195542
292.5   2.07963493809
293.0   2.04021209808
293.5   2.03838919237
294.0   2.03143811235
294.5   2.05040835091
295.0   2.03768807479
295.5   2.05703892004
296.0   2.09235521421
296.5   2.05331298089
297.0   2.00814097672
297.5   2.00731966755
298.0   2.02628990611
298.5   2.01575311046
299.0   1.99273842505
299.5   1.9858834983
300.0   1.97534670264
300.5   1.97969763804
301.0   2.00780043389
301.5   1.98956136081
302.0   1.95188730837
302.5   1.92200768024
303.0   1.90645488909
303.5   1.89734236373
304.0   1.87852637104
304.5   1.87967620387
305.0   1.88382481676
305.5   1.89502266613
306.0   1.87152521119
306.5   1.84342241533
307.0   1.83925978009
307.5   1.85454214017
308.0   1.87127481205
308.5   1.85572803048
309.0   1.88853432371
309.5   1.96539483937
310.0   1.97082148945
310.5   1.92674322871
311.0   1.87929559718
311.5   1.80744306424
312.0   1.77048415174
312.5   1.80546190628
313.0   1.8767094749
313.5   1.90901897625
314.0   1.91042922418
314.5   1.8716654347
315.0   1.86651322208
315.5   1.83449618692
316.0   1.77873931046
316.5   1.78586266509
317.0   1.82016534356
317.5   1.80869105354
318.0   1.77763354788
318.5   1.81452435182
319.0   1.86753284736
319.5   1.85355055959
320.0   1.77493724998
320.5   1.76791004862
321.0   1.78789790927
321.5   1.79818831217
322.0   1.80142346901
322.5   1.80729683115
323.0   1.81070826898
323.5   1.80457849813
324.0   1.79237304263
324.5   1.77896166489
325.0   1.76224702175
325.5   1.74076277586
326.0   1.72171641597
326.5   1.71132585341
327.0   1.70440682448
327.5   1.69334719543
328.0   1.67603159436
328.5   1.65576729307
329.0   1.64371808663
329.5   1.64585950004
330.0   1.64760828761
330.5   1.63614000717
331.0   1.62348183004
331.5   1.62360402482
332.0   1.63048699627
332.5   1.6338403415
333.0   1.63279066833
333.5   1.62988002877
334.0   1.62657476017
334.5   1.62284281144
335.0   1.61637450095
335.5   1.60649475264
336.0   1.59886459016
336.5   1.59860217186
337.0   1.60299918069
337.5   1.60694346789
338.0   1.60710372333
338.5   1.60257450376
339.0   1.59670915439
339.5   1.592358219
340.0   1.58700368387
340.5   1.5776607913
341.0   1.56556751462
341.5   1.55282920976
342.0   1.5395981194
342.5   1.52676967086
343.0   1.51893518268
343.5   1.51833823114
344.0   1.51759104012
344.5   1.51034749391
345.0   1.50235074709
345.5   1.49995492816
346.0   1.49899339547
346.5   1.49389526906
347.0   1.48616294373
347.5   1.47894343584
348.0   1.47233890822
348.5   1.46613301603
349.0   1.46235699705
349.5   1.46199241591
350.0   1.46104089919
350.5   1.45609501545
351.0   1.45135946699
351.5   1.44925811744
352.0   1.44434628798
352.5   1.42863524458
353.0   1.42924822167
353.5   1.43590282911
354.0   1.43843486518
354.5   1.44046409978
355.0   1.43147977877
355.5   1.40933047277
356.0   1.39846715665
356.5   1.39848919177
357.0   1.39023603624
357.5   1.37690077984
358.0   1.36419853246
358.5   1.36357153302
359.0   1.3635775426
359.5   1.35037249376
360.0   1.35665651048
360.5   1.35657237637
361.0   1.34754598831
361.5   1.33207532807
362.0   1.33661857
362.5   1.33054689175
363.0   1.31217360473
363.5   1.31279259139
364.0   1.3236899618
364.5   1.32801084929
365.0   1.32567312296
365.5   1.31811307224
366.0   1.3210798012
366.5   1.31683503505
367.0   1.30677700254
367.5   1.31945120522
368.0   1.31048290976
368.5   1.31071528016
369.0   1.30820127283
369.5   1.30500818304
370.0   1.30602380194
370.5   1.30902658838
371.0   1.30702740168
371.5   1.32145239512
372.0   1.32490389681
372.5   1.35000590942
373.0   1.40837294648
373.5   1.37316282154
374.0   1.49476665805
374.5   1.52219838422
375.0   1.37548852871
375.5   1.44573049441
376.0   1.58646282174
376.5   1.52717631905
377.0   1.39934255203
377.5   1.5391934744
378.0   1.76954465418
378.5   1.82610481107
379.0   1.72955491053
379.5   1.48381920782
380.0   1.46134738774
380.5   1.70548854875
381.0   1.87751876491
381.5   1.88538330098
382.0   1.83354266701
382.5   1.8222126069
383.0   1.65912264149
383.5   1.4739975521
384.0   1.64096169294
384.5   1.85825205377
385.0   1.95691532302
385.5   2.00770027424
386.0   2.01096547897
386.5   1.96192931533
387.0   1.9103951699
387.5   1.88814370106
388.0   1.75633159256
388.5   1.48626110019
389.0   1.40930042488
389.5   1.66130411877
390.0   1.876274782
390.5   1.9638784222
391.0   1.99103971731
391.5   1.9743150582
392.0   1.93591184348
392.5   1.91445964868
393.0   1.89613443829
393.5   1.90084594844
394.0   1.93624837992
394.5   1.95027674113
395.0   1.92002852547
395.5   1.86567388417
396.0   1.74421828394
396.5   1.49689004273
397.0   1.3551140518
397.5   1.55660723193
398.0   1.78458062151
398.5   1.89141291218
399.0   1.90434152038
399.5   1.90666121798
400.0   1.90168528635
400.5   1.87177360713
401.0   1.85322203593
401.5   1.8506479328
402.0   1.80086858452
402.5   1.71411029181
403.0   1.74476715885
403.5   1.79840666022
404.0   1.81485688187
404.5   1.81596464765
405.0   1.81061211571
405.5   1.80137539238
406.0   1.79725482419
406.5   1.7879760338
407.0   1.76238724527
407.5   1.73320873472
408.0   1.72632376007
408.5   1.70422052752
409.0   1.63944327258
409.5   1.46850079026
410.0   1.26449961238
410.5   1.31619601645
411.0   1.53181771744
411.5   1.64803496774
412.0   1.68062491612
412.5   1.69510199258
413.0   1.70108753353
413.5   1.6982850664
414.0   1.65849363886
414.5   1.64959745835
415.0   1.70003185077
415.5   1.7220830003
416.0   1.71830497814
416.5   1.70348335246
417.0   1.70070292046
417.5   1.71018603654
418.0   1.70737555664
418.5   1.70395810923
419.0   1.69791247248
419.5   1.69851743679
420.0   1.69643812237
420.5   1.70197895445
421.0   1.70452701606
421.5   1.70735151832
422.0   1.69648820219
422.5   1.68516415166
423.0   1.68403234756
423.5   1.68640613137
424.0   1.68403034437
424.5   1.6763981787
425.0   1.6596995611
425.5   1.64527256447
426.0   1.63314122712
426.5   1.61052317394
427.0   1.61349991887
427.5   1.63368409244
428.0   1.63479586461
428.5   1.64026458174
429.0   1.64385230057
429.5   1.64508626751
430.0   1.62437525416
430.5   1.60114422389
431.0   1.58943956667
431.5   1.58051734465
432.0   1.56041730518
432.5   1.53759292312
433.0   1.46394552917
433.5   1.29477987913
434.0   1.14307806644
434.5   1.22879269556
435.0   1.40198676691
435.5   1.49290569167
436.0   1.52273724317
436.5   1.51955216615
437.0   1.51795562126
437.5   1.52131297288
438.0   1.5152493074
438.5   1.47758927731
439.0   1.45603091328
439.5   1.49308597905
440.0   1.50398334946
440.5   1.49665366594
441.0   1.48978271365
441.5   1.47468865371
442.0   1.44953255489
442.5   1.42437645607
443.0   1.40610332871
443.5   1.40938656218
444.0   1.4164257827
444.5   1.42692251449
445.0   1.44059430733
445.5   1.43923413922
446.0   1.42784198012
446.5   1.38527613015
447.0   1.31891034309
447.5   1.32936701102
448.0   1.36417850053
448.5   1.38850527741
449.0   1.3980164382
449.5   1.40257570567
450.0   1.40227322352
450.5   1.38788028117
451.0   1.37682065212
451.5   1.38620761494
452.0   1.40463498817
452.5   1.3954964213
453.0   1.36549459839
453.5   1.358591595
454.0   1.36022419737
454.5   1.34653838218
455.0   1.33540864137
455.5   1.34131004822
456.0   1.34785848643
456.5   1.34417060795
457.0   1.33343950257
457.5   1.32343355308
458.0   1.32474965094
458.5   1.32095560323
459.0   1.31740594508
459.5   1.30310314642
460.0   1.29130433912
460.5   1.28609603708
461.0   1.2934838132
461.5   1.29011444242
462.0   1.28394861409
462.5   1.27419907332
463.0   1.26017271531
463.5   1.26387461614
464.0   1.2719154332
464.5   1.2722639888
465.0   1.27103002185
465.5   1.27321149913
466.0   1.26357614037
466.5   1.24993639862
467.0   1.2417373293
467.5   1.24328780075
468.0   1.2435642414
468.5   1.25540711895
469.0   1.24927734809
469.5   1.23518288151
470.0   1.22877667001
470.5   1.22688164935
471.0   1.21798346564
471.5   1.21337612154
472.0   1.19971234147
472.5   1.18002896617
473.0   1.18080019551
473.5   1.19276326464
474.0   1.19317792561
474.5   1.1917035755
475.0   1.18325210385
475.5   1.17973249359
476.0   1.17003904223
476.5   1.15164572328
477.0   1.14625312749
477.5   1.1462491211
478.0   1.14084650934
478.5   1.14169586321
479.0   1.14355482639
479.5   1.14512933616
480.0   1.13744909386
480.5   1.13107493344
481.0   1.12442633558
481.5   1.11680418587
482.0   1.1068823705
482.5   1.10465882617
483.0   1.11492118437
483.5   1.11689232637
484.0   1.11071447888
484.5   1.08750748693
485.0   1.04356344012
485.5   0.945973882368
486.0   0.833837136395
486.5   0.856150704223
487.0   0.950459031697
487.5   0.999763623215
488.0   1.02021822786
488.5   1.03681267941
489.0   1.05427651677
489.5   1.06011181824
490.0   1.05283822413
490.5   1.05356738641
491.0   1.06463102185
491.5   1.05648804194
492.0   1.02320899514
492.5   1.02021822786
493.0   1.05176050625
493.5   1.05683659754
494.0   1.05420039543
494.5   1.05651608664
495.0   1.05993754044
495.5   1.05332900644
496.0   1.03758591194
496.5   1.02001390216
497.0   1.01642618334
497.5   1.01018824005
498.0   1.00069110162
498.5   1.00137018407
499.0   1.00348755917
499.5   1.00027844384
500.0   1.0
500.5   0.997333749997
501.0   0.977157589197
501.5   0.950769526625
502.0   0.954335210325
502.5   0.965885621681
503.0   0.96934713934
503.5   0.968822302751
504.0   0.964156866044
504.5   0.96021858843
505.0   0.947804800853
505.5   0.935583319812
506.0   0.943325661104
506.5   0.946514744503
507.0   0.938732339349
507.5   0.936935475147
508.0   0.934619783936
508.5   0.927105806656
509.0   0.920447192825
509.5   0.915531356983
510.0   0.913423997853
510.5   0.912851084629
511.0   0.911008146986
511.5   0.916603065286
512.0   0.918093440945
512.5   0.908850708029
513.0   0.90705584702
513.5   0.905839908815
514.0   0.902935278834
514.5   0.896659274884
515.0   0.888922943171
515.5   0.88575789809
516.0   0.894545906174
516.5   0.889105233743
517.0   0.881553195794
517.5   0.881471064877
518.0   0.880886132495
518.5   0.876973896391
519.0   0.870818084026
519.5   0.873181851872
520.0   0.870139001569
520.5   0.865988385486
521.0   0.863808911405
521.5   0.859694352798
522.0   0.86017511914
522.5   0.85474245948
523.0   0.848815011128
523.5   0.8437208911
524.0   0.832026249842
524.5   0.832380815019
525.0   0.827068346945
525.5   0.831337151419
526.0   0.83931186311
526.5   0.834432084743
527.0   0.82683797974
527.5   0.820896509035
528.0   0.815964647648
528.5   0.814734687091
529.0   0.815159364026
529.5   0.811447447231
530.0   0.804366159658
530.5   0.804586510898
531.0   0.805245561425
531.5   0.802399024044
532.0   0.794939132978
532.5   0.793398677492
533.0   0.792312946837
533.5   0.788785323806
534.0   0.783330629023
534.5   0.778326652684
535.0   0.779684817599
535.5   0.781639934055
536.0   0.769935276831
536.5   0.764430502221
537.0   0.767974150796
537.5   0.769472539228
538.0   0.767122793733
538.5   0.764698930095
539.0   0.763472975924
539.5   0.759552727047
540.0   0.757831984183
540.5   0.756095215774
541.0   0.753545150971
541.5   0.751095245822
542.0   0.749037966519
542.5   0.743715482479
543.0   0.735045662786
543.5   0.730881024353
544.0   0.733272836902
544.5   0.72964104783
545.0   0.725296122018
545.5   0.718715632719
546.0   0.714725272084
546.5   0.715141936246
547.0   0.715486485458
547.5   0.720007692261
548.0   0.715420380086
548.5   0.707119147922
549.0   0.709312644355
549.5   0.714881521145
550.0   0.709450864678
550.5   0.699132417073
551.0   0.695987403922
551.5   0.704847526958
552.0   0.704476936236
552.5   0.69723739641
553.0   0.6895291094
553.5   0.68577512555
554.0   0.682471860145
554.5   0.684422970215
555.0   0.684999889824
555.5   0.683191006464
556.0   0.683651740875
556.5   0.675230317125
557.0   0.666209938642
557.5   0.66902242174
558.0   0.673379366711
558.5   0.674673429447
559.0   0.674092503451
559.5   0.669593331771
560.0   0.666402245179
560.5   0.666362181317
561.0   0.664288876469
561.5   0.660791301334
562.0   0.658563750618
562.5   0.656039727325
563.0   0.65194520065
563.5   0.64895643656
564.0   0.647596268452
564.5   0.649222861241
565.0   0.647586252486
565.5   0.640162418896
566.0   0.631747004726
566.5   0.630789478429
567.0   0.63212560822
567.5   0.633924475614
568.0   0.628830355587
568.5   0.626460578162
569.0   0.627037497771
569.5   0.623111239315
570.0   0.617462234802
570.5   0.612233900838
571.0   0.615370901217
571.5   0.618622083601
572.0   0.613680206249
572.5   0.612372121161
573.0   0.614337253582
573.5   0.609002750384
574.0   0.602249986478
574.5   0.596308515774
575.0   0.594868219943
575.5   0.598025252252
576.0   0.603365765029
576.5   0.601368581519
577.0   0.594635849544
577.5   0.584892318355
578.0   0.572945274768
578.5   0.581286570794
579.0   0.585040554644
579.5   0.581024152499
580.0   0.580258932739
580.5   0.58309946054
581.0   0.582732876205
581.5   0.582202030036
582.0   0.583608271585
582.5   0.579291390476
583.0   0.575264972366
583.5   0.573466104971
584.0   0.57435351951
584.5   0.573854724431
585.0   0.573436057075
585.5   0.577823049942
586.0   0.581444823048
586.5   0.581398749607
587.0   0.567785049369
587.5   0.552124085793
588.0   0.558760664499
588.5   0.546817627298
589.0   0.514762531475
589.5   0.506475321663
590.0   0.527649072622
590.5   0.552562785079
591.0   0.557538716714
591.5   0.555144900972
592.0   0.556915723664
592.5   0.558856817768
593.0   0.553977039401
593.5   0.547346470274
594.0   0.542648982478
594.5   0.539387784128
595.0   0.537847328642
595.5   0.535645819436
596.0   0.533668667857
596.5   0.538113753323
597.0   0.536875779993
597.5   0.533887015903
598.0   0.531296887238
598.5   0.528534483967
599.0   0.528304116762
599.5   0.528133845349
600.0   0.527995625026
600.5   0.526445153575
601.0   0.526238824687
601.5   0.526365025851
602.0   0.522290531107
602.5   0.519307776596
603.0   0.51891515075
603.5   0.516942005557
604.0   0.513855085005
604.5   0.513065826928
605.0   0.512040192066
605.5   0.511849888723
606.0   0.510932426288
606.5   0.508574668021
607.0   0.507801435488
607.5   0.506539423842
608.0   0.507923630267
608.5   0.50679783575
609.0   0.505832296681
609.5   0.503416445815
610.0   0.50205227132
610.5   0.499402046863
611.0   0.49882312406
611.5   0.500706125564
612.0   0.500159253851
612.5   0.496565525448
613.0   0.494720584612
613.5   0.493508652793
614.0   0.488594820143
614.5   0.484732663866
615.0   0.484989072582
615.5   0.487727437535
616.0   0.487154524312
616.5   0.486928163493
617.0   0.484804778817
617.5   0.482112487305
618.0   0.478370522613
618.5   0.476976300223
619.0   0.477216683393
619.5   0.479209860518
620.0   0.474502356757
620.5   0.471888189775
621.0   0.472362946537
621.5   0.4726634255
622.0   0.472495157281
622.5   0.471501573508
623.0   0.4707503761
623.5   0.47088058365
624.0   0.468114173993
624.5   0.469502386805
625.0   0.472649403149
625.5   0.470379785378
626.0   0.466106974517
626.5   0.462024467
627.0   0.457501257004
627.5   0.446393551321
628.0   0.435295861603
628.5   0.43949455432
629.0   0.446796193132
629.5   0.449097861992
630.0   0.445383942004
630.5   0.443120333812
631.0   0.444993319351
631.5   0.445247724873
632.0   0.448088252675
632.5   0.448146345274
633.0   0.445920797752
633.5   0.442871937869
634.0   0.438474929037
634.5   0.431547887332
635.0   0.432479372119
635.5   0.435832717351
636.0   0.434544664195
636.5   0.433436898416
637.0   0.430846769751
637.5   0.429272259982
638.0   0.428929713964
638.5   0.427645667194
639.0   0.428188532521
639.5   0.427273073279
640.0   0.425143679024
640.5   0.424953375681
641.0   0.426389665126
641.5   0.427659689545
642.0   0.427387255285
642.5   0.426549920573
643.0   0.423366846754
643.5   0.420999072522
644.0   0.419634898027
644.5   0.415155758279
645.0   0.413979883935
645.5   0.415167777437
646.0   0.41462491211
646.5   0.414739094116
647.0   0.412980290583
647.5   0.410834870784
648.0   0.408717495688
648.5   0.404146209057
649.0   0.399691107626
649.5   0.401800469949
650.0   0.40626158096
650.5   0.405696680509
651.0   0.405756776301
651.5   0.40266985575
652.0   0.400736774418
652.5   0.399759216191
653.0   0.399546877723
653.5   0.399340548835
654.0   0.397090962995
654.5   0.389737241162
655.0   0.377555823983
655.5   0.357179343874
656.0   0.330508831077
656.5   0.325865429495
657.0   0.350464640637
657.5   0.374348711847
658.0   0.385895116816
658.5   0.387780121514
659.0   0.389322580193
659.5   0.389032117195
660.0   0.387215221062
660.5   0.38797242805
661.0   0.388865852168
661.5   0.390806946272
662.0   0.391944759947
662.5   0.39236142411
663.0   0.388819778727
663.5   0.383469249984
664.0   0.381592258059
664.5   0.380732888224
665.0   0.38139794833
665.5   0.377776175223
666.0   0.373733731568
666.5   0.369412844073
667.0   0.369154432165
667.5   0.367067104965
668.0   0.367878398167
668.5   0.371786627885
669.0   0.371307864736
669.5   0.370534632204
670.0   0.368739771195
670.5   0.366966945311
671.0   0.364360791101
671.5   0.362852386704
672.0   0.364032267434
672.5   0.36198099771
673.0   0.36126786097
673.5   0.359753446995
674.0   0.360087980241
674.5   0.362255435164
675.0   0.359256655108
675.5   0.359280693425
676.0   0.360714979678
676.5   0.36135199508
677.0   0.358467397031
677.5   0.355797140642
678.0   0.354653317388
678.5   0.354012295599
679.0   0.353908129559
679.5   0.355059965585
680.0   0.353315184404
680.5   0.351492278692
681.0   0.349048383123
681.5   0.346293992624
682.0   0.346089666929
682.5   0.348625709381
683.0   0.349495095182
683.5   0.348056802543
684.0   0.347457847809
684.5   0.346684615277
685.0   0.345823242248
685.5   0.344951853254
686.0   0.344118524929
686.5   0.343303225341
687.0   0.342439849119
687.5   0.341628555918
688.0   0.34084530742
688.5   0.340050039763
689.0   0.339252768914
689.5   0.338501571505
690.0   0.337782425186
690.5   0.337073294832
691.0   0.336372177251
691.5   0.335669056476
692.0   0.334983964439
692.5   0.334318904334
693.0   0.333695911283
693.5   0.333086940583
694.0   0.332489989043
694.5   0.331873005571
695.0   0.331231983782
695.5   0.330586955607
696.0   0.329955949784
696.5   0.32933095354
697.0   0.328954353239
697.5   0.329873818867
698.0   0.327648271345
698.5   0.322405915029
699.0   0.318389512884
699.5   0.319423160518
700.0   0.319743671412
700.5   0.318906336701
701.0   0.318784141922
701.5   0.319238866754
702.0   0.318183183995
702.5   0.316370294249
703.0   0.318111069044
703.5   0.319943990721
704.0   0.318289353229
704.5   0.318215235085
705.0   0.317834628398
705.5   0.318046966865
706.0   0.316458434745
706.5   0.312564227378
707.0   0.314653557771
707.5   0.313992504051
708.0   0.314887931363
708.5   0.316109879147
709.0   0.313910373135
709.5   0.311855097025
710.0   0.310412798
710.5   0.310214481884
711.0   0.311198049691
711.5   0.312211665395
712.0   0.315226470995
712.5   0.317444005745
713.0   0.318207222312
713.5   0.316368291056
714.0   0.311797004425
714.5   0.310510954461
715.0   0.311732902246
715.5   0.312377930421
716.0   0.309196859795
716.5   0.300821509486
717.0   0.292908896781
717.5   0.286845231299
718.0   0.283924575774
718.5   0.281689012286
719.0   0.287616460638
719.5   0.290382870295
720.0   0.28724787311
720.5   0.289926142271
721.0   0.297904860347
721.5   0.303485756296
722.0   0.305923642286
722.5   0.30246412782
723.0   0.296803104148
723.5   0.288934561691
724.0   0.291538712708
724.5   0.294669703507
725.0   0.294441339495
725.5   0.290200579724
726.0   0.287969022622
726.5   0.286408535205
727.0   0.286294353199
727.5   0.280086457814
728.0   0.283481870101
728.5   0.285739468713
729.0   0.280210655785
729.5   0.283413761536
730.0   0.286514704439
730.5   0.284573610335
731.0   0.284321208006
731.5   0.284591639073
732.0   0.285523123859
732.5   0.285388909922
733.0   0.284577616721
733.5   0.285449005715
734.0   0.284745884941
734.5   0.279118915551
735.0   0.275935841732
735.5   0.279040791021
736.0   0.278521964011
736.5   0.275741532002
737.0   0.276074062055
737.5   0.276114125917
738.0   0.274291220205
738.5   0.273658211189
739.0   0.273940661414
739.5   0.27285493076
740.0   0.270677459871
740.5   0.269409438645
741.0   0.267346149763
741.5   0.270581306603
742.0   0.275082481475
742.5   0.272935058483
743.0   0.272039631172
743.5   0.271468721141
744.0   0.270310875536
744.5   0.269822096422
745.0   0.269681872905
745.5   0.269593732409
746.0   0.268694298712
746.5   0.267690698974
747.0   0.267009613324
747.5   0.266951520724
748.0   0.266679086464
748.5   0.265088551151
749.0   0.264177098295
749.5   0.264341360128
750.0   0.264181104681
750.5   0.263273658211
751.0   0.262474384168
751.5   0.262478390555
752.0   0.262472380975
752.5   0.261404679058
753.0   0.260387056969
753.5   0.259816146938
754.0   0.259149083639
754.5   0.258542116133
755.0   0.258141477515
755.5   0.257600615381
756.0   0.257075778791
756.5   0.256566967747
757.0   0.256046137543
757.5   0.255515291374
758.0   0.255012489909
758.5   0.254523710795
759.0   0.254012896557
759.5   0.253486056774
760.0   0.252959216992
760.5   0.252424364437
761.0   0.251887508689
761.5   0.251354659327
762.0   0.250821809965
762.5   0.250290963796
763.0   0.249758114434
763.5   0.249227268266
764.0   0.248696422097
764.5   0.248165575928
765.0   0.247638736145
765.5   0.247111896363
766.0   0.246587059773
766.5   0.246062223184
767.0   0.245545399367
767.5   0.245032581936
768.0   0.244513754925
768.5   0.243998934301
769.0   0.243490123256
769.5   0.242975302632
770.0   0.242484520325
770.5   0.242051830618
771.0   0.241779396358
771.5   0.241605118559
772.0   0.241282604472
772.5   0.240807847709
773.0   0.240150800376
773.5   0.239641989331
774.0   0.239303449699
774.5   0.238670440682
775.0   0.238089514686
775.5   0.237718923965
776.0   0.236502985759
776.5   0.234563894848
777.0   0.229758234626
777.5   0.227668904233
778.0   0.231138434665
778.5   0.23380668786
779.0   0.233530247214
779.5   0.233057493645
780.0   0.232951324411
780.5   0.232588746462
781.0   0.232067916259
781.5   0.231234587933
782.0   0.231220565582
782.5   0.230619607655
783.0   0.22994252839
783.5   0.228892855211
784.0   0.228167699313
784.5   0.227885249087
785.0   0.227526677524
785.5   0.226767467343
786.0   0.226835575908
786.5   0.225453372676
787.0   0.225679733495
787.5   0.224235431277
788.0   0.223193770871
788.5   0.224019086424
789.0   0.222973419631
789.5   0.221388893897
790.0   0.220960210576
790.5   0.222088008285
791.0   0.222176148781
791.5   0.221933762417
792.0   0.22084602857
792.5   0.219810377742
793.0   0.21971823086
793.5   0.219934575714
794.0   0.219766307494
794.5   0.21818178176
795.0   0.216338844118
795.5   0.216681390136
796.0   0.216921773307
796.5   0.216386920752
797.0   0.216120496071
797.5   0.215996298099
798.0   0.215637726536
798.5   0.21530319329
799.0   0.214756321577
799.5   0.21459005655
800.0   0.213532370599
800.5   0.213404166241
801.0   0.212378531379
801.5   0.211925809741
802.0   0.211358906096
802.5   0.210956264285
803.0   0.211008347306
803.5   0.210808027997
804.0   0.210082872098
804.5   0.20943584073
805.0   0.209588083405
805.5   0.209371738551
806.0   0.208273988738
806.5   0.208277995124
807.0   0.20778921601
807.5   0.207284411352
808.0   0.20699795474
808.5   0.207530804102
809.0   0.207791219203
809.5   0.207332487986
810.0   0.206737539638
810.5   0.207060053726
811.0   0.20633690102
811.5   0.205441473709
812.0   0.205477531185
812.5   0.20518907138
813.0   0.204085311987
813.5   0.202412645757
814.0   0.202380594668
814.5   0.199846154771
815.0   0.197146651763
815.5   0.196294092784
816.0   0.194080764739
816.5   0.192964986188
817.0   0.195720778922
817.5   0.195571340717
818.0   0.196054110252
818.5   0.196956949377
819.0   0.197279463465
819.5   0.196804105745
820.0   0.197473572875
820.5   0.200175279395
821.0   0.200171873967
821.5   0.198263832549
822.0   0.195181519342
822.5   0.188652712424
823.0   0.184237274215
823.5   0.189913121516
824.0   0.194311131944
824.5   0.194700352362
825.0   0.195759841187
825.5   0.194046910776
826.0   0.193787296951
826.5   0.193873634574
827.0   0.1916745292
827.5   0.188859041312
828.0   0.188224229422
828.5   0.188548346064
829.0   0.187301358365
829.5   0.187808767175
830.0   0.187758687348
830.5   0.187293145274
831.0   0.187353040747
831.5   0.186807971907
832.0   0.18481259127
832.5   0.186019515107
833.0   0.185951606861
833.5   0.185917552579
834.0   0.185110065444
834.5   0.185006300042
835.0   0.185153334415
835.5   0.184556783513
836.0   0.184205623764
836.5   0.18380378323
837.0   0.182726265667
837.5   0.181918978852
838.0   0.180856685557
838.5   0.182034162455
839.0   0.181016139727
839.5   0.180668786045
840.0   0.181783963638
840.5   0.180808809242
841.0   0.179074444665
841.5   0.178058825768
842.0   0.179900160856
842.5   0.179703246976
843.0   0.177171611549
843.5   0.175410003546
844.0   0.173707289419
844.5   0.173430848773
845.0   0.175361325954
845.5   0.175858318159
846.0   0.174115139532
846.5   0.170968724146
847.0   0.171327896667
847.5   0.172741950669
848.0   0.175322464008
848.5   0.176480309614
849.0   0.175439250165
849.5   0.170057671929
850.0   0.164009030394
850.5   0.1630390843
851.0   0.167268826509
851.5   0.170759390468
852.0   0.173094112015
852.5   0.172238948885
853.0   0.171122970014
853.5   0.167511813831
854.0   0.160574155203
854.5   0.155593816544
855.0   0.158788709202
855.5   0.166116790164
856.0   0.170894405683
856.5   0.173453484855
857.0   0.173289022702
857.5   0.173213502323
858.0   0.170265002414
858.5   0.165602370178
859.0   0.158300931685
859.5   0.150835031039
860.0   0.149271538833
860.5   0.155634481363
861.0   0.163665683099
861.5   0.169925461185
862.0   0.172776405591
862.5   0.174835087129
863.0   0.175580875916
863.5   0.175874143385
864.0   0.17369246579
864.5   0.171412832054
865.0   0.166017632106
865.5   0.15859520075
866.0   0.147878518358
866.5   0.140436255391
867.0   0.144164999008
867.5   0.152997277661
868.0   0.160119831011
868.5   0.165979571437
869.0   0.170769206115
869.5   0.173926438743
870.0   0.176322658317
870.5   0.177877737113
871.0   0.176812038389
871.5   0.176354108449
872.0   0.174987329804
872.5   0.170787234852
873.0   0.166238183665
873.5   0.159826563542
874.0   0.150910551419
874.5   0.14112074647
875.0   0.133912857094
875.5   0.136545253133
876.0   0.146368912046
876.5   0.154401115378
877.0   0.159422519496
877.5   0.161993417508
878.0   0.163370612757
878.5   0.164319725643
879.0   0.164926693149
879.5   0.165340152203
880.0   0.165204135392
880.5   0.16563361999
881.0   0.164592560542
881.5   0.16336400222
882.0   0.161323549738
882.5   0.159060742824
883.0   0.157964595565
883.5   0.155723423136
884.0   0.152457016484
884.5   0.148776349501
885.0   0.142067255205
885.5   0.132318716033
886.0   0.12330414681
886.5   0.121794941136
887.0   0.130126822155
887.5   0.139653207212
888.0   0.146257935149
888.5   0.150941400593
889.0   0.153894908484
889.5   0.155762685721
890.0   0.156740644587
890.5   0.15852568995
891.0   0.158870439481
891.5   0.158431940513
892.0   0.157784107868
892.5   0.156894890455
893.0   0.155885481457
893.5   0.156176144775
894.0   0.154677355705
894.5   0.15342355715
895.0   0.152739667029
895.5   0.15294819943
896.0   0.153633491786
896.5   0.150512516952
897.0   0.150171573488
897.5   0.150744687031
898.0   0.148809402187
898.5   0.143507751356
899.0   0.137776215287
899.5   0.138072687864
900.0   0.133883610475
900.5   0.125749845253
901.0   0.117445207661
901.5   0.111303017009
902.0   0.116932590549
902.5   0.127690939357
903.0   0.138153015907
903.5   0.144343082874
904.0   0.147948630116
904.5   0.150640320671
905.0   0.151489874861
905.5   0.151179179612
906.0   0.15007542022
906.5   0.14841998145
907.0   0.145925204776
907.5   0.145483100061
908.0   0.144930619407
908.5   0.144032587945
909.0   0.144273171435
909.5   0.145187629081
910.0   0.144975691252
910.5   0.146027167305
911.0   0.147049196419
911.5   0.147866699519
912.0   0.147676195856
912.5   0.14750993083
913.0   0.143708270984
913.5   0.141775389972
914.0   0.144404180263
914.5   0.144746926601
915.0   0.14114378319
915.5   0.138465914668
916.0   0.141498548687
916.5   0.143355108042
917.0   0.142559640066
917.5   0.140341504358
918.0   0.141999747598
918.5   0.142578269762
919.0   0.142492933736
919.5   0.141279599682
920.0   0.139922636683
920.5   0.138357141283
921.0   0.133914659968
921.5   0.127313537779
922.0   0.1207560852
922.5   0.112812823641
923.0   0.107681444222
923.5   0.112841469302
924.0   0.121888089615
924.5   0.12735099749
925.0   0.131950729463
925.5   0.13592286104
926.0   0.137022213408
926.5   0.138585705615
927.0   0.140868344141
927.5   0.142111926411
928.0   0.14189457996
928.5   0.142416812399
929.0   0.142070660633
929.5   0.139670434673
930.0   0.136834313896
930.5   0.137455303754
931.0   0.135452310984
931.5   0.131659064549
932.0   0.130675496742
932.5   0.131764031867
933.0   0.133375400388
933.5   0.131960745428
934.0   0.130466964341
934.5   0.130043689641
935.0   0.134262213969
935.5   0.131266038065
936.0   0.132524043325
936.5   0.134816297178
937.0   0.133582730873
937.5   0.136812679411
938.0   0.13882488687
938.5   0.143809031596
939.0   0.148865491594
939.5   0.151390115845
940.0   0.149247700835
940.5   0.145982896737
941.0   0.141760766662
941.5   0.138231741396
942.0   0.133330128224
942.5   0.129650863476
943.0   0.126933331731
943.5   0.128704354741
944.0   0.125820557969
944.5   0.128293299519
945.0   0.132768833521
945.5   0.130110395971
946.0   0.12893372035
946.5   0.132024446968
947.0   0.134727555724
947.5   0.134442501347
948.0   0.133056692368
948.5   0.133322916729
949.0   0.132105976927
949.5   0.126608013173
950.0   0.124412513547
950.5   0.125627249836
951.0   0.129279271158
951.5   0.124998848164
952.0   0.119936378587
952.5   0.118221244664
953.0   0.117576416808
953.5   0.115757317164
954.0   0.110136357354
954.5   0.105599926282
955.0   0.109016772736
955.5   0.111090277903
956.0   0.116881308806
956.5   0.119688984241
957.0   0.124519283738
957.5   0.12863804905
958.0   0.127352600044
958.5   0.12754811169
959.0   0.125752850043
959.5   0.125967191704
960.0   0.127310132351
960.5   0.127394266461
961.0   0.126071558064
961.5   0.124015080038
962.0   0.124502857555
962.5   0.122847018147
963.0   0.122364448932
963.5   0.123065766832
964.0   0.124190359433
964.5   0.125357620046
965.0   0.125886663341
965.5   0.126115027354
966.0   0.125505055058
966.5   0.124886469032
967.0   0.125453773315
967.5   0.125817152541
968.0   0.124499452127
968.5   0.124236032235
969.0   0.124547929399
969.5   0.124447569426
970.0   0.12311584666
970.5   0.123587197994
971.0   0.124328579756
971.5   0.122800944706
972.0   0.122755472223
972.5   0.124702175267
973.0   0.12292153693
973.5   0.120493867224
974.0   0.120335414651
974.5   0.120480445831
975.0   0.119540146994
975.5   0.117447010535
976.0   0.11764833144
976.5   0.118530337358
977.0   0.117673972312
977.5   0.117231667278
978.0   0.118303175261
978.5   0.116555188971
979.0   0.116121898306
979.5   0.117499093555
980.0   0.117079624922
980.5   0.115714248512
981.0   0.118389913522
981.5   0.118164954938
982.0   0.117226859614
982.5   0.115664769643
983.0   0.117101860365
983.5   0.117011516357
984.0   0.116872695076
984.5   0.117008311248
985.0   0.116918568198
985.5   0.116466647837
986.0   0.116341448269
986.5   0.11743398978
987.0   0.115264731983
987.5   0.114762932114
988.0   0.117054384689
988.5   0.115524946765
989.0   0.114348872102
989.5   0.113892544716
990.0   0.113853282132
990.5   0.112717071011
991.0   0.112536182675
991.5   0.111498929293
992.0   0.110560233011
992.5   0.110810632148
993.0   0.111368120785
993.5   0.110151581621
994.0   0.108613730286
994.5   0.110507949672
995.0   0.112191833783
995.5   0.112901965733
996.0   0.109226707372
996.5   0.109359118435
997.0   0.107819063587
997.5   0.10623553945
998.0   0.106208696662
998.5   0.106532813304
999.0   0.10611094084
999.5   0.105835902428
1000.0   0.104721125474
1000.5   0.103219732253
1001.0   0.101779236102
1001.5   0.101804276016
1002.0   0.0984445205658
1002.5   0.0965559101207
1003.0   0.0940835692093
1003.5   0.093439542631
1004.0   0.089307155606
1004.5   0.0875916210439
1005.0   0.0883941001957
1005.5   0.0922937161836
1006.0   0.0928445942833
1006.5   0.0942430233793
1007.0   0.096364204542
1007.5   0.0973453685174
1008.0   0.0971875169019
1008.5   0.0985436786237
1009.0   0.100871388994
1009.5   0.103124380262
1010.0   0.107369747377
1010.5   0.108509964884
1011.0   0.108617736672
1011.5   0.108368339133
1012.0   0.107943862517
1012.5   0.107487134492
1013.0   0.107037417644
1013.5   0.106594311332
1014.0   0.106152807575
1014.5   0.105690871249
1015.0   0.105146804006
1015.5   0.104442681635
1016.0   0.103508993335
1016.5   0.102383399138
1017.0   0.101379398762
1017.5   0.100918464032
1018.0   0.101404839314
1018.5   0.102986560578
1019.0   0.105141395384
1019.5   0.107089700983
1020.0   0.10805904612
1020.5   0.10759791107
1021.0   0.10609351306
1021.5   0.104254181165
1022.0   0.102798460746
1022.5   0.102215731877
1023.0   0.102402028834
1023.5   0.103024420927
1024.0   0.103732149046
1024.5   0.104221328798
1025.0   0.104311071849
1025.5   0.103868967134
1026.0   0.102779029773
1026.5   0.101058887867
1027.0   0.0990725215994
1027.5   0.0973165225369
1028.0   0.0962800704323
1028.5   0.0962440129567
1029.0   0.096943127345
1029.5   0.097905260986
1030.0   0.0984226857611
1030.5   0.0972668433483
1031.0   0.0968441696064
1031.5   0.0964839954888
1032.0   0.0960845587867
1032.5   0.0957209792409
1033.0   0.0953926558935
1033.5   0.0950689398902
1034.0   0.0947173795029
1034.5   0.0943363721773
1035.0   0.0939982331837
1035.5   0.0938053256891
1036.0   0.0938546042392
1036.5   0.0941669020419
1037.0   0.0945639349123
1037.5   0.0947910970086
1038.0   0.0945979891948
1038.5   0.0938499968951
1039.0   0.0927123835394
1039.5   0.0914659967989
1040.0   0.0903966923276
1040.5   0.0897174095508
1041.0   0.0894535890209
1041.5   0.089559357616
1042.0   0.089976823056
1042.5   0.0906134378199
1043.0   0.091284507505
1043.5   0.0917688795941
1044.0   0.0918524127459
1044.5   0.0914343463481
1045.0   0.0907003764
1045.5   0.0899483777141
1046.0   0.0894772266994
1046.5   0.0894820343628
1047.0   0.0898936905427
1047.5   0.0905385183983
1048.0   0.0912348283163
1048.5   0.0918147527158
1049.0   0.0921442779791
1049.5   0.0921036131594
1050.0   0.0915839848719
1050.5   0.0905717714036
1051.0   0.0893087581605
1051.5   0.088131681901
1052.0   0.0873732729972
1052.5   0.0872326488423
1053.0   0.0875561645263
1053.5   0.0880567624794
1054.0   0.0884403739561
1054.5   0.0885028735805
1055.0   0.0882697019048
1055.5   0.0878540393387
1056.0   0.0873760774675
1056.5   0.0869221539133
1057.0   0.0864936709114
1057.5   0.0860603802461
1058.0   0.0855936362562
1058.5   0.0850980462858
1059.0   0.0846743709473
1059.5   0.0844590276901
1060.0   0.0845852288548
1060.5   0.0851339034421
1061.0   0.0860425518276
1061.5   0.0871939872156
1062.0   0.0880852078213
1062.5   0.0869009200666
1063.0   0.0865623804344
1063.5   0.0864287674553
1064.0   0.0862951544762
1064.5   0.0861615414971
1065.0   0.0860275278794
1065.5   0.0858941152197
1066.0   0.0857603019213
1066.5   0.0856264886229
1067.0   0.0854928756438
1067.5   0.0853596633033
1068.0   0.0852260503242
1068.5   0.0850924373451
1069.0   0.084958824366
1069.5   0.0848256120256
1070.0   0.0846919990465
1070.5   0.084558786706
1071.0   0.0844253740462
1071.5   0.0842921617058
1072.0   0.0841585487267
1072.5   0.0840251360669
1073.0   0.0838917234071
1073.5   0.0837585110666
1074.0   0.0836256993648
1074.5   0.0834926873436
1075.0   0.0833594750032
1075.5   0.0832258620241
1076.0   0.0830928500029
1076.5   0.0829596376624
1077.0   0.0828268259606
1077.5   0.082694214578
1078.0   0.0825614028762
1078.5   0.082428390855
1079.0   0.0822955791532
1079.5   0.0821629677706
1080.0   0.0820299557495
1080.5   0.0818969437283
1081.0   0.0817643323458
1081.5   0.0816317209632
1082.0   0.0814991095807
1082.5   0.0813666985174
1083.0   0.0812338868156
1083.5   0.0811016760717
1084.0   0.0809690646891
1084.5   0.0808368539452
1085.0   0.080704442882
1085.5   0.0805720318187
1086.0   0.0804396207555
1086.5   0.0803076103309
1087.0   0.0801755999063
1087.5   0.080043188843
1088.0   0.0799111784184
1088.5   0.0797791679938
1089.0   0.0796471575692
1089.5   0.0795153474639
1090.0   0.0793835373585
1090.5   0.0792521278919
1091.0   0.0791197168286
1091.5   0.0789879067233
1092.0   0.0788564972566
1092.5   0.0787248874706
1093.0   0.0785936783232
1093.5   0.0784620685372
1094.0   0.0783304587512
1094.5   0.0781992496039
1095.0   0.0780678401372
1095.5   0.0779366309898
1096.0   0.0778050212038
1096.5   0.077674212695
1097.0   0.077543203867
1097.5   0.0774121950389
1098.0   0.0772811862108
1098.5   0.0771501773827
1099.0   0.0770191685547
1099.5   0.0768883600459
1100.0   0.0767577518565
1100.5   0.076627143667
1101.0   0.0764965354776
1101.5   0.0763657269688
1102.0   0.0762353190986
1102.5   0.0761049112285
1103.0   0.0759747036777
1103.5   0.0758442958075
1104.0   0.0757140882567
1104.5   0.0755844816638
1105.0   0.0754542741129
1105.5   0.0753238662428
1106.0   0.0751942596499
1106.5   0.075064653057
1107.0   0.0749344455061
1107.5   0.0748046385939
1108.0   0.0746752323203
1108.5   0.0745456257274
1109.0   0.0744160191345
1109.5   0.0742870134995
1110.0   0.0741574069066
1110.5   0.0740284012716
1111.0   0.073898994998
1111.5   0.0737697890437
1112.0   0.0736409837281
1112.5   0.0735119780931
1113.0   0.0733831727774
1113.5   0.0732541671424
1114.0   0.0731257624654
1114.5   0.0729969571497
1115.0   0.0728685524726
1115.5   0.072739747157
1116.0   0.0726115427992
1116.5   0.0724831381222
1117.0   0.0723549337644
1117.5   0.072226929726
1118.0   0.0720989256875
1118.5   0.0719711219684
1119.0   0.07184311793
1119.5   0.0717151138915
1120.0   0.0715875104917
1120.5   0.0714599070919
1121.0   0.0713325040114
1121.5   0.0712049006116
1122.0   0.0710778981697
1122.5   0.0709502947699
1123.0   0.0708234926473
1123.5   0.0706958892475
1124.0   0.0705688868056
1124.5   0.070442084683
1125.0   0.0703152825604
1125.5   0.0701888810764
1126.0   0.0700622792732
1126.5   0.0699356774699
1127.0   0.0698090756666
1127.5   0.069682874502
1128.0   0.069556473018
1128.5   0.0694304721726
1129.0   0.0693046716466
1129.5   0.0691788711206
1130.0   0.0690530705945
1130.5   0.0689270697492
1131.0   0.0688014695425
1131.5   0.0686758693357
1132.0   0.068550269129
1132.5   0.0684254701995
1133.0   0.0683000703121
1133.5   0.0681750710633
1134.0   0.0680496711759
1134.5   0.0679246719271
1135.0   0.0677998729976
1135.5   0.067675675026
1136.0   0.0675510764158
1136.5   0.0674266781249
1137.0   0.0673018791954
1137.5   0.0671778815432
1138.0   0.0670536835716
1138.5   0.0669294856
1139.0   0.0668058885864
1139.5   0.0666816906148
1140.0   0.0665582939205
1140.5   0.0664348972262
1141.0   0.0663113002125
1141.5   0.0661877031989
1142.0   0.0660645068239
1142.5   0.0659415107682
1143.0   0.0658183143931
1143.5   0.0656953183374
1144.0   0.065572522601
1144.5   0.0654497268646
1145.0   0.0653275320861
1145.5   0.0652047363497
1146.0   0.0650827418906
1146.5   0.0649605471121
1147.0   0.0648385526529
1147.5   0.0647163578745
1148.0   0.0645947640539
1148.5   0.064472969914
1149.0   0.0643513760935
1149.5   0.0642299825923
1150.0   0.064108589091
1150.5   0.0639871955898
1151.0   0.0638662027271
1151.5   0.0637450095452
1152.0   0.0636242170019
1152.5   0.0635036247779
1153.0   0.0633832328732
1153.5   0.0632628409685
1154.0   0.0631424490638
1154.5   0.0630218568398
1155.0   0.0629018655737
1155.5   0.0627822749463
1156.0   0.0626624839995
1156.5   0.062542893372
1157.0   0.062422902106
1157.5   0.0623035117978
1158.0   0.0621845221283
1158.5   0.0620653321394
1159.0   0.0619459418313
1159.5   0.0618271524811
1160.0   0.0617085634501
1160.5   0.0615897740999
1161.0   0.0614717860269
1161.5   0.061353196996
1162.0   0.061235208923
1162.5   0.0611170205307
1163.0   0.060999232777
1163.5   0.0608810443847
1164.0   0.0607636572697
1164.5   0.0606462701546
1165.0   0.0605288830396
1165.5   0.0604116962438
1166.0   0.0602945094481
1166.5   0.0601777232909
1167.0   0.0600609371338
1167.5   0.059944351296
1168.0   0.0598277654581
1168.5   0.0597115802589
1169.0   0.0595951947404
1169.5   0.0594792098605
1170.0   0.0593632249806
1170.5   0.0592478410586
1171.0   0.0591318561787
1171.5   0.0590166725761
1172.0   0.0589012886541
1172.5   0.0587861050515
1173.0   0.0586713220874
1173.5   0.0585565391234
1174.0   0.05844155584
1174.5   0.0583273738339
1175.0   0.0582129915085
1175.5   0.0580984088637
1176.0   0.0579844271769
1176.5   0.0578704454901
1177.0   0.0577572650805
1177.5   0.0576432833937
1178.0   0.0575301029842
1178.5   0.0574167222553
1179.0   0.0573035418457
1179.5   0.0571903614361
1180.0   0.0570777819845
1180.5   0.0569652025328
1181.0   0.0568526230812
1181.5   0.0567406445875
1182.0   0.0566282654551
1182.5   0.0565162869614
1183.0   0.056404508787
1183.5   0.0562925302933
1184.0   0.0561813530768
1184.5   0.0560701758603
1185.0   0.0559589986438
1185.5   0.0558478214274
1186.0   0.0557372451688
1186.5   0.0556268692296
1187.0   0.055516292971
1187.5   0.0554057167124
1188.0   0.0552951404539
1188.5   0.0551853654726
1189.0   0.0550755904912
1189.5   0.0549662161485
1190.0   0.0548566414865
1190.5   0.0547472671438
1191.0   0.0546382934397
1191.5   0.0545291194163
1192.0   0.0544205463509
1192.5   0.0543121736047
1193.0   0.0542036005393
1193.5   0.0540952277931
1194.0   0.0539872556856
1194.5   0.0538796842166
1195.0   0.0537719124284
1195.5   0.0536641406402
1196.0   0.0535569698099
1196.5   0.0534495986603
1197.0   0.0533426281493
1197.5   0.0532356576383
1198.0   0.0531290877659
1198.5   0.0530227182128
1199.0   0.0529163486598
1199.5   0.0528105800646
1200.0   0.0527048114695
1200.5   0.0525990428743
