115.0   0.0
115.5   0.0
116.0   0.0
116.5   0.0
117.0   0.0
117.5   0.0
118.0   0.0
118.5   0.0
119.0   0.0
119.5   0.0
120.0   0.0
120.5   0.0
121.0   0.0
121.5   0.0
122.0   0.0
122.5   0.0
123.0   0.0
123.5   0.0
124.0   0.0
124.5   0.0
125.0   0.0
125.5   0.0
126.0   0.0
126.5   0.0
127.0   0.0
127.5   0.0
128.0   0.0
128.5   0.0
129.0   0.0
129.5   0.0
130.0   0.0
130.5   0.0
131.0   0.0
131.5   0.0
132.0   0.0
132.5   0.0
133.0   0.0
133.5   0.0
134.0   0.0
134.5   0.0
135.0   0.0
135.5   0.0
136.0   0.0
136.5   0.0
137.0   0.0
137.5   0.0
138.0   0.0
138.5   0.0
139.0   0.0
139.5   0.0
140.0   0.0
140.5   0.0
141.0   0.0
141.5   0.0
142.0   0.0
142.5   0.0
143.0   0.0
143.5   0.0
144.0   0.0
144.5   0.0
145.0   0.0
145.5   0.0
146.0   0.0
146.5   0.0
147.0   0.0
147.5   0.0
148.0   0.0
148.5   0.0
149.0   0.0
149.5   0.0
150.0   0.0
150.5   0.0
151.0   0.0
151.5   0.0
152.0   0.0
152.5   0.0
153.0   0.0
153.5   0.0
154.0   0.0
154.5   0.0
155.0   0.0
155.5   0.0
156.0   0.0
156.5   0.0
157.0   0.0
157.5   0.0
158.0   0.0
158.5   0.0
159.0   0.0
159.5   0.0
160.0   0.0
160.5   0.0
161.0   0.0
161.5   0.0
162.0   0.0
162.5   0.0
163.0   0.0
163.5   0.0
164.0   0.0
164.5   0.0
165.0   0.0
165.5   0.0
166.0   0.0
166.5   0.0
167.0   0.0
167.5   0.0
168.0   0.0
168.5   0.0
169.0   0.0
169.5   0.0
170.0   0.0
170.5   0.0
171.0   0.0
171.5   0.0
172.0   0.0
172.5   0.0
173.0   0.0
173.5   0.0
174.0   0.0
174.5   0.0
175.0   0.0
175.5   0.0
176.0   0.0
176.5   0.0
177.0   0.0
177.5   0.0
178.0   0.0
178.5   0.0
179.0   0.0
179.5   0.0
180.0   0.0
180.5   0.0
181.0   0.0
181.5   0.0
182.0   0.0
182.5   0.0
183.0   0.0
183.5   0.0
184.0   0.0
184.5   0.0
185.0   0.0
185.5   0.0
186.0   0.0
186.5   0.0
187.0   0.0
187.5   0.0
188.0   0.0
188.5   0.0
189.0   0.0
189.5   0.0
190.0   0.0
190.5   0.0
191.0   0.0
191.5   0.0
192.0   0.0
192.5   0.0
193.0   0.0
193.5   0.0
194.0   0.0
194.5   0.0
195.0   0.0
195.5   0.0
196.0   0.0
196.5   0.0
197.0   0.0
197.5   0.0
198.0   0.0
198.5   0.0
199.0   0.0
199.5   0.0
200.0   0.0
200.5   0.0
201.0   0.0
201.5   0.0
202.0   0.0
202.5   0.0
203.0   0.0
203.5   0.0
204.0   0.0
204.5   0.0
205.0   0.0
205.5   0.0
206.0   0.0
206.5   0.0
207.0   0.0
207.5   0.0
208.0   0.0
208.5   0.0
209.0   0.0
209.5   0.0
210.0   0.0
210.5   0.0
211.0   0.0
211.5   0.0
212.0   0.0
212.5   0.0
213.0   0.0
213.5   0.0
214.0   0.0
214.5   0.0
215.0   0.0
215.5   0.0
216.0   0.0
216.5   0.0
217.0   0.0
217.5   0.0
218.0   0.0
218.5   0.0
219.0   0.0
219.5   0.0
220.0   0.0
220.5   0.0
221.0   0.0
221.5   0.0
222.0   0.0
222.5   0.0
223.0   0.0
223.5   0.0
224.0   0.0
224.5   0.0
225.0   0.0
225.5   0.0
226.0   0.0
226.5   0.0
227.0   0.0
227.5   0.0
228.0   0.0
228.5   0.0
229.0   0.0
229.5   0.0
230.0   0.0
230.5   0.0
231.0   0.0
231.5   0.0
232.0   0.0
232.5   0.0
233.0   0.0
233.5   0.0
234.0   0.0
234.5   0.0
235.0   1.79485728237e-07
235.5   1.43359820068e-06
236.0   2.86643435285e-06
236.5   4.47873662716e-06
237.0   6.8067208239e-06
237.5   7.34366907859e-06
238.0   8.41830544088e-06
238.5   8.41752859532e-06
239.0   6.98395259023e-06
239.5   4.11754043296e-06
240.0   5.36193604711e-07
240.5   0.0
241.0   0.0
241.5   0.0
242.0   0.0
242.5   0.0
243.0   0.0
243.5   0.0
244.0   0.0
244.5   0.0
245.0   2.51258119886e-06
245.5   2.06083440612e-05
246.0   4.4430387239e-05
246.5   6.8429366242e-05
247.0   8.97411994495e-05
247.5   0.000106215134431
248.0   0.000113194906853
248.5   0.000108531613915
249.0   8.95388496767e-05
249.5   5.33500540093e-05
250.0   6.97111614211e-06
250.5   0.0
251.0   0.0
251.5   0.0
252.0   0.0
252.5   0.0
253.0   0.0
253.5   0.0
254.0   0.0
254.5   0.0
255.0   3.66089951318e-05
255.5   0.000301414228851
256.0   0.000663237448395
256.5   0.00107985602462
257.0   0.00153640816206
257.5   0.0020169537296
258.0   0.00250393971678
258.5   0.00298321273731
259.0   0.00343830366523
259.5   0.00385326497092
260.0   0.00421287048135
260.5   0.00450710998653
261.0   0.0047393868099
261.5   0.00492116867167
262.0   0.00506262854944
262.5   0.0051729406194
263.0   0.00526320267531
263.5   0.00534451251091
264.0   0.00542600730975
264.5   0.00551789704207
265.0   0.00563183439132
265.5   0.00577277637206
266.0   0.00593543303591
266.5   0.00611329367722
267.0   0.00629703614921
267.5   0.00647774522425
268.0   0.00664595078498
268.5   0.00679384738314
269.0   0.00691296370282
269.5   0.00699368165609
270.0   0.00702897264024
270.5   0.00701695003033
271.0   0.00697429750966
271.5   0.00692557819505
272.0   0.00689461535047
272.5   0.00690737781329
273.0   0.00698657906808
273.5   0.00715730012873
274.0   0.00744428907533
274.5   0.00787277489235
275.0   0.0084646202335
275.5   0.00922603986328
276.0   0.0101203740696
276.5   0.0110933176485
277.0   0.0120881978663
277.5   0.013051227416
278.0   0.0139266583803
278.5   0.0146576700552
279.0   0.0151893283615
279.5   0.0154659223746
280.0   0.015434441633
280.5   0.015070507983
281.0   0.0144238395407
281.5   0.0135698273183
282.0   0.012588264453
282.5   0.0115594989716
283.0   0.0105635089744
283.5   0.0096795327089
284.0   0.00898740030482
284.5   0.00856627602433
285.0   0.00849303058552
285.5   0.00881305396487
286.0   0.00949234992084
286.5   0.0104650345511
287.0   0.0116602669389
287.5   0.0130102395644
288.0   0.0144468489664
288.5   0.0158988473092
289.0   0.0172995738447
289.5   0.0185779657004
290.0   0.0196685828857
290.5   0.0205239268433
291.0   0.0211490655658
291.5   0.0215695239786
292.0   0.0218135644634
292.5   0.0219086355633
293.0   0.0218818898803
293.5   0.0217608129504
294.0   0.0215734082064
294.5   0.0213463103535
295.0   0.0211072268833
295.5   0.0208795741407
296.0   0.0206771873751
296.5   0.0205095367041
297.0   0.0203872390169
297.5   0.0203184696882
298.0   0.0203136976369
298.5   0.0203812832009
299.0   0.0205324351519
299.5   0.0207748479602
300.0   0.0211194714491
300.5   0.02157303828
301.0   0.0221402835116
301.5   0.0228216510558
302.0   0.0236210251402
302.5   0.0245384427576
303.0   0.0255762344446
303.5   0.0267369157012
304.0   0.0280213003655
304.5   0.0294326437904
305.0   0.0309714268803
305.5   0.0326335434516
306.0   0.0343988325121
306.5   0.0362438407245
307.0   0.0381420073689
307.5   0.0400689542919
308.0   0.0419973809207
308.5   0.0439039818884
309.0   0.04576212249
309.5   0.0475470176529
310.0   0.0492335123777
310.5   0.0508164276942
311.0   0.0523338660274
311.5   0.0538427960521
312.0   0.0554001864429
312.5   0.0570637457273
313.0   0.0588922922123
313.5   0.0609416847931
314.0   0.0632714816295
314.5   0.0659397611755
315.0   0.0689986830618
315.5   0.0711612731389
316.0   0.0691573815126
316.5   0.085043873278
317.0   0.0985524777674
317.5   0.103053742916
318.0   0.101429765763
318.5   0.0982458087332
319.0   0.0963506754857
319.5   0.0974874594931
320.0   0.102830677261
320.5   0.109271096906
321.0   0.103473609446
321.5   0.0804597446028
322.0   0.0631212914873
322.5   0.0702789985351
323.0   0.0830129770202
323.5   0.0796655124961
324.0   0.0694448143709
324.5   0.0685107500629
325.0   0.0792045841287
325.5   0.0960680516713
326.0   0.108263787159
326.5   0.108720276409
327.0   0.104911513591
327.5   0.105889229221
328.0   0.110570278629
328.5   0.117104289667
329.0   0.1314481881
329.5   0.154916692562
330.0   0.169290924964
330.5   0.16037791687
331.0   0.143785235495
331.5   0.138062103254
332.0   0.139556976073
332.5   0.139810005771
333.0   0.140569834717
333.5   0.1458153919
334.0   0.154395096255
334.5   0.162651854811
335.0   0.165904988088
335.5   0.160872878472
336.0   0.149055577751
336.5   0.135716769506
337.0   0.130734230035
337.5   0.138851896243
338.0   0.147461934567
338.5   0.146155354316
339.0   0.14706574333
339.5   0.162464672023
340.0   0.182166585283
340.5   0.19095603794
341.0   0.184028795076
341.5   0.167004409523
342.0   0.160719728918
342.5   0.176319897604
343.0   0.185981266924
343.5   0.165519154792
344.0   0.138628830588
344.5   0.133672555896
345.0   0.14271614803
345.5   0.148297968364
346.0   0.145775069916
346.5   0.13916041491
347.0   0.140642340303
347.5   0.156738950297
348.0   0.172047616934
348.5   0.17226846303
349.0   0.167683594501
349.5   0.172483390302
350.0   0.185798523254
350.5   0.199104038117
351.0   0.200182003818
351.5   0.18445347065
352.0   0.170110681996
352.5   0.175204939258
353.0   0.194725588553
353.5   0.216567896302
354.0   0.233426184874
354.5   0.240183261568
355.0   0.23237263432
355.5   0.210262499815
356.0   0.185762270461
356.5   0.168426776757
357.0   0.150662168361
357.5   0.126162308933
358.0   0.108850860449
358.5   0.112554194226
359.0   0.130164543289
359.5   0.148426332845
360.0   0.159580355425
360.5   0.161323818825
361.0   0.159482324914
361.5   0.160270268271
362.0   0.16315236531
362.5   0.165740000888
363.0   0.167714668324
363.5   0.16973631642
364.0   0.172892159039
364.5   0.179601515219
365.0   0.195065920895
365.5   0.220974830204
366.0   0.247015433332
366.5   0.260674967816
367.0   0.256130051346
367.5   0.23532464746
368.0   0.213369142215
368.5   0.204290776994
369.0   0.206323152957
369.5   0.211720749915
370.0   0.213135718619
370.5   0.205761604593
371.0   0.19067600361
371.5   0.171568192243
372.0   0.15315880203
372.5   0.138912194256
373.0   0.12820060372
373.5   0.119871709504
374.0   0.115449978544
374.5   0.117231914295
375.0   0.126525576715
375.5   0.141931164085
376.0   0.156474822805
376.5   0.167158668857
377.0   0.186061540966
377.5   0.219759991714
378.0   0.245971500866
378.5   0.24348596499
379.0   0.223011645285
379.5   0.203727378997
380.0   0.194136665631
380.5   0.193508530504
381.0   0.188907385212
381.5   0.170129918172
382.0   0.14579134668
382.5   0.128943416049
383.0   0.125095810953
383.5   0.134258889333
384.0   0.149934523017
384.5   0.163545597135
385.0   0.167628845386
385.5   0.160328346725
386.0   0.152908731744
386.5   0.155404255634
387.0   0.161916071085
387.5   0.164573252837
388.0   0.166347790059
388.5   0.171930350246
389.0   0.17939768574
389.5   0.186368949853
390.0   0.195954484249
390.5   0.210323537681
391.0   0.223492549681
391.5   0.227818469688
392.0   0.219893165239
392.5   0.201303990767
393.0   0.182317145352
393.5   0.17421760554
394.0   0.182058566757
394.5   0.203714061645
395.0   0.224728843906
395.5   0.230783430254
396.0   0.220634127935
396.5   0.204284118317
397.0   0.207082981903
397.5   0.246056214025
398.0   0.301767138693
398.5   0.348668264749
399.0   0.381745608973
399.5   0.404263032509
400.0   0.419959012148
400.5   0.433243071277
401.0   0.450078424409
401.5   0.47059084654
402.0   0.478481377902
402.5   0.459607729983
403.0   0.422411624569
403.5   0.386417780145
404.0   0.376255900327
404.5   0.402824018585
405.0   0.437082907918
405.5   0.447903256833
406.0   0.438599606398
406.5   0.425681774463
407.0   0.424782853169
407.5   0.445768781166
408.0   0.48489220343
408.5   0.530359864459
409.0   0.563009573697
409.5   0.568702741895
410.0   0.553787307083
410.5   0.533544931268
411.0   0.525587813143
411.5   0.538472351696
412.0   0.555596247466
412.5   0.557852798864
413.0   0.544772199287
413.5   0.52409331025
414.0   0.506011304953
414.5   0.500221955875
415.0   0.512577499593
415.5   0.539848478123
416.0   0.559399091461
416.5   0.553180627691
417.0   0.534140512866
417.5   0.522184489723
418.0   0.52369009041
418.5   0.534976546663
419.0   0.540924964117
419.5   0.531809976177
420.0   0.522191888253
420.5   0.525007028603
421.0   0.524651899202
421.5   0.50004809044
422.0   0.446308873796
422.5   0.379821991388
423.0   0.353609372457
423.5   0.401229635548
424.0   0.470531658306
424.5   0.502352732277
425.0   0.504757254258
425.5   0.50353279768
426.0   0.501886624939
426.5   0.495664461905
427.0   0.486290525444
427.5   0.479310013169
428.0   0.483704739498
428.5   0.498801438274
429.0   0.497173761856
429.5   0.464875482754
430.0   0.44832867226
430.5   0.489198147408
431.0   0.556757816546
431.5   0.609168997203
432.0   0.64889170033
432.5   0.691503529098
433.0   0.740115565026
433.5   0.78661162161
434.0   0.808674035602
434.5   0.796854885249
435.0   0.787836078188
435.5   0.815188440538
436.0   0.85772258475
436.5   0.876252201062
437.0   0.842019206582
437.5   0.754760953522
438.0   0.675448720794
438.5   0.65926443823
439.0   0.685902842515
439.5   0.713824891612
440.0   0.723243219248
440.5   0.715156626863
441.0   0.719717820097
441.5   0.757269054912
442.0   0.795682218375
442.5   0.803713321792
443.0   0.804345896036
443.5   0.82504698066
444.0   0.849935632796
444.5   0.853383347391
445.0   0.830174161377
445.5   0.795571240437
446.0   0.794983057368
446.5   0.857193589914
447.0   0.93872168213
447.5   0.986549473965
448.0   0.995731048668
448.5   0.984866308578
449.0   0.983856409346
449.5   1.01332105177
450.0   1.05984670248
450.5   1.10025007029
451.0   1.11964161525
451.5   1.10866219796
452.0   1.0643154141
452.5   0.996034388364
453.0   0.939454136518
453.5   0.927612790577
454.0   0.960070138057
454.5   1.01904381409
455.0   1.07579053284
455.5   1.11121469052
456.0   1.14036859472
456.5   1.17764978322
457.0   1.2025236383
457.5   1.19440005327
458.0   1.16803909383
458.5   1.14625782394
459.0   1.13665823234
459.5   1.13946967343
460.0   1.15177712671
460.5   1.17026605111
461.0   1.19288705405
461.5   1.21640327903
462.0   1.23331261745
462.5   1.23688240778
463.0   1.22695358163
463.5   1.20719580947
464.0   1.1848596499
464.5   1.16804279309
465.0   1.16341871236
465.5   1.17275195691
466.0   1.18648362705
466.5   1.19440375253
467.0   1.19594634587
467.5   1.19598703778
468.0   1.20300824196
468.5   1.21762033708
469.0   1.21751675767
469.5   1.18659090573
470.0   1.14765244669
470.5   1.13094656782
471.0   1.14600627395
471.5   1.18470428079
472.0   1.21509743863
472.5   1.21201595123
473.0   1.19080066883
473.5   1.17568547373
474.0   1.17292952161
474.5   1.1763254465
475.0   1.16687382548
475.5   1.13242997292
476.0   1.09048401178
476.5   1.06035720099
477.0   1.03711842086
477.5   1.01417558189
478.0   1.00517897042
478.5   1.02432266465
479.0   1.06606146698
479.5   1.1167635874
480.0   1.16188351756
480.5   1.19061200633
481.0   1.2022202986
481.5   1.1984914399
482.0   1.17854500525
482.5   1.14642059159
483.0   1.12163551886
483.5   1.121861174
484.0   1.14397167843
484.5   1.17377295394
485.0   1.18961690416
485.5   1.17682114796
486.0   1.14596188278
486.5   1.11601263669
487.0   1.10216628934
487.5   1.10909131265
488.0   1.11904603365
488.5   1.11739246238
489.0   1.11890916086
489.5   1.13900356609
490.0   1.16478744026
490.5   1.17484574067
491.0   1.1555910685
491.5   1.10964620233
492.0   1.07254257854
492.5   1.07441440642
493.0   1.09907000488
493.5   1.11933827555
494.0   1.12628549444
494.5   1.12095485417
495.0   1.11116660008
495.5   1.10633166127
496.0   1.11333066986
496.5   1.13003654873
497.0   1.13422041698
497.5   1.10912460603
498.0   1.07195439547
498.5   1.04499415516
499.0   1.02942764978
499.5   1.01744203252
500.0   1.0
500.5   0.973546558944
501.0   0.949338571492
501.5   0.941129903375
502.0   0.953866471345
502.5   0.982606057916
503.0   1.00599650789
503.5   1.00578564981
504.0   0.98811056362
504.5   0.968696823072
505.0   0.962970361492
505.5   0.975118746393
506.0   0.98167384324
506.5   0.962012251964
507.0   0.930202275788
507.5   0.907673754458
508.0   0.899820215741
508.5   0.904074370015
509.0   0.913840428523
509.5   0.920876429766
510.0   0.916614876962
510.5   0.899287521641
511.0   0.884653230938
511.5   0.885193323567
512.0   0.888089847738
512.5   0.880983560468
513.0   0.877517349551
513.5   0.890113345467
514.0   0.902024977434
514.5   0.89616534233
515.0   0.883687722881
515.5   0.876437164292
516.0   0.859716488362
516.5   0.817807519865
517.0   0.760265459227
517.5   0.710151521877
518.0   0.698754087687
518.5   0.742164957606
519.0   0.809232624554
519.5   0.859753481008
520.0   0.878190615706
520.5   0.873855077611
521.0   0.893475976976
521.5   0.967931075302
522.0   1.05164543289
522.5   1.09568517779
523.0   1.11852443734
523.5   1.15141829804
524.0   1.18971308504
524.5   1.21401725337
525.0   1.20492446102
525.5   1.1539818884
526.0   1.08100279664
526.5   1.01811529868
527.0   1.00052159631
527.5   1.04598555807
528.0   1.12402154452
528.5   1.19412260843
529.0   1.23792929966
529.5   1.25414317634
530.0   1.2624406268
530.5   1.28042275196
531.0   1.29996596677
531.5   1.30326941004
532.0   1.27436335656
532.5   1.21307764017
533.0   1.15728533168
533.5   1.14268063509
534.0   1.16187981829
534.5   1.19765910537
535.0   1.24952279487
535.5   1.31184060609
536.0   1.34889244018
536.5   1.33511637886
537.0   1.30180450127
537.5   1.28945635608
538.0   1.30440508427
538.5   1.33005578491
539.0   1.32694840266
539.5   1.2721659934
540.0   1.20732528373
540.5   1.18345392936
541.0   1.21059543363
541.5   1.27204761693
542.0   1.32464006156
542.5   1.33599680384
543.0   1.32656737841
543.5   1.3264009115
544.0   1.33760598393
544.5   1.35014279161
545.0   1.35225877096
545.5   1.34254080289
546.0   1.34581465205
546.5   1.37583788343
547.0   1.39333910419
547.5   1.36792885574
548.0   1.34434974327
548.5   1.36830618073
549.0   1.41225344402
549.5   1.43264748968
550.0   1.41985543274
550.5   1.38554845297
551.0   1.36067829715
551.5   1.3702002042
552.0   1.40506207366
552.5   1.44450733194
553.0   1.47175241562
553.5   1.48062695136
554.0   1.48721534159
554.5   1.50573386011
555.0   1.52390094849
555.5   1.52468149332
556.0   1.50595211672
556.5   1.47522972433
557.0   1.44924978914
557.5   1.43945043725
558.0   1.43466728814
558.5   1.41763587399
559.0   1.37919311641
559.5   1.32985602462
560.0   1.32085201462
560.5   1.3858998831
561.0   1.47337639277
561.5   1.52025717287
562.0   1.52029046626
562.5   1.49641171335
563.0   1.48789970554
563.5   1.517308859
564.0   1.55024341161
564.5   1.55166762848
565.0   1.54062162442
565.5   1.54196445747
566.0   1.5415427413
566.5   1.52570618961
567.0   1.52120418461
567.5   1.54991417706
568.0   1.58068835915
568.5   1.58100279664
569.0   1.56788520442
569.5   1.56346458324
570.0   1.55360604312
570.5   1.52502552493
571.0   1.50352169989
571.5   1.51555540758
572.0   1.54943697193
572.5   1.58394371199
573.0   1.61187315962
573.5   1.63194906853
574.0   1.64340199168
574.5   1.64618383865
575.0   1.64220342996
575.5   1.63410943904
576.0   1.62459862979
576.5   1.61580917714
577.0   1.60846613693
577.5   1.60275077315
578.0   1.59880365783
578.5   1.59697992039
579.0   1.59816738432
579.5   1.60343513709
580.0   1.61380417573
580.5   1.62932259067
581.0   1.64754886729
581.5   1.66509817848
582.0   1.67858939643
582.5   1.6858621506
583.0   1.6878782498
583.5   1.6868128616
584.0   1.68478566461
584.5   1.68240333822
585.0   1.67625516047
585.5   1.6613989139
586.0   1.6329959604
586.5   1.58876755301
587.0   1.53310841805
587.5   1.4729768722
588.0   1.41551249612
588.5   1.36728518371
589.0   1.33331853627
589.5   1.31804797206
590.0   1.32556117844
590.5   1.35713810095
591.0   1.40668975008
591.5   1.46532679303
592.0   1.5240563176
592.5   1.57591260857
593.0   1.61914591379
593.5   1.65401148252
594.0   1.68097542209
594.5   1.70050014057
595.0   1.71309243722
595.5   1.71926281055
596.0   1.71956615025
596.5   1.71487178349
597.0   1.70693316169
597.5   1.69781817375
598.0   1.6895503174
598.5   1.68340583892
599.0   1.67865968246
599.5   1.67383214217
600.0   1.66747310635
600.5   1.65917195662
601.0   1.65125183114
601.5   1.64708275995
602.0   1.6499607878
602.5   1.66144700434
603.0   1.67858569716
603.5   1.69668989805
604.0   1.71106154097
604.5   1.71867462748
605.0   1.72088308844
605.5   1.72068332815
606.0   1.7211383377
606.5   1.72390908687
607.0   1.72710895074
607.5   1.72745668161
608.0   1.7217339193
608.5   1.70839807046
609.0   1.69035305781
609.5   1.67220816502
610.0   1.65856157796
610.5   1.65225063257
611.0   1.65153297524
611.5   1.65289060535
612.0   1.65273523624
612.5   1.64835530696
613.0   1.63936239476
613.5   1.62624110327
614.0   1.60961660822
614.5   1.59037303384
615.0   1.57012695876
615.5   1.5507872035
616.0   1.53428848345
616.5   1.52261730368
617.0   1.51793033545
617.5   1.52243973898
618.0   1.53813941788
618.5   1.56489619864
619.0   1.59702431157
619.5   1.62669981208
620.0   1.64617644012
620.5   1.65051937675
621.0   1.6421368432
621.5   1.62627069739
622.0   1.60830706855
622.5   1.59251490804
623.0   1.58020375549
623.5   1.57154747636
624.0   1.56659786035
624.5   1.56526242583
625.0   1.56713425371
625.5   1.57166215356
626.0   1.57828753644
626.5   1.58644811411
627.0   1.59560379397
627.5   1.60520708483
628.0   1.61470309702
628.5   1.62349994821
629.0   1.63085778547
629.5   1.63599606398
630.0   1.63818232935
630.5   1.6372168213
631.0   1.63430919933
631.5   1.63120181708
632.0   1.62964072742
632.5   1.63074680753
633.0   1.63410204051
633.5   1.63866693301
634.0   1.64335020198
634.5   1.64718264009
635.0   1.64945028928
635.5   1.64955386869
636.0   1.64694588716
636.5   1.64150426895
637.0   1.63425740963
637.5   1.6266665187
638.0   1.6202002042
638.5   1.61598304257
639.0   1.61428138086
639.5   1.61501383525
640.0   1.61804723221
640.5   1.62305603646
641.0   1.62914872523
641.5   1.63524881254
642.0   1.64027611311
642.5   1.64347597698
643.0   1.6449149909
643.5   1.64498527693
644.0   1.64411964901
644.5   1.64289149317
645.0   1.64226631746
645.5   1.64335020198
646.0   1.64718264009
646.5   1.65405217443
647.0   1.6622756396
647.5   1.6694004232
648.0   1.67302940175
648.5   1.6719492165
649.0   1.66805019162
649.5   1.66441011527
650.0   1.6641252719
650.5   1.66928574599
651.0   1.67937364052
651.5   1.69286855773
652.0   1.70813172341
652.5   1.72345777659
653.0   1.73693049822
653.5   1.74655228541
654.0   1.75042541543
654.5   1.74761397434
655.0   1.73973084151
655.5   1.72933590802
656.0   1.719059351
656.5   1.71102824758
657.0   1.70609712789
657.5   1.70463221911
658.0   1.70689246978
658.5   1.71259673577
659.0   1.72004705465
659.5   1.72701276986
660.0   1.73128911972
660.5   1.73158136163
661.0   1.72893268818
661.5   1.72529261183
662.0   1.72261434427
662.5   1.721911484
663.0   1.72178940827
663.5   1.71992867818
664.0   1.71406534381
664.5   1.70331898019
665.0   1.69048253207
665.5   1.6797102736
666.0   1.6751342833
666.5   1.67889273612
667.0   1.68800032554
667.5   1.69749633773
668.0   1.70237936698
668.5   1.69942365458
669.0   1.68990914606
669.5   1.67688033619
670.0   1.66347050206
670.5   1.65198798479
671.0   1.64265104097
671.5   1.63486408902
672.0   1.62795016351
672.5   1.62143205931
673.0   1.61529497936
673.5   1.60970908983
674.0   1.6048556547
674.5   1.60091593791
675.0   1.59807490271
675.5   1.59649531673
676.0   1.59633994762
676.5   1.59758659978
677.0   1.59977656442
677.5   1.60228096654
678.0   1.60444873559
678.5   1.60567319217
679.0   1.60539574733
679.5   1.60310960181
680.0   1.59837454314
680.5   1.5913903316
681.0   1.58408058478
681.5   1.57900889303
682.0   1.57866856069
682.5   1.58399180243
683.0   1.59191562717
683.5   1.59783445051
684.0   1.5971463873
684.5   1.58690312366
685.0   1.56841419926
685.5   1.54465382282
686.0   1.51873307586
686.5   1.4936076708
687.0   1.47184119797
687.5   1.45583078084
688.0   1.44784776786
688.5   1.44894275018
689.0   1.45704044036
689.5   1.4688299966
690.0   1.48100057709
690.5   1.49128453263
691.0   1.50009988014
691.5   1.50892262618
692.0   1.51925097291
692.5   1.53197644308
693.0   1.546348086
693.5   1.56099717376
694.0   1.5745105873
694.5   1.58579704355
695.0   1.5945347065
695.5   1.60070877909
696.0   1.60435255471
696.5   1.60559920688
697.0   1.60486675249
697.5   1.60270268271
698.0   1.5996322931
698.5   1.59622896968
699.0   1.59308089552
699.5   1.59079105074
700.0   1.58996241547
700.5   1.59104999926
701.0   1.59419807342
701.5   1.59941773575
702.0   1.60665719655
702.5   1.615583522
703.0   1.6250573386
703.5   1.63362483538
704.0   1.63984699842
704.5   1.64272502626
705.0   1.64236249834
705.5   1.63929580799
706.0   1.63410943904
706.5   1.62748775543
707.0   1.62040366375
707.5   1.61390775514
708.0   1.60902842515
708.5   1.60634275906
709.0   1.60524407748
709.5   1.60467809
710.0   1.6035498143
710.5   1.6009381335
711.0   1.59633994762
711.5   1.58941122505
712.0   1.57991521286
712.5   1.56847338749
713.0   1.55792308489
713.5   1.55197096817
714.0   1.55423861736
714.5   1.56659046182
715.0   1.58637412882
715.5   1.60922078691
716.0   1.6306247318
716.5   1.6469310901
717.0   1.65656767435
717.5   1.65878353383
718.0   1.65301268108
718.5   1.6397545168
719.0   1.62229398796
719.5   1.60496663263
720.0   1.59208949261
720.5   1.58651470088
721.0   1.58734703541
721.5   1.59223376393
722.0   1.59873337181
722.5   1.60486675249
723.0   1.60988665453
723.5   1.61351933236
724.0   1.61555762714
724.5   1.61603483228
725.0   1.61560941685
725.5   1.61517660289
726.0   1.61561681538
726.5   1.61749234252
727.0   1.62049614537
727.5   1.62399564966
728.0   1.62731758926
728.5   1.62981829212
729.0   1.63091327444
729.5   1.63001805241
730.0   1.62662952605
730.5   1.6207328983
731.0   1.61365990441
731.5   1.60723798109
732.0   1.60328346725
732.5   1.60288394667
733.0   1.60524407748
733.5   1.60884346192
734.0   1.61212470961
734.5   1.61400023675
735.0   1.61450333674
735.5   1.61413341028
736.0   1.61343055001
736.5   1.61292005149
737.0   1.61311981178
737.5   1.61455142718
738.0   1.61769950134
738.5   1.62264541809
739.0   1.62847545908
739.5   1.63387268611
740.0   1.63755715364
740.5   1.6388038058
741.0   1.63834139773
741.5   1.63746837129
742.0   1.63747946908
742.5   1.63902946094
743.0   1.64113434249
743.5   1.64218493364
744.0   1.64058685133
744.5   1.63572601767
745.0   1.62948535831
745.5   1.62470960773
746.0   1.62420650775
746.5   1.62937438037
747.0   1.63801216318
747.5   1.64651677247
748.0   1.65127772599
748.5   1.6501383525
749.0   1.64467823797
749.5   1.63790858377
750.0   1.63287758394
750.5   1.6315236531
751.0   1.63290717805
751.5   1.63496766843
752.0   1.63561134047
752.5   1.63336958613
753.0   1.62841257158
753.5   1.62153933798
754.0   1.61367470147
754.5   1.60622438259
755.0   1.6017741673
755.5   1.60178156582
756.0   1.60246592977
756.5   1.60315029372
757.0   1.60383465767
757.5   1.60451902162
758.0   1.60520708483
758.5   1.60588774952
759.0   1.60657211346
759.5   1.60725647741
760.0   1.60794454063
760.5   1.60862520531
761.0   1.60931326852
761.5   1.60999763247
762.0   1.61068199642
762.5   1.61136636037
763.0   1.61205072432
763.5   1.612731389
764.0   1.61341575295
764.5   1.61410381616
765.0   1.61479187937
765.5   1.61547624332
766.0   1.61615690801
766.5   1.61684497122
767.0   1.6175256359
767.5   1.61821369912
768.0   1.61889806307
768.5   1.61957872775
769.0   1.62026679096
769.5   1.62095115491
770.0   1.62163921812
770.5   1.62232358207
771.0   1.62300424676
771.5   1.6236886107
772.0   1.62437667392
772.5   1.62506103787
773.0   1.62672200766
773.5   1.63441277874
774.0   1.64411594975
774.5   1.65361936047
775.0   1.66111776979
775.5   1.66473934982
776.0   1.66271215282
776.5   1.65441100309
777.0   1.64218123437
777.5   1.62950385463
778.0   1.61987096965
778.5   1.61545404774
779.0   1.61508042201
779.5   1.616282683
780.0   1.61654163152
780.5   1.61408531984
781.0   1.60909131265
781.5   1.60249922315
782.0   1.59531155206
782.5   1.58849380743
783.0   1.58293381276
783.5   1.57947130111
784.0   1.57890161436
784.5   1.58156878413
785.0   1.58663307734
785.5   1.5928108492
786.0   1.59878886077
786.5   1.60352391944
787.0   1.60665719655
787.5   1.60809990974
788.0   1.60777437445
788.5   1.60564729732
789.0   1.60177046803
789.5   1.59621417262
790.0   1.58907089271
790.5   1.58060697533
791.0   1.5715437771
791.5   1.56276542223
792.0   1.55514863645
792.5   1.54916322635
793.0   1.54430609195
793.5   1.53965611636
794.0   1.53434027315
794.5   1.52818099762
795.0   1.52280966544
795.5   1.52054571551
796.0   1.52364569923
796.5   1.5329567482
797.0   1.5457007147
797.5   1.55769003122
798.0   1.56476672438
798.5   1.56445598615
799.0   1.55858895252
799.5   1.55070581968
800.0   1.54437267871
800.5   1.54199035232
801.0   1.54292996552
801.5   1.54537517941
802.0   1.54745416611
802.5   1.5477686036
803.0   1.54615202498
803.5   1.5429114692
804.0   1.5384094642
804.5   1.5330714254
805.0   1.52744854323
805.5   1.52215119634
806.0   1.51776756781
806.5   1.51465278703
807.0   1.51253310842
807.5   1.51089433421
808.0   1.50924076294
808.5   1.5074059277
809.0   1.50614447848
809.5   1.50655139758
810.0   1.50970317101
810.5   1.51619538036
811.0   1.52533996242
811.5   1.53596425031
812.0   1.54686228378
812.5   1.55702786286
813.0   1.56597638389
813.5   1.57342300351
814.0   1.57908287832
814.5   1.58247140468
815.0   1.58260087895
815.5   1.57828013791
816.0   1.56836240955
816.5   1.55238528581
817.0   1.53161761442
817.5   1.50801260709
818.0   1.48357526524
818.5   1.46028099614
819.0   1.44003862032
819.5   1.42473106346
820.0   1.41613767183
820.5   1.41514626892
821.0   1.42031784081
821.5   1.42932185082
822.0   1.43977227327
822.5   1.44977878398
823.0   1.4586866131
823.5   1.46632189521
824.0   1.47258844942
824.5   1.4776046522
825.0   1.48205856676
825.5   1.48684171587
826.0   1.49286041935
826.5   1.50065476983
827.0   1.50991772836
827.5   1.52000192362
828.0   1.53017860049
828.5   1.53921220461
829.0   1.54458723606
829.5   1.54329249345
830.0   1.53243885116
830.5   1.5109683195
831.0   1.48253577189
831.5   1.45262351844
832.0   1.42675456119
832.5   1.40912016691
833.0   1.40040469955
833.5   1.39995708853
834.0   1.40691170595
834.5   1.41952619819
835.0   1.43380166023
835.5   1.4448772584
836.0   1.44803273109
836.5   1.44078957103
837.0   1.42653260532
837.5   1.41088101685
838.0   1.39955016943
838.5   1.39670913422
839.0   1.40257986712
839.5   1.41585282846
840.0   1.43501501901
840.5   1.45800594842
841.0   1.48132981163
841.5   1.50094701173
842.0   1.51288453855
842.5   1.51458989953
843.0   1.50713958065
843.5   1.49301578846
844.0   1.47483390302
844.5   1.45522040218
845.0   1.43678326749
845.5   1.42216377384
846.0   1.41382563146
846.5   1.41278613812
847.0   1.41622275492
847.5   1.41984803421
848.0   1.41942631805
848.5   1.41249019695
849.0   1.40128882378
849.5   1.38985439695
850.0   1.38222651337
850.5   1.38055444578
851.0   1.38215992661
851.5   1.38245586777
852.0   1.37694026428
852.5   1.36346014412
853.0   1.34603290866
853.5   1.33103239076
854.0   1.32482132552
854.5   1.33111747385
855.0   1.34679865643
855.5   1.3661051183
856.0   1.38317722437
856.5   1.39377931667
857.0   1.39785590625
857.5   1.39697548127
858.0   1.39288779391
858.5   1.38756455217
859.0   1.38354345156
859.5   1.383591542
860.0   1.39031310575
860.5   1.40455897368
861.0   1.42259288853
861.5   1.43892514168
862.0   1.44809561859
862.5   1.44674168775
863.0   1.43694973439
863.5   1.42290362676
864.0   1.40883532354
864.5   1.39741939302
865.0   1.38730560365
865.5   1.37556043858
866.0   1.35933176485
866.5   1.33781314275
867.0   1.31556576553
867.5   1.29921871532
868.0   1.29529009633
868.5   1.30724242021
869.0   1.33052559151
869.5   1.3575191252
870.0   1.38053594945
870.5   1.39415664166
871.0   1.39888800107
871.5   1.39750077685
872.0   1.39298397479
872.5   1.38794557642
873.0   1.38409464199
873.5   1.38278880159
874.0   1.3852525118
874.5   1.3919481807
875.0   1.40122593628
875.5   1.41066645951
876.0   1.4178541306
876.5   1.42119086726
877.0   1.42125745402
877.5   1.41946331069
878.0   1.41721785709
878.5   1.41500939613
879.0   1.41098459626
879.5   1.4023838061
880.0   1.38659164558
880.5   1.36346754265
881.0   1.33928914932
881.5   1.32279782779
882.0   1.32255737559
882.5   1.3429366242
883.0   1.37739157455
883.5   1.4151795623
884.0   1.44548393779
884.5   1.46078779539
885.0   1.46220461372
885.5   1.45417720957
886.0   1.4413777541
886.5   1.42771267072
887.0   1.41499459907
887.5   1.40427043104
888.0   1.3964501857
888.5   1.39199997041
889.0   1.39025761679
889.5   1.39010594694
890.0   1.39039448958
890.5   1.38990618665
891.0   1.38731670144
891.5   1.38124250899
892.0   1.37048134831
892.5   1.35563619952
893.0   1.34198961247
893.5   1.33661828029
894.0   1.34638433879
894.5   1.37392166437
895.0   1.41096609994
895.5   1.44507331942
896.0   1.46385078646
896.5   1.45982598659
897.0   1.4383073645
897.5   1.40950858969
898.0   1.38382089641
898.5   1.36847264764
899.0   1.36248353827
899.5   1.36170299344
900.0   1.36178437727
900.5   1.35963510454
901.0   1.35535505541
901.5   1.3502907622
902.0   1.34590713366
902.5   1.34358769477
903.0   1.34454950356
903.5   1.3499356328
904.0   1.36073748539
904.5   1.37639647238
905.0   1.39235879907
905.5   1.40253547595
906.0   1.40101137894
906.5   1.38515263166
907.0   1.36085216259
907.5   1.33728414791
908.0   1.32353768071
908.5   1.32469555052
909.0   1.335342034
909.5   1.34604770572
910.0   1.34739793729
910.5   1.33421005904
911.0   1.31227711931
911.5   1.29163522292
912.0   1.28228718131
912.5   1.28997795238
913.0   1.30931030911
913.5   1.33060697533
914.0   1.34410189254
914.5   1.34346191977
915.0   1.33123215105
915.5   1.31339429721
916.0   1.29609283674
916.5   1.28388896287
917.0   1.2771489028
917.5   1.27463710214
918.0   1.27499593081
918.5   1.27723028662
919.0   1.28128837987
919.5   1.28747724952
920.0   1.29607064116
920.5   1.30668753052
921.0   1.31717864489
921.5   1.32473624244
922.0   1.32659327326
922.5   1.32096299256
923.0   1.30865184001
923.5   1.29146135748
924.0   1.27132626034
924.5   1.25058078454
925.0   1.23256166674
925.5   1.22100516417
926.0   1.21946627011
926.5   1.22938769773
927.0   1.24670025599
927.5   1.26521137598
928.0   1.27874328583
928.5   1.28327118569
929.0   1.28041535343
929.5   1.27397493378
930.0   1.26786744795
930.5   1.26530015833
931.0   1.26756410826
931.5   1.27523268374
932.0   1.28866471345
932.5   1.30710924668
933.0   1.32684482325
933.5   1.34299211317
934.0   1.35080126071
934.5   1.34764578802
935.0   1.33644441485
935.5   1.32226883296
936.0   1.31024992232
936.5   1.30407584972
937.0   1.30366893062
937.5   1.30748657167
938.0   1.31382341191
938.5   1.32050798301
939.0   1.32423684172
939.5   1.32125153519
940.0   1.30798227312
940.5   1.28315280922
941.0   1.25140572054
941.5   1.21968082745
942.0   1.19491425105
942.5   1.18173377133
943.0   1.17878915672
943.5   1.18242923307
944.0   1.1888918483
944.5   1.19554682529
945.0   1.20274189491
945.5   1.21196046226
946.0   1.2246896317
946.5   1.24118465249
947.0   1.2585859931
947.5   1.27280226691
948.0   1.27983456889
948.5   1.2777444844
949.0   1.26990574274
949.5   1.26176736065
950.0   1.25873766295
950.5   1.26381305396
951.0   1.27375297791
951.5   1.28291605629
952.0   1.28570900105
952.5   1.27943134905
953.0   1.26888844498
953.5   1.26177845844
954.0   1.26567748332
954.5   1.28400364008
955.0   1.3093842944
955.5   1.33029623711
956.0   1.33530134209
956.5   1.31809236324
957.0   1.28566091061
957.5   1.25009988014
958.0   1.22361314571
958.5   1.21427250263
959.0   1.21941078114
959.5   1.23221393587
960.0   1.24564966485
960.5   1.25431334251
961.0   1.25712478359
961.5   1.25463887779
962.0   1.24761027508
962.5   1.23700818277
963.0   1.2243345023
963.5   1.21132788802
964.0   1.19970109942
964.5   1.19090054897
965.0   1.18564759326
965.5   1.18438244477
966.0   1.18745653364
966.5   1.1946996937
967.0   1.20451384265
967.5   1.21477930187
968.0   1.22335049792
968.5   1.22848507717
969.0   1.22948017934
969.5   1.22603986328
970.0   1.21797176721
970.5   1.20584927716
971.0   1.19223968275
971.5   1.18044642725
972.0   1.17377295394
972.5   1.17449431053
973.0   1.18222947278
973.5   1.19559121647
974.0   1.21300735414
974.5   1.23221393587
975.0   1.24911957503
975.5   1.25893742324
976.0   1.25707669315
976.5   1.24165445909
977.0   1.21784969148
977.5   1.19354182389
978.0   1.1766287862
978.5   1.17245601574
979.0   1.17970657433
979.5   1.19451473047
980.0   1.21280019532
980.5   1.23086740356
981.0   1.24602698983
981.5   1.2559854101
982.0   1.25860818869
982.5   1.25304819402
983.0   1.24178393335
983.5   1.22858125805
984.0   1.21722451577
984.5   1.21043266599
985.0   1.20818351312
985.5   1.2093968719
986.0   1.21288897767
986.5   1.21756114884
987.0   1.22255515603
987.5   1.22707565736
988.0   1.2303827999
988.5   1.23200307779
989.0   1.23220653734
989.5   1.23152957192
990.0   1.23051597342
990.5   1.22951717199
991.0   1.22835190364
991.5   1.2266539412
992.0   1.22404595966
992.5   1.22055385389
993.0   1.217157929
993.5   1.21520841657
994.0   1.21601485625
994.5   1.22003965612
995.0   1.22551086844
995.5   1.22982051168
996.0   1.23037540137
996.5   1.22581050887
997.0   1.21790887971
997.5   1.20966691822
998.0   1.20407363016
998.5   1.20284547432
999.0   1.2044139625
999.5   1.20593436025
1000.0   1.20458782794
1000.5   1.199024134
1001.0   1.19169959012
1001.5   1.18653911602
1002.0   1.18740104467
1002.5   1.19592415028
1003.0   1.20802074548
1003.5   1.21739468194
1004.0   1.21783119516
1004.5   1.20611192495
1005.0   1.18683505719
1005.5   1.16760997914
1006.0   1.15601648392
1006.5   1.15659726846
1007.0   1.16599340051
1007.5   1.17776446043
1008.0   1.18543303591
1008.5   1.18486334917
1009.0   1.17808259718
1009.5   1.16945961143
1010.0   1.16348529912
1010.5   1.16327814031
1011.0   1.16843121587
1011.5   1.17717627736
1012.0   1.18759340643
1012.5   1.19756292449
1013.0   1.20448054927
1013.5   1.20553114041
1014.0   1.19810671638
1014.5   1.18171897427
1015.0   1.16139151537
1015.5   1.14427871739
1016.0   1.13742028085
1016.5   1.144622749
1017.0   1.16129903375
1017.5   1.17962519051
1018.0   1.19175137983
1018.5   1.19270579009
1019.0   1.18506310945
1019.5   1.17426125686
1020.0   1.16586022699
1020.5   1.16366286382
1021.0   1.16683313357
1021.5   1.17278525029
1022.0   1.17878175819
1022.5   1.18244033086
1023.0   1.18230345807
1023.5   1.17726136044
1024.0   1.16637812403
1024.5   1.15000517897
1025.0   1.13184548912
1025.5   1.11691155798
1026.0   1.11010491114
1026.5   1.11414080881
1027.0   1.12598215475
1027.5   1.1404129859
1028.0   1.15216185022
1028.5   1.15781802578
1029.0   1.15877243604
1029.5   1.15826193753
1030.0   1.15860596913
1030.5   1.15717435374
1031.0   1.15862446546
1031.5   1.15845060002
1032.0   1.15379692517
1032.5   1.14392358799
1033.0   1.13207854279
1033.5   1.12306713425
1034.0   1.12159112768
1034.5   1.12990337521
1035.0   1.14388289608
1035.5   1.15694499933
1036.0   1.16256048298
1036.5   1.15711516551
1037.0   1.14458575635
1037.5   1.13185288765
1038.0   1.12581938711
1038.5   1.13046566343
1039.0   1.14222932481
1039.5   1.15464405676
1040.0   1.16119545434
1040.5   1.15798819195
1041.0   1.14785960551
1041.5   1.13624761397
1042.0   1.12862712893
1042.5   1.12830529291
1043.0   1.1329441707
1043.5   1.1380306595
1044.0   1.13902206241
1044.5   1.13321791628
1045.0   1.12270830559
1045.5   1.11142924787
1046.0   1.10335745254
1046.5   1.10091593791
1047.0   1.10256211065
1047.5   1.1052107841
1048.0   1.10576937305
1048.5   1.10251771948
1049.0   1.0973128542
1049.5   1.09338053595
1050.0   1.09392802711
1050.5   1.10043873278
1051.0   1.1099421435
1051.5   1.11774389251
1052.0   1.11921619982
1052.5   1.11194714491
1053.0   1.09930305855
1053.5   1.08689572513
1054.0   1.08030363564
1054.5   1.08282653409
1055.0   1.09176765659
1055.5   1.10214039449
1056.0   1.10892114648
1056.5   1.10906911706
1057.0   1.10470028558
1057.5   1.09991343721
1058.0   1.09882585342
1058.5   1.10380136429
1059.0   1.11263520812
1059.5   1.12137657034
1060.0   1.12603394445
1060.5   1.12388837099
1061.0   1.11561311611
1061.5   1.10316139152
1062.0   1.09106849558
1062.5   1.092696172
1063.0   1.09255190068
1063.5   1.09170106983
1064.0   1.09085393824
1064.5   1.09000680665
1065.0   1.08915967506
1065.5   1.08831254347
1066.0   1.08746541188
1066.5   1.08662197955
1067.0   1.08577854722
1067.5   1.0849351149
1068.0   1.08409168257
1068.5   1.08324825025
1069.0   1.08240851719
1069.5   1.08156508486
1070.0   1.0807253518
1070.5   1.07988561874
1071.0   1.07904588568
1071.5   1.07820985188
1072.0   1.07737011882
1072.5   1.07653408502
1073.0   1.07569805123
1073.5   1.07486201743
1074.0   1.07402598363
1074.5   1.0731936491
1075.0   1.07235761531
1075.5   1.07152528077
1076.0   1.07069294624
1076.5   1.06986431097
1077.0   1.06902827718
1077.5   1.06819964191
1078.0   1.06737100664
1078.5   1.06654237138
1079.0   1.06571373611
1079.5   1.06488510084
1080.0   1.06406016484
1080.5   1.06323152957
1081.0   1.06240659357
1081.5   1.06158165757
1082.0   1.06075672156
1082.5   1.05993178556
1083.0   1.05911054882
1083.5   1.05828561282
1084.0   1.05746437608
1084.5   1.05664683861
1085.0   1.05582560187
1085.5   1.0550080644
1086.0   1.05418682766
1086.5   1.05336929019
1087.0   1.05255175271
1087.5   1.05173421524
1088.0   1.05092037703
1088.5   1.05010283956
1089.0   1.04928900135
1089.5   1.04847516314
1090.0   1.04766132493
1090.5   1.04684748672
1091.0   1.04603734778
1091.5   1.04522350957
1092.0   1.04441337062
1092.5   1.04360323168
1093.0   1.04279309273
1093.5   1.04198295379
1094.0   1.04117651411
1094.5   1.04037007443
1095.0   1.03956363475
1095.5   1.03875719507
1096.0   1.03795075539
1096.5   1.03714801497
1097.0   1.03634527456
1097.5   1.03554253414
1098.0   1.03473979373
1098.5   1.03393705331
1099.0   1.03313801216
1099.5   1.03233527175
1100.0   1.0315362306
1100.5   1.03073718945
1101.0   1.0299381483
1101.5   1.02914280641
1102.0   1.02834376526
1102.5   1.02754842337
1103.0   1.02675308149
1103.5   1.0259577396
1104.0   1.02516239772
1104.5   1.02437075509
1105.0   1.02357911247
1105.5   1.02278746985
1106.0   1.02199582723
1106.5   1.02120418461
1107.0   1.02041624125
1107.5   1.01962459863
1108.0   1.01883665527
1108.5   1.01804871192
1109.0   1.01726076856
1109.5   1.01647652447
1110.0   1.01569228037
1110.5   1.01490433702
1111.0   1.01412379219
1111.5   1.0133395481
1112.0   1.01255530401
1112.5   1.01177475918
1113.0   1.01099421435
1113.5   1.01021366952
1114.0   1.00943312469
1114.5   1.00865627913
1115.0   1.0078757343
1115.5   1.00709888874
1116.0   1.00632204318
1116.5   1.00554519761
1117.0   1.00476835205
1117.5   1.00399520575
1118.0   1.00322205945
1118.5   1.00244891316
1119.0   1.00167576686
1119.5   1.00090262056
1120.0   1.00012947426
1120.5   0.999363726491
1121.0   0.998594279457
1121.5   0.997821133159
1122.0   0.997055385389
1122.5   0.996285938355
1123.0   0.995520190586
1123.5   0.994754442817
1124.0   0.993988695047
1124.5   0.993226646543
1125.0   0.992460898773
1125.5   0.991698850269
1126.0   0.990936801764
1126.5   0.990174753259
1127.0   0.989412704754
1127.5   0.98865065625
1128.0   0.987896006274
1128.5   0.987133957769
1129.0   0.986379307794
1129.5   0.985620958553
1130.0   0.984862609313
1130.5   0.984107959338
1131.0   0.983353309362
1131.5   0.982602358651
1132.0   0.981844009411
1132.5   0.9810930587
1133.0   0.980342107989
1133.5   0.979591157278
1134.0   0.978840206567
1134.5   0.978089255856
1135.0   0.97734200441
1135.5   0.976591053699
1136.0   0.975847501517
1136.5   0.97510025007
1137.0   0.974352998624
1137.5   0.973609446442
1138.0   0.972862194996
1138.5   0.972118642814
1139.0   0.971375090632
1139.5   0.970635237715
1140.0   0.969891685533
1140.5   0.969151832616
1141.0   0.968411979698
1141.5   0.967672126781
1142.0   0.966932273864
1142.5   0.966196120211
1143.0   0.965456267294
1143.5   0.964720113641
1144.0   0.963987659253
1144.5   0.963251505601
1145.0   0.962519051213
1145.5   0.961786596825
1146.0   0.961054142436
1146.5   0.960321688048
1147.0   0.95958923366
1147.5   0.958860478537
1148.0   0.958131723413
1148.5   0.95740296829
1149.0   0.956677912431
1149.5   0.955949157308
1150.0   0.955220402184
1150.5   0.954495346325
1151.0   0.953770290466
1151.5   0.953048933872
1152.0   0.952323878013
1152.5   0.951602521419
1153.0   0.950881164824
1153.5   0.95015980823
1154.0   0.949438451636
1154.5   0.948720794306
1155.0   0.948003136976
1155.5   0.947285479647
1156.0   0.946567822317
1156.5   0.945850164987
1157.0   0.945136206922
1157.5   0.944422248857
1158.0   0.943708290792
1158.5   0.942994332727
1159.0   0.942284073926
1159.5   0.941570115861
1160.0   0.94085985706
1160.5   0.94014959826
1161.0   0.939439339459
1161.5   0.938732779923
1162.0   0.938026220387
1162.5   0.937315961587
1163.0   0.936609402051
1163.5   0.935906541779
1164.0   0.935199982244
1164.5   0.934497121972
1165.0   0.933794261701
1165.5   0.933091401429
1166.0   0.932392240423
1166.5   0.931689380151
1167.0   0.930990219144
1167.5   0.930294757402
1168.0   0.929591897131
1168.5   0.928896435389
1169.0   0.928200973646
1169.5   0.927505511904
1170.0   0.926810050162
1170.5   0.92611458842
1171.0   0.925422825942
1171.5   0.924731063465
1172.0   0.924039300987
1172.5   0.923347538509
1173.0   0.922655776032
1173.5   0.921967712819
1174.0   0.921279649606
1174.5   0.920591586393
1175.0   0.91990352318
1175.5   0.919219159231
1176.0   0.918534795283
1176.5   0.91784673207
1177.0   0.917166067386
1177.5   0.916481703437
1178.0   0.915797339489
1178.5   0.91512037407
1179.0   0.914436010121
1179.5   0.913759044702
1180.0   0.913078380018
1180.5   0.912401414599
1181.0   0.91172444918
1181.5   0.91104748376
1182.0   0.910370518341
1182.5   0.909697252186
1183.0   0.909023986032
1183.5   0.908350719877
1184.0   0.907677453722
1184.5   0.907004187568
1185.0   0.906334620677
1185.5   0.905665053787
1186.0   0.904995486897
1186.5   0.904329619272
1187.0   0.903660052382
1187.5   0.902994184756
1188.0   0.902324617866
1188.5   0.901662449505
1189.0   0.90099658188
1189.5   0.900334413519
1190.0   0.899672245158
1190.5   0.899010076797
1191.0   0.8983516077
1191.5   0.897689439339
1192.0   0.897030970243
1192.5   0.896372501147
1193.0   0.89571403205
1193.5   0.895059262219
1194.0   0.894400793122
1194.5   0.893746023291
1195.0   0.893094952723
1195.5   0.892436483627
1196.0   0.89178541306
1196.5   0.891134342493
1197.0   0.890483271926
1197.5   0.889832201358
1198.0   0.889184830056
1198.5   0.888533759489
1199.0   0.887886388186
1199.5   0.887242716148
1200.0   0.886595344845
1200.5   0.885951672807
