115.0   0.0
115.5   0.0
116.0   0.0
116.5   0.0
117.0   0.0
117.5   0.0
118.0   0.0
118.5   0.0
119.0   0.0
119.5   0.0
120.0   0.0
120.5   0.0
121.0   0.0
121.5   0.0
122.0   0.0
122.5   0.0
123.0   0.0
123.5   0.0
124.0   0.0
124.5   0.0
125.0   0.0
125.5   0.0
126.0   0.0
126.5   0.0
127.0   0.0
127.5   0.0
128.0   0.0
128.5   0.0
129.0   0.0
129.5   0.0
130.0   0.0
130.5   0.0
131.0   0.0
131.5   0.0
132.0   0.0
132.5   0.0
133.0   0.0
133.5   0.0
134.0   0.0
134.5   0.0
135.0   0.0
135.5   0.0
136.0   0.0
136.5   0.0
137.0   0.0
137.5   0.0
138.0   0.0
138.5   0.0
139.0   0.0
139.5   0.0
140.0   0.0
140.5   0.0
141.0   0.0
141.5   0.0
142.0   0.0
142.5   0.0
143.0   0.0
143.5   0.0
144.0   0.0
144.5   0.0
145.0   0.0
145.5   0.0
146.0   0.0
146.5   0.0
147.0   0.0
147.5   0.0
148.0   0.0
148.5   0.0
149.0   0.0
149.5   0.0
150.0   0.0
150.5   0.0
151.0   0.0
151.5   0.0
152.0   0.0
152.5   0.0
153.0   0.0
153.5   0.0
154.0   0.0
154.5   0.0
155.0   0.0
155.5   0.0
156.0   0.0
156.5   0.0
157.0   0.0
157.5   0.0
158.0   0.0
158.5   0.0
159.0   0.0
159.5   0.0
160.0   0.0
160.5   0.0
161.0   0.0
161.5   0.0
162.0   0.0
162.5   0.0
163.0   0.0
163.5   0.0
164.0   0.0
164.5   0.0
165.0   0.0
165.5   0.0
166.0   0.0
166.5   0.0
167.0   0.0
167.5   0.0
168.0   0.0
168.5   0.0
169.0   0.0
169.5   0.0
170.0   0.0
170.5   0.0
171.0   0.0
171.5   0.0
172.0   0.0
172.5   0.0
173.0   0.0
173.5   0.0
174.0   0.0
174.5   0.0
175.0   0.0
175.5   0.0
176.0   0.0
176.5   0.0
177.0   0.0
177.5   0.0
178.0   0.0
178.5   0.0
179.0   0.0
179.5   0.0
180.0   0.0
180.5   0.0
181.0   0.0
181.5   0.0
182.0   0.0
182.5   0.0
183.0   0.0
183.5   0.0
184.0   0.0
184.5   0.0
185.0   0.0
185.5   0.0
186.0   0.0
186.5   0.0
187.0   0.0
187.5   0.0
188.0   0.0
188.5   0.0
189.0   0.0
189.5   0.0
190.0   0.0
190.5   0.0
191.0   0.0
191.5   0.0
192.0   0.0
192.5   0.0
193.0   0.0
193.5   0.0
194.0   0.0
194.5   0.0
195.0   0.0
195.5   0.0
196.0   0.0
196.5   0.0
197.0   0.0
197.5   0.0
198.0   0.0
198.5   0.0
199.0   0.0
199.5   0.0
200.0   0.0
200.5   0.0
201.0   0.0
201.5   0.0
202.0   0.0
202.5   0.0
203.0   0.0
203.5   0.0
204.0   0.0
204.5   0.0
205.0   0.0
205.5   0.0
206.0   0.0
206.5   0.0
207.0   0.0
207.5   0.0
208.0   0.0
208.5   0.0
209.0   0.0
209.5   0.0
210.0   0.0
210.5   0.0
211.0   0.0
211.5   0.0
212.0   0.0
212.5   0.0
213.0   0.0
213.5   0.0
214.0   0.0
214.5   0.0
215.0   0.0
215.5   0.0
216.0   0.0
216.5   0.0
217.0   0.0
217.5   0.0
218.0   0.0
218.5   0.0
219.0   0.0
219.5   0.0
220.0   0.0
220.5   0.0
221.0   0.0
221.5   0.0
222.0   0.0
222.5   0.0
223.0   0.0
223.5   0.0
224.0   0.0
224.5   0.0
225.0   0.0
225.5   0.0
226.0   0.0
226.5   0.0
227.0   0.0
227.5   0.0
228.0   0.0
228.5   0.0
229.0   0.0
229.5   0.0
230.0   0.0
230.5   0.0
231.0   0.0
231.5   0.0
232.0   0.0
232.5   0.0
233.0   0.0
233.5   0.0
234.0   0.0
234.5   0.0
235.0   0.0
235.5   0.0
236.0   0.0
236.5   0.0
237.0   0.0
237.5   0.0
238.0   0.0
238.5   0.0
239.0   0.0
239.5   0.0
240.0   0.0
240.5   0.0
241.0   0.0
241.5   0.0
242.0   0.0
242.5   0.0
243.0   0.0
243.5   0.0
244.0   0.0
244.5   0.0
245.0   0.0
245.5   0.0
246.0   0.0
246.5   0.0
247.0   0.0
247.5   0.0
248.0   0.0
248.5   0.0
249.0   0.0
249.5   0.0
250.0   0.0
250.5   0.0
251.0   0.0
251.5   0.0
252.0   0.0
252.5   0.0
253.0   0.0
253.5   0.0
254.0   0.0
254.5   0.0
255.0   0.0
255.5   0.0
256.0   0.0
256.5   0.0
257.0   0.0
257.5   0.0
258.0   0.0
258.5   0.0
259.0   0.0
259.5   0.0
260.0   0.0
260.5   0.0
261.0   0.0
261.5   0.0
262.0   0.0
262.5   0.0
263.0   0.0
263.5   0.0
264.0   0.0
264.5   0.0
265.0   0.0
265.5   0.0
266.0   0.0
266.5   0.0
267.0   0.0
267.5   0.0
268.0   0.0
268.5   0.0
269.0   0.0
269.5   0.0
270.0   0.0
270.5   0.0
271.0   0.0
271.5   0.0
272.0   0.0
272.5   0.0
273.0   0.0
273.5   0.0
274.0   0.0
274.5   0.0
275.0   0.0
275.5   0.0
276.0   1.91282117246e-07
276.5   1.33689974687e-06
277.0   1.52749231667e-06
277.5   1.52749231667e-06
278.0   1.52749231667e-06
278.5   1.52749231667e-06
279.0   1.33621525273e-06
279.5   1.90595326145e-07
280.0   0.0
280.5   0.0
281.0   0.0
281.5   0.0
282.0   0.0
282.5   0.0
283.0   0.0
283.5   0.0
284.0   0.0
284.5   0.0
285.0   3.82543102458e-07
285.5   3.24759393419e-06
286.0   7.63945993872e-06
286.5   1.20306506369e-05
287.0   1.52762554036e-05
287.5   1.81399675669e-05
288.0   1.94755121073e-05
288.5   1.81379921811e-05
289.0   1.48910551776e-05
289.5   8.77980880103e-06
290.0   1.14364270325e-06
290.5   0.0
291.0   0.0
291.5   0.0
292.0   0.0
292.5   0.0
293.0   0.0
293.5   0.0
294.0   0.0
294.5   0.0
295.0   6.12034233895e-06
295.5   4.96653328984e-05
296.0   0.000104083995241
296.5   0.000159645165588
297.0   0.000209285231924
297.5   0.000246511147148
298.0   0.000263876166282
298.5   0.000253934922524
299.0   0.000210194368772
299.5   0.000125400245315
300.0   1.63931752718e-05
300.5   0.0
301.0   0.0
301.5   0.0
302.0   0.0
302.5   0.0
303.0   0.0
303.5   0.0
304.0   0.0
304.5   0.0
305.0   8.54887242224e-05
305.5   0.000704679826717
306.0   0.00155593787182
306.5   0.00254656627419
307.0   0.00364544122309
307.5   0.00482086007378
308.0   0.00604174036081
308.5   0.00727534580736
309.0   0.00849163217398
309.5   0.00965784480818
310.0   0.0107440313489
310.5   0.0117301623032
311.0   0.0126214288011
311.5   0.013434782409
312.0   0.0141885988083
312.5   0.0149007942888
313.0   0.0155875853895
313.5   0.0162680828192
314.0   0.0169603866243
314.5   0.0176808511616
315.0   0.018447071146
315.5   0.0192635486198
316.0   0.0202009840178
316.5   0.0224658786562
317.0   0.0287741582789
317.5   0.0338342237882
318.0   0.048301857322
318.5   0.0755846912196
319.0   0.0876226002508
319.5   0.0660803292922
320.0   0.0478911608377
320.5   0.0640709485067
321.0   0.0766426710891
321.5   0.0536707721002
322.0   0.0461261766179
322.5   0.0938473624006
323.0   0.126217044363
323.5   0.0803375612714
324.0   0.0230022188636
324.5   0.0147505730916
325.0   0.0411915710748
325.5   0.0551582835276
326.0   0.0721888652557
326.5   0.110656517165
327.0   0.13204489179
327.5   0.103443602736
328.0   0.0639257806219
328.5   0.0566439573868
329.0   0.0629936741716
329.5   0.0540741183118
330.0   0.0374127040275
330.5   0.0314652768526
331.0   0.0444465933783
331.5   0.0722779873116
332.0   0.0907060396272
332.5   0.0799847481843
333.0   0.0522558446152
333.5   0.0323197919873
334.0   0.0441746332903
334.5   0.0890499313209
335.0   0.112636037468
335.5   0.0796131000234
336.0   0.0551798749535
336.5   0.0476518175846
337.0   0.0667492041033
337.5   0.0583078753578
338.0   0.0497089751423
338.5   0.0729941795028
339.0   0.0886576105182
339.5   0.0658001001475
340.0   0.0645960336091
340.5   0.0725467316553
341.0   0.096761286114
341.5   0.0786451609939
342.0   0.0665383431567
342.5   0.0506442973369
343.0   0.0785496074495
343.5   0.107430206864
344.0   0.123846581434
344.5   0.128100092338
345.0   0.1226884541
345.5   0.111069051218
346.0   0.0979483551468
346.5   0.0881251751432
347.0   0.0851428020158
347.5   0.0891555914902
348.0   0.0929984059096
348.5   0.0917286463095
349.0   0.0931233605447
349.5   0.10466007286
350.0   0.120212790393
350.5   0.130113607652
351.0   0.129470458795
351.5   0.117576339472
352.0   0.099739524713
352.5   0.0838702860634
353.0   0.0782868352023
353.5   0.0835850036062
354.0   0.0810882078657
354.5   0.0614666550287
355.0   0.0572939971242
355.5   0.0924425415405
356.0   0.126997092048
356.5   0.118639832046
357.0   0.0834729119483
357.5   0.0558588563895
358.0   0.0568695188787
358.5   0.0861309542951
359.0   0.103915398362
359.5   0.0834168661194
360.0   0.0683520229329
360.5   0.100235208725
361.0   0.144600995043
361.5   0.155908011338
362.0   0.137528654579
362.5   0.113074297475
363.0   0.107251962752
363.5   0.129628489657
364.0   0.151855714148
364.5   0.150630056184
365.0   0.15167609186
365.5   0.176250350286
366.0   0.186238911425
366.5   0.150673698428
367.0   0.115758525168
367.5   0.125191681329
368.0   0.139293179406
368.5   0.113631999412
369.0   0.0754886782832
369.5   0.0623831421497
370.0   0.0654913886962
370.5   0.0676505312869
371.0   0.0773041956275
371.5   0.102542275553
372.0   0.124171371607
372.5   0.123408321427
373.0   0.110270627851
373.5   0.0999398196427
374.0   0.0921228046803
374.5   0.0849103496433
375.0   0.0878233545726
375.5   0.107024563692
376.0   0.128249854143
376.5   0.136080650867
377.0   0.132761543373
377.5   0.126516567974
378.0   0.123086746999
378.5   0.125594108756
379.0   0.133086792938
379.5   0.141182658869
380.0   0.141202412727
380.5   0.130353410297
381.0   0.121958020755
381.5   0.143160341604
382.0   0.136432085778
382.5   0.0634539849963
383.0   0.0163791638146
383.5   0.0729528342192
384.0   0.144600076259
384.5   0.136027820782
385.0   0.101914746025
385.5   0.12411808213
386.0   0.199947629307
386.5   0.27996361615
387.0   0.284454632739
387.5   0.174212027802
388.0   0.0443781439643
388.5   0.00737907653012
389.0   0.0377375860786
389.5   0.121526192237
390.0   0.176339931734
390.5   0.15731558855
391.0   0.164306616624
391.5   0.224743774089
392.0   0.27673960281
392.5   0.266159804115
393.0   0.227628756104
393.5   0.213887880779
394.0   0.216249615259
394.5   0.205599988975
395.0   0.18115436032
395.5   0.160316796751
396.0   0.173147616444
396.5   0.231491783773
397.0   0.281098773883
397.5   0.277292251434
398.0   0.278993380161
398.5   0.338292623542
399.0   0.382410797551
399.5   0.351109202082
400.0   0.32590098264
400.5   0.379502386542
401.0   0.43611740223
401.5   0.407805070769
402.0   0.330096150754
402.5   0.274750435274
403.0   0.260654449901
403.5   0.280090867746
404.0   0.314724893077
404.5   0.343503507458
405.0   0.366334832483
405.5   0.385784572696
406.0   0.387991492059
406.5   0.367121771048
407.0   0.33748179659
407.5   0.316685578306
408.0   0.312076957355
408.5   0.318710119028
409.0   0.327277780585
409.5   0.329209983508
410.0   0.316645611198
410.5   0.291779179434
411.0   0.268953367114
411.5   0.259413631999
412.0   0.26340988336
412.5   0.275904887472
413.0   0.295730410375
413.5   0.32077049233
414.0   0.333293059964
414.5   0.323790535605
415.0   0.317944312497
415.5   0.336309428103
416.0   0.357690911847
416.5   0.356600774535
417.0   0.337128064719
417.5   0.313532770731
418.0   0.29426816551
418.5   0.281799346745
419.0   0.271318776731
419.5   0.262780056873
420.0   0.272208619113
420.5   0.304247998199
421.0   0.321895084046
421.5   0.291279820286
422.0   0.231196854083
422.5   0.180553934923
423.0   0.167473205959
423.5   0.200456176296
424.0   0.249130600563
424.5   0.275848841643
425.0   0.27522452786
425.5   0.256641201035
426.0   0.232985726689
426.5   0.219989985254
427.0   0.224074439886
427.5   0.244182488894
428.0   0.274326875813
428.5   0.302762783732
429.0   0.320899581494
429.5   0.326762802108
430.0   0.325962081781
430.5   0.326934155339
431.0   0.326847330243
431.5   0.32370600747
432.0   0.335027264918
432.5   0.36786277041
433.0   0.395309147874
433.5   0.394412414611
434.0   0.375372911489
434.5   0.361918696797
435.0   0.367403378369
435.5   0.389832275966
436.0   0.416644233022
436.5   0.434083673666
437.0   0.438469489478
437.5   0.436563931293
438.0   0.433949990582
438.5   0.43183540902
439.0   0.427363227505
439.5   0.417792713123
440.0   0.417042066529
440.5   0.438650489942
441.0   0.469484883705
441.5   0.493970479467
442.0   0.512291034046
442.5   0.528213562172
443.0   0.545730180679
443.5   0.564160989347
444.0   0.571603140404
444.5   0.56566779524
445.0   0.576050055357
445.5   0.624180559448
446.0   0.677607853766
446.5   0.699810271087
447.0   0.699304939843
447.5   0.69633267334
448.0   0.699121183026
448.5   0.713454214692
449.0   0.742905838413
449.5   0.786148411193
450.0   0.833020181092
450.5   0.865572701087
451.0   0.872105255904
451.5   0.854708079328
452.0   0.826014452474
452.5   0.806563793476
453.0   0.8113644403
453.5   0.836084326003
454.0   0.864860643424
454.5   0.886373972685
455.0   0.910188856068
455.5   0.950909366544
456.0   0.988138497512
456.5   0.996366208959
457.0   0.989686648689
457.5   0.983778867047
458.0   0.967360195517
458.5   0.935901028579
459.0   0.912853329903
459.5   0.918577354729
460.0   0.943467215487
460.5   0.968531645221
461.0   0.982648762628
461.5   0.983723740002
462.0   0.979478957548
462.5   0.975523592078
463.0   0.972643203984
463.5   0.970378401224
464.0   0.962476858126
464.5   0.94938877889
465.0   0.947064255165
465.5   0.962899498803
466.0   0.982189370587
466.5   0.987633166268
467.0   0.975165266287
467.5   0.955599759279
468.0   0.955650292403
468.5   0.986925702525
469.0   1.0122014526
469.5   1.00112091658
470.0   0.985487805438
470.5   0.998056771668
471.0   1.01950119212
471.5   1.0228731297
472.0   1.01588118284
472.5   1.01866509861
473.0   1.02973185287
473.5   1.04291640443
474.0   1.0708244709
474.5   1.10951906247
475.0   1.11476072566
475.5   1.05367995994
476.0   0.945419631659
476.5   0.834889906697
477.0   0.766913666454
477.5   0.763348784219
478.0   0.80140482086
478.5   0.847564533097
479.0   0.891064365419
479.5   0.92391089632
480.0   0.922491374914
480.5   0.879322304862
481.0   0.834853155334
481.5   0.830305174133
482.0   0.856756967829
482.5   0.887274381084
483.0   0.911470559861
483.5   0.928036236844
484.0   0.941390763464
484.5   0.956082120921
485.0   0.964626812876
485.5   0.962306883071
486.0   0.96376315584
486.5   0.982947367454
487.0   1.01375879162
487.5   1.04354577153
488.0   1.06937279205
488.5   1.09298094901
489.0   1.1163915674
489.5   1.14622448651
490.0   1.18903063686
490.5   1.24178721879
491.0   1.29101566986
491.5   1.32294341668
492.0   1.33914617395
492.5   1.35923538789
493.0   1.40675490056
493.5   1.47697756789
494.0   1.50602492661
494.5   1.43297240432
495.0   1.28578778844
495.5   1.13217168399
496.0   1.01790250782
496.5   0.969266672486
497.0   0.976938519563
497.5   1.0124724939
498.0   1.06380496052
498.5   1.11521552378
499.0   1.12565750486
499.5   1.07383808268
500.0   1.0
500.5   0.953036351692
501.0   0.942874599755
501.5   0.961264063139
502.0   0.992939144336
502.5   1.02260668232
503.0   1.04350442624
503.5   1.0561698648
504.0   1.07817474354
504.5   1.12151378865
505.0   1.16454044717
505.5   1.18677502194
506.0   1.19730888143
506.5   1.21090688583
507.0   1.22862563683
507.5   1.24318836452
508.0   1.24530616183
508.5   1.23237427588
509.0   1.21633689975
509.5   1.20981812669
510.0   1.21106767304
510.5   1.21155003468
511.0   1.20485669265
511.5   1.19479141304
512.0   1.20532527253
512.5   1.24812682895
513.0   1.28713840104
513.5   1.29055627782
514.0   1.28324275654
514.5   1.2961562668
515.0   1.31089356346
515.5   1.28813987569
516.0   1.20215087353
516.5   1.05704270968
517.0   0.915692372714
517.5   0.851506116805
518.0   0.876887527047
518.5   0.961222717855
519.0   1.04886093744
519.5   1.09013271836
520.0   1.09926543213
520.5   1.12423798345
521.0   1.19435958453
521.5   1.31159643328
522.0   1.43261867245
522.5   1.50368662113
523.0   1.5267113502
523.5   1.53112151379
524.0   1.52824571961
524.5   1.5253607376
525.0   1.5290083104
525.5   1.53151659094
526.0   1.52164425599
526.5   1.50596979957
527.0   1.51735353433
527.5   1.58075882377
528.0   1.66828219534
528.5   1.73249601477
529.0   1.75736749985
529.5   1.7516159115
530.0   1.73688780268
530.5   1.73200446529
531.0   1.72893572646
531.5   1.7110240308
532.0   1.68526591908
532.5   1.67120852264
533.0   1.68109463935
533.5   1.71935740241
534.0   1.77877057502
534.5   1.83961245687
535.0   1.88097152229
535.5   1.89796443387
536.0   1.90827319126
536.5   1.93422424763
537.0   1.98451389431
537.5   2.0454981877
538.0   2.08167531089
538.5   2.07328681223
539.0   2.04368358914
539.5   2.02641044841
540.0   2.03077007888
540.5   2.04929735987
541.0   2.08134454862
541.5   2.121839957
542.0   2.13885583818
542.5   2.11867474584
543.0   2.10310594959
543.5   2.11425539441
544.0   2.08967792024
544.5   1.97161875973
545.0   1.8025854584
545.5   1.65740379182
546.0   1.57005498923
546.5   1.54763206373
547.0   1.57321101255
547.5   1.61904915035
548.0   1.67036324129
548.5   1.71158448909
549.0   1.71384010401
549.5   1.66297621727
550.0   1.58371271459
550.5   1.50982869271
551.0   1.45650705856
551.5   1.42514895787
552.0   1.40566614143
552.5   1.3863441122
553.0   1.36715530667
553.5   1.35066313241
554.0   1.33446037514
554.5   1.32298476197
555.0   1.33706972193
555.5   1.3969698501
556.0   1.50195930705
556.5   1.63252771282
557.0   1.75222690292
557.5   1.82418607215
558.0   1.83375520836
558.5   1.78704881959
559.0   1.70871788275
559.5   1.63238989521
560.0   1.58298228125
560.5   1.57234735551
561.0   1.59865673767
561.5   1.6413250704
562.0   1.66664675968
562.5   1.65471634838
563.0   1.61805226963
563.5   1.59120080485
564.0   1.61173103515
564.5   1.68650168367
565.0   1.76892120967
565.5   1.80899397737
566.0   1.80745960795
566.5   1.79246505175
567.0   1.78211035516
567.5   1.78688343846
568.0   1.81707927728
568.5   1.86682224744
569.0   1.90568222015
569.5   1.91908727989
570.0   1.93930052968
570.5   1.99164365878
571.0   2.04121665388
571.5   2.04719334433
572.0   2.0255743549
572.5   2.01611087886
573.0   2.04431755015
573.5   2.11582192127
574.0   2.20255973245
574.5   2.26580423468
575.0   2.28862683125
575.5   2.27056353622
576.0   2.22268569775
576.5   2.16225726873
577.0   2.10449331355
577.5   2.0623165303
578.0   2.04606323991
578.5   2.05932588812
579.0   2.09210810413
579.5   2.12195480501
580.0   2.12088901548
580.5   2.07048452079
581.0   1.97876230596
581.5   1.87641894717
582.0   1.80272327602
582.5   1.78315776901
583.0   1.80997248242
583.5   1.85132235999
584.0   1.86979451394
584.5   1.84286954644
585.0   1.77583505988
585.5   1.69010331727
586.0   1.60356763859
586.5   1.51794155614
587.0   1.42000836094
587.5   1.29418547494
588.0   1.14134574304
588.5   0.988230375921
589.0   0.877222883236
589.5   0.844197189439
590.0   0.898354917103
590.5   1.01478782979
591.0   1.14428125818
591.5   1.24562773625
592.0   1.30432425728
592.5   1.33124922478
593.0   1.3507963561
593.5   1.37543814516
594.0   1.39819642685
594.5   1.40598312194
595.0   1.39553654693
595.5   1.3809186922
596.0   1.38559070926
596.5   1.42492844969
597.0   1.49310222851
597.5   1.5706567928
598.0   1.63770506112
598.5   1.68451711006
599.0   1.71592114995
599.5   1.73982331782
600.0   1.7606429651
600.5   1.77901864672
601.0   1.79442665576
601.5   1.8108682969
602.0   1.83466939852
602.5   1.86871034872
603.0   1.91062987243
603.5   1.95340845925
604.0   1.99094078896
604.5   2.02124688188
605.0   2.04362386817
605.5   2.05766748285
606.0   2.0608740393
606.5   2.05117627332
607.0   2.03407310765
607.5   2.02002949297
608.0   2.02126066364
608.5   2.04526389776
609.0   2.08567202165
609.5   2.12765126631
610.0   2.1542592533
610.5   2.15398361808
611.0   2.1315193473
611.5   2.10283490828
612.0   2.08886939025
612.5   2.10411661208
613.0   2.14073015771
613.5   2.17194584687
614.0   2.16144873874
614.5   2.08139048783
615.0   1.93543704262
615.5   1.75531401743
616.0   1.58548596787
616.5   1.46161549805
617.0   1.39105747454
617.5   1.35728297172
618.0   1.33629334938
618.5   1.31337428048
619.0   1.28904947193
619.5   1.27122506075
620.0   1.26350268055
620.5   1.25975863542
621.0   1.24990008223
621.5   1.23002678256
622.0   1.20700205348
622.5   1.19419879731
623.0   1.20127343474
623.5   1.22779413724
624.0   1.26516108582
624.5   1.30418643967
625.0   1.34247217233
625.5   1.38388177086
626.0   1.43331235443
626.5   1.49116818802
627.0   1.55127044869
627.5   1.60676041327
628.0   1.65495063833
628.5   1.69969542308
629.0   1.7516388811
629.5   1.82058443855
630.0   1.91151190514
630.5   2.02233564101
631.0   2.14154328162
631.5   2.25726873056
632.0   2.3614450636
632.5   2.45060846476
633.0   2.52714777264
633.5   2.59148562792
634.0   2.63969882258
634.5   2.6657509452
635.0   2.66511239026
635.5   2.63898676492
636.0   2.59378258812
636.5   2.53967079966
637.0   2.49007024104
637.5   2.45920368984
638.0   2.46217595634
638.5   2.51144575269
639.0   2.606429651
639.5   2.73315753931
640.0   2.86581617887
640.5   2.97563844009
641.0   3.04648588059
641.5   3.07986071233
642.0   3.09343574713
642.5   3.11087886291
643.0   3.14814474524
643.5   3.20682289059
644.0   3.27729362961
644.5   3.34721309819
645.0   3.40832142742
645.5   3.46078399846
646.0   3.50780277381
646.5   3.54884485871
647.0   3.57994110594
647.5   3.59442573698
648.0   3.59079194594
648.5   3.57998245122
649.0   3.58390106533
649.5   3.62638564124
650.0   3.72079989342
650.5   3.86020700205
651.0   4.01725476504
651.5   4.15986843012
652.0   4.26750398523
652.5   4.33769449511
653.0   4.3811208247
653.5   4.4071453838
654.0   4.4119184671
654.5   4.38073493539
655.0   4.30471474051
655.5   4.19047312786
656.0   4.06350176177
656.5   3.95816776079
657.0   3.89647140974
657.5   3.8797816969
658.0   3.89023286583
658.5   3.90112045719
659.0   3.89081629372
659.5   3.84881407945
660.0   3.77505868733
660.5   3.67710252252
661.0   3.56805663385
661.5   3.46345306621
662.0   3.37771213576
662.5   3.31754556021
663.0   3.27572250883
663.5   3.23561758369
664.0   3.18304475857
664.5   3.11742060557
665.0   3.05356051801
665.5   3.00959669973
666.0   2.98963611556
666.5   2.97578544554
667.0   2.94053629427
667.5   2.86921567997
668.0   2.77547214017
668.5   2.6956252096
669.0   2.66115702479
669.5   2.67126364969
670.0   2.68945557449
670.5   2.66949958425
671.0   2.59134321639
671.5   2.47893457798
672.0   2.3860730709
672.5   2.35671791951
673.0   2.39403433496
673.5   2.46190950896
674.0   2.5140137542
674.5   2.52786901814
675.0   2.51667363411
675.5   2.51078422815
676.0   2.52636221225
676.5   2.55111425539
677.0   2.55812917185
677.5   2.5290083104
678.0   2.47314623827
678.5   2.42238341778
679.0   2.40406745713
679.5   2.42305872408
680.0   2.46108260328
680.5   2.49297359874
681.0   2.5069666803
681.5   2.51094501537
682.0   2.51925541738
682.5   2.53642749186
683.0   2.55463779235
683.5   2.55882744776
684.0   2.54376398275
684.5   2.52375745938
685.0   2.51947133164
685.5   2.54605634903
686.0   2.59911153579
686.5   2.65411454481
687.0   2.68699323316
687.5   2.68788445371
688.0   2.67134634025
688.5   2.67023920544
689.0   2.71256758805
689.5   2.80761580125
690.0   2.93744917976
690.5   3.06686451151
691.0   3.16863822417
691.5   3.23984858438
692.0   3.30540382857
692.5   3.40165105499
693.0   3.54537185489
693.5   3.71798841413
694.0   3.87340533538
694.5   3.96533427662
695.0   3.98676491531
695.5   3.97766895291
696.0   3.99830024945
696.5   4.08913124371
697.0   4.2379604831
697.5   4.39421349786
698.0   4.50421492197
698.5   4.54956610422
699.0   4.56473982332
699.5   4.60306230734
700.0   4.69585949954
700.5   4.832390814
701.0   4.96860055403
701.5   5.0736175745
702.0   5.15819164917
702.5   5.25939571571
703.0   5.39996968013
703.5   5.54752640356
704.0   5.62034004199
704.5   5.53957892126
705.0   5.2932529091
705.5   4.9604233757
706.0   4.66305890784
706.5   4.48577951938
707.0   4.42329301403
707.5   4.39032244727
708.0   4.29312427933
708.5   4.10708428466
709.0   3.89444549084
709.5   3.75603985685
710.0   3.75342591614
710.5   3.8568855976
711.0   3.95902222998
711.5   3.95082208206
712.0   3.79325520606
712.5   3.5393859766
713.0   3.30465501955
713.5   3.18949462282
714.0   3.22126617634
714.5   3.35560159685
715.0   3.51191433257
715.5   3.6313746388
716.0   3.70404127178
716.5   3.75856651308
717.0   3.83309368382
717.5   3.94161586556
718.0   4.06618001737
718.5   4.17237308146
719.0   4.23512603421
719.5   4.25782459493
720.0   4.27387575283
720.5   4.32771190606
721.0   4.44585375714
721.5   4.62047326568
722.0   4.81194786819
722.5   4.97379168409
723.0   5.08749121413
723.5   5.17404067457
724.0   5.27602570758
724.5   5.42528218156
725.0   5.61909968348
725.5   5.82288599268
726.0   5.9974549681
726.5   6.12957611896
727.0   6.23799264054
727.5   6.35352973874
728.0   6.49162298614
728.5   6.64000661525
729.0   6.77382751666
729.5   6.88242779506
730.0   6.98358592239
730.5   7.11102127445
731.0   7.28467146578
731.5   7.49181133688
732.0   7.6913712393
732.5   7.8408114701
733.0   7.92671778169
733.5   7.96911966703
734.0   8.00651417914
734.5   8.072896329
735.0   8.17896995117
735.5   8.31550126563
736.0   8.46498743563
736.5   8.61079846931
737.0   8.73965793669
737.5   8.84246987537
738.0   8.91482412176
738.5   8.96145241388
739.0   8.99884692598
739.5   9.04565897491
740.0   9.11135203671
740.5   9.18967837963
741.0   9.26074632831
741.5   9.30838528292
742.0   9.3308036145
742.5   9.34012927292
743.0   9.35322194608
743.5   9.37628342651
744.0   9.40292816487
744.5   9.424795226
745.0   9.44248181956
745.5   9.4701372204
746.0   9.52517238686
746.5   9.61112463765
747.0   9.70957235195
747.5   9.78996595905
748.0   9.8301168234
748.5   9.83149499952
749.0   9.82051552975
749.5   9.82961149215
750.0   9.87568851382
750.5   9.95029378121
751.0   10.0257718935
751.5   10.0760293827
752.0   10.0945888212
752.5   10.0982180183
753.0   10.1149398886
753.5   10.1640488977
754.0   10.2428346326
754.5   10.3270411937
755.0   10.3843273811
755.5   10.396455331
756.0   10.3652626115
756.5   10.299431732
757.0   10.1957010093
757.5   10.0243018389
758.0   9.74986103391
758.5   9.37793723786
759.0   8.99048599084
759.5   8.71471294888
760.0   8.65094933365
760.5   8.79790884743
761.0   9.01653351954
761.5   9.1236178042
762.0   9.00293551514
762.5   8.67355142205
763.0   8.28270067393
763.5   7.96452574663
764.0   7.75168941423
764.5   7.57560444508
765.0   7.3279002568
765.5   6.98767451155
766.0   6.64336017714
766.5   6.41926873975
767.0   6.38968389234
767.5   6.50048925252
768.0   6.61207557918
768.5   6.61887458138
769.0   6.52359667216
769.5   6.44729165422
770.0   6.53894036632
770.5   6.85964194984
771.0   7.33575586069
771.5   7.80263599153
772.0   8.10877484737
772.5   8.19808066005
773.0   8.12264848699
773.5   7.98317706347
774.0   7.85620110346
774.5   7.76161228231
775.0   7.68241309451
775.5   7.60146821696
776.0   7.52640355753
776.5   7.48289913129
777.0   7.48505827388
777.5   7.52571446947
778.0   7.5826331433
778.5   7.63785206658
779.0   7.69647049095
779.5   7.77819633497
780.0   7.89694917746
780.5   8.04151985263
781.0   8.17116028648
781.5   8.2382315244
782.0   8.21907487631
782.5   8.13670588343
783.0   8.05842547972
783.5   8.05663385076
784.0   8.1646369195
784.5   8.35716812371
785.0   8.56476738684
785.5   8.72045534939
786.0   8.80355936953
786.5   8.84954451279
787.0   8.91744265639
787.5   9.04464831242
788.0   9.2164609356
788.5   9.37260829019
789.0   9.44868361211
789.5   9.41698556131
790.0   9.302551004
790.5   9.16712223044
791.0   9.07698951208
791.5   9.06858263774
792.0   9.1372617478
792.5   9.25229351476
793.0   9.37453773676
793.5   9.4814842038
794.0   9.57322479431
794.5   9.66537883765
795.0   9.77962963814
795.5   9.92727823998
796.0   10.1014337626
796.5   10.2802291447
797.0   10.434263296
797.5   10.5431851488
798.0   10.6072703384
798.5   10.6449404858
799.0   10.6852291677
799.5   10.7460526739
800.0   10.8289729372
800.5   11.0028987638
801.0   11.1736088461
801.5   11.2984256635
802.0   11.3678398008
802.5   11.3960924113
803.0   11.4164894179
803.5   11.4677116304
804.0   11.5727745901
804.5   11.7220770033
805.0   11.8763867897
805.5   11.9916941919
806.0   12.0490263186
806.5   12.0690558115
807.0   12.0967112124
807.5   12.1621745782
808.0   12.2560743113
808.5   12.3406024467
809.0   12.3838312377
809.5   12.3897114559
810.0   12.3991289927
810.5   12.457058329
811.0   12.5778324965
811.5   12.7359092976
812.0   12.8823634802
812.5   12.9711639616
813.0   12.9770901189
813.5   12.9018417027
814.0   12.7809756568
814.5   12.6844114499
815.0   12.6896025799
815.5   12.8218615484
816.0   12.9893558864
816.5   12.9834297291
817.0   12.5854584043
817.5   11.7293813367
818.0   10.6069947032
818.5   9.62384979718
819.0   9.19252661028
819.5   9.4836433464
820.0   10.3243767198
820.5   11.3126208775
821.0   12.060143606
821.5   12.4076736846
822.0   12.470564455
822.5   12.4877916565
823.0   12.6231744909
823.5   12.8705571047
824.0   13.1031472949
824.5   13.2054539023
825.0   13.1715967089
825.5   13.0895952297
826.0   13.045309837
826.5   13.0451720193
827.0   13.0161384424
827.5   12.8762995052
828.0   12.6146757381
828.5   12.3081693687
829.0   12.0673101218
829.5   11.9658763592
830.0   12.0032249321
830.5   12.1169244622
831.0   12.2292917553
831.5   12.2936985194
832.0   12.3078477942
832.5   12.2959036012
833.0   12.2829487456
833.5   12.280559907
834.0   12.2914474984
834.5   12.3203891969
835.0   12.3737246128
835.5   12.445573528
836.0   12.5053404325
836.5   12.5041919524
837.0   12.4070305358
837.5   12.2303942962
838.0   12.0497154066
838.5   11.9643144263
839.0   12.03855218
839.5   12.2569471561
840.0   12.5263805879
840.5   12.7291562346
841.0   12.7828591642
841.5   12.6687461813
842.0   12.4219607771
842.5   12.1003404095
843.0   11.7576798864
843.5   11.4361513972
844.0   11.1685555336
844.5   10.9723951323
845.0   10.8402739814
845.5   10.7409993614
846.0   10.6424597687
846.5   10.5431392096
847.0   10.482683217
847.5   10.5136921798
848.0   10.6540364482
848.5   10.8555717364
849.0   11.0223310471
849.5   11.071164421
850.0   10.9864065895
850.5   10.8273191259
851.0   10.685964195
851.5   10.6263351081
852.0   10.6495803454
852.5   10.7143546231
853.0   10.7860657206
853.5   10.8658621181
854.0   10.9819504867
854.5   11.1546359548
855.0   11.3670588343
855.5   11.5719476844
856.0   11.72515493
856.5   11.8122556609
857.0   11.850109565
857.5   11.8675664625
858.0   11.8846099072
858.5   11.9080389013
859.0   11.9388641072
859.5   11.974375112
860.0   12.0008360935
860.5   11.9904997726
861.0   11.9191561887
861.5   11.7988414133
862.0   11.6923543383
862.5   11.6835799503
863.0   11.8152876483
863.5   12.0388278153
864.0   12.2286486064
864.5   12.2680644435
865.0   12.1435232613
865.5   11.963809095
866.0   11.8875500163
866.5   12.0052003179
867.0   12.2605304141
867.5   12.4884807446
868.0   12.5375438145
868.5   12.3764350259
869.0   12.110584852
869.5   11.8998157838
870.0   11.841105481
870.5   11.9138731802
871.0   12.0229787899
871.5   12.0861451954
872.0   12.095057401
872.5   12.108793223
873.0   12.1891868301
873.5   12.3409699604
874.0   12.5028597155
874.5   12.5927167986
875.0   12.5668989659
875.5   12.4531075575
876.0   12.3360544655
876.5   12.301048792
877.0   12.3829124537
877.5   12.5481557707
878.0   12.7190496097
878.5   12.8264095296
879.0   12.8590263645
879.5   12.868581719
880.0   12.9259597848
880.5   13.0627207953
881.0   13.2439050161
881.5   13.3939883958
882.0   13.4599570928
882.5   13.4580735854
883.0   13.4564197741
883.5   13.5101686428
884.0   13.6005769964
884.5   13.6284620933
885.0   13.4774139903
885.5   13.1038823221
886.0   12.5786134629
886.5   12.0510017043
887.0   11.6658014783
887.5   11.4888436643
888.0   11.4900840228
888.5   11.5909205757
889.0   11.7282787958
889.5   11.8849774209
890.0   12.0974921789
890.5   12.4434603246
891.0   12.5761786851
891.5   12.6454090656
892.0   12.6778421437
892.5   12.6799094079
893.0   12.6708134455
893.5   12.6703081142
894.0   12.6843655107
894.5   12.704257186
895.0   12.7212546915
895.5   12.7403194612
896.0   12.778770575
896.5   12.8496547669
897.0   12.9432788648
897.5   13.0257856752
898.0   13.0650636947
898.5   13.0615723152
899.0   13.0555542795
899.5   13.1013556659
900.0   13.2221298334
900.5   13.3847546157
901.0   13.5217912614
901.5   13.5857845727
902.0   13.5899650403
902.5   13.5993825771
903.0   13.6690264104
903.5   13.7926947478
904.0   13.8969308018
904.5   13.8954607472
905.0   13.7717464707
905.5   13.5875762017
906.0   13.4475075685
906.5   13.428718434
907.0   13.5179783075
907.5   13.6447245715
908.0   13.734443837
908.5   13.7555299317
909.0   13.7403699943
909.5   13.7406456296
910.0   13.7889736722
910.5   13.8860432104
911.0   14.0020856399
911.5   14.1103643438
912.0   14.1987513724
912.5   14.2631581365
913.0   14.3076732253
913.5   14.3379930999
914.0   14.3645918991
914.5   14.4034105265
915.0   14.4631314918
915.5   14.5321321763
916.0   14.5797711309
916.5   14.5797251917
917.0   14.5370936103
917.5   14.4911544063
918.0   14.4924866432
918.5   14.5627276862
919.0   14.6655855641
919.5   14.737618236
920.0   14.7284763344
920.5   14.6314527354
921.0   14.4923488256
921.5   14.3575632009
922.0   14.2394994464
922.5   14.1165661364
923.0   13.9550898341
923.5   13.7501550448
924.0   13.5394319158
924.5   13.3776799783
925.0   13.2973782496
925.5   13.2906711258
926.0   13.3142379375
926.5   13.3180968307
927.0   13.2814373458
927.5   13.2123907221
928.0   13.1373720019
928.5   13.0807289633
929.0   13.0359841785
929.5   12.9760335172
930.0   12.8591641821
930.5   12.6489004452
931.0   12.3600806692
931.5   12.0419976203
932.0   11.7749530272
932.5   11.6447153837
933.0   11.6720492101
933.5   11.829390984
934.0   12.0431001612
934.5   12.2171638054
935.0   12.3041267187
935.5   12.2989355886
936.0   12.2427060029
936.5   12.21054856
937.0   12.2673294163
937.5   12.4494324211
938.0   12.7537337088
938.5   13.1313539662
939.0   13.489955393
939.5   13.7393133927
940.0   13.8131836328
940.5   13.6857942199
941.0   13.4018439997
941.5   13.0302877172
942.0   12.6434336799
942.5   12.3111094777
943.0   12.0818269103
943.5   11.9876515419
944.0   12.0436514317
944.5   12.2357232439
945.0   12.5071780006
945.5   12.7968246822
946.0   13.054543617
946.5   13.246799186
947.0   13.3706972193
947.5   13.4245379665
948.0   13.4042787775
948.5   13.3208531829
949.0   13.2125744789
949.5   13.1366369746
950.0   13.1513834591
950.5   13.2893848281
951.0   13.5280849324
951.5   13.8110244902
952.0   14.0650223494
952.5   14.220480616
953.0   14.2444149413
953.5   14.1407760969
954.0   13.9511850018
954.5   13.743677617
955.0   13.5785261785
955.5   13.4853155334
956.0   13.4528824554
956.5   13.4412598367
957.0   13.4113074757
957.5   13.3498867599
958.0   13.2680690374
958.5   13.186481011
959.0   13.1279085259
959.5   13.1138511294
960.0   13.1751340276
960.5   13.344282177
961.0   13.61422094
961.5   13.9208651271
962.0   14.1490451536
962.5   14.1875881458
963.0   14.0224367073
963.5   13.75447333
964.0   13.5500898111
964.5   13.5395697334
965.0   13.7181354196
965.5   13.9601431466
966.0   14.1045760041
966.5   14.0666302216
967.0   13.8958282609
967.5   13.7215349207
968.0   13.6581388191
968.5   13.734214141
969.0   13.8876051434
969.5   14.0358509548
970.0   14.1397194952
970.5   14.2167136012
971.0   14.3097864286
971.5   14.4301012041
972.0   14.5380583336
972.5   14.5728802503
973.0   14.4962995971
973.5   14.3336748148
974.0   14.1630106717
974.5   14.0649764102
975.0   14.074164251
975.5   14.1496423633
976.0   14.200451123
976.5   14.1500098769
977.0   14.0003399501
977.5   13.8387258302
978.0   13.7946701335
978.5   13.956192375
979.0   14.2943508561
979.5   14.6879120172
980.0   14.9897785271
980.5   15.1065559838
981.0   15.051888331
981.5   14.9097983728
982.0   14.7702350709
982.5   14.6823533735
983.0   14.6416512388
983.5   14.6203354481
984.0   14.5986521438
984.5   14.5710426821
985.0   14.5370017319
985.5   14.489959987
986.0   14.4304227785
986.5   14.384162
987.0   14.3907313062
987.5   14.4700683116
988.0   14.5801845837
988.5   14.6166603117
989.0   14.4739731439
989.5   14.1135800881
990.0   13.6081110259
990.5   13.1178478402
991.0   12.7980191015
991.5   12.7308559852
992.0   12.8971099647
992.5   13.1954391558
993.0   13.5086985883
993.5   13.7615479674
994.0   13.928720731
994.5   14.0177968477
995.0   14.0580855296
995.5   14.0814685845
996.0   14.1128910001
996.5   14.1608515291
997.0   14.2066988547
997.5   14.2095930246
998.0   14.1327826754
998.5   13.9747518135
999.0   13.7838284814
999.5   13.7232806104
1000.0   14.1718769381
1000.5   14.4095204406
1001.0   14.5936907097
1001.5   14.7309570514
1002.0   14.7728076663
1002.5   14.6953082291
1003.0   14.5382420904
1003.5   14.3659700752
1004.0   14.2431745828
1004.5   14.2158407563
1005.0   14.2806150341
1005.5   14.4153087804
1006.0   14.5958498523
1006.5   14.7997739791
1007.0   15.0082001479
1007.5   15.203855218
1008.0   15.3696498054
1008.5   15.4898727025
1009.0   15.5527634728
1009.5   15.5477560996
1010.0   15.4656627419
1010.5   15.3069887311
1011.0   15.0982409879
1011.5   14.875619605
1012.0   14.6758759458
1012.5   14.5291001888
1013.0   14.4481093721
1013.5   14.4392431057
1014.0   14.5071871885
1014.5   14.646658612
1015.0   14.8267402919
1015.5   15.0065463366
1016.0   15.1453746112
1016.5   15.2135943293
1017.0   15.2106542202
1017.5   15.1469824834
1018.0   15.0347530079
1018.5   14.8909632992
1019.0   14.7451063263
1019.5   14.6314986747
1020.0   14.583400328
1020.5   14.617165643
1021.0   14.7057823676
1021.5   14.8055163796
1022.0   14.8718066511
1022.5   14.8687746636
1023.0   14.7836033793
1023.5   14.6120663913
1024.0   14.3527855236
1024.5   14.0228042209
1025.0   13.6872183353
1025.5   13.4295453397
1026.0   13.3312813822
1026.5   13.4336798681
1027.0   13.6740337837
1027.5   13.9495311904
1028.0   14.1571304536
1028.5   14.2300819096
1029.0   14.196638169
1029.5   14.1213438136
1030.0   14.1067351467
1030.5   14.3375337079
1031.0   14.4141603003
1031.5   14.4627639782
1032.0   14.50190418
1032.5   14.5198204696
1033.0   14.5225308826
1033.5   14.5225308826
1034.0   14.5327753251
1034.5   14.5619926589
1035.0   14.607931863
1035.5   14.6639317527
1036.0   14.7231014475
1036.5   14.7775853436
1037.0   14.8175983903
1037.5   14.8325286316
1038.0   14.8126369563
1038.5   14.7565911273
1039.0   14.6854772394
1039.5   14.628650444
1040.0   14.6152361964
1040.5   14.6610375829
1041.0   14.7477248609
1041.5   14.8439674934
1042.0   14.918159308
1042.5   14.952384015
1043.0   14.9636850592
1043.5   14.9824741937
1044.0   15.0389794146
1044.5   15.1476715714
1045.0   15.2824112569
1045.5   15.4012100386
1046.0   15.4621254232
1046.5   15.4386504899
1047.0   15.3442913648
1047.5   15.2079438072
1048.0   15.0597439349
1048.5   14.9266121215
1049.0   14.82742938
1049.5   14.7776312828
1050.0   14.7913211656
1050.5   14.870887867
1051.0   14.9878490805
1051.5   15.102099881
1052.0   15.1741784922
1052.5   15.1825394273
1053.0   15.1523573703
1053.5   15.1269070512
1054.0   15.1492794436
1054.5   15.2437763863
1055.0   15.385315074
1055.5   15.5300235668
1056.0   15.6335705328
1056.5   15.6656820364
1057.0   15.6328355055
1057.5   15.5557954603
1058.0   15.4565667795
1058.5   15.3562355579
1059.0   15.2739125042
1059.5   15.2278354825
1060.0   15.2353235728
1060.5   15.3062996431
1061.0   15.430794886
1061.5   15.5916280395
1062.0   15.6804285209
1062.5   15.2997303369
1063.0   15.2410659733
1063.5   15.2510807198
1064.0   15.2610954663
1064.5   15.2712020912
1065.0   15.281308716
1065.5   15.2914612801
1066.0   15.3016138442
1066.5   15.3117664083
1067.0   15.3219649116
1067.5   15.3322093541
1068.0   15.3424997358
1068.5   15.3527441784
1069.0   15.3631264385
1069.5   15.3734168202
1070.0   15.3837990803
1070.5   15.3941813404
1071.0   15.4046095397
1071.5   15.4150377391
1072.0   15.4255118776
1072.5   15.4359860161
1073.0   15.4464601546
1073.5   15.4570261716
1074.0   15.4675921885
1074.5   15.4781582054
1075.0   15.4887242224
1075.5   15.4993821177
1076.0   15.510040013
1076.5   15.5206519692
1077.0   15.5313558037
1077.5   15.5420596383
1078.0   15.5527634728
1078.5   15.5635132466
1079.0   15.5742630203
1079.5   15.5850587333
1080.0   15.5958544462
1080.5   15.6066501592
1081.0   15.6174918113
1081.5   15.6283334635
1082.0   15.6392210549
1082.5   15.6501086462
1083.0   15.6609962376
1083.5   15.6719757073
1084.0   15.6828632987
1084.5   15.6938427685
1085.0   15.7048222382
1085.5   15.7158476472
1086.0   15.726827117
1086.5   15.7378065868
1087.0   15.7488779349
1087.5   15.7599492831
1088.0   15.7710206313
1088.5   15.7820919795
1089.0   15.7931633277
1089.5   15.8043265542
1090.0   15.8154438416
1090.5   15.826561129
1091.0   15.8377243556
1091.5   15.8488875822
1092.0   15.8600508088
1092.5   15.8712599745
1093.0   15.8824691403
1093.5   15.8936783061
1094.0   15.9048874719
1094.5   15.9161425769
1095.0   15.9273517427
1095.5   15.9386527869
1096.0   15.9499078919
1096.5   15.9612089361
1097.0   15.9724640411
1097.5   15.9838110245
1098.0   15.9951120687
1098.5   16.0063671737
1099.0   16.0177141571
1099.5   16.0291070797
1100.0   16.0404081239
1100.5   16.0517551073
1101.0   16.0631480299
1101.5   16.0744950133
1102.0   16.0858419967
1102.5   16.0972349193
1103.0   16.1086278419
1103.5   16.1200207645
1104.0   16.1314136871
1104.5   16.1428066097
1105.0   16.1542914107
1105.5   16.1656383941
1106.0   16.177077256
1106.5   16.1885161178
1107.0   16.1999549796
1107.5   16.2113938414
1108.0   16.2228327032
1108.5   16.234271565
1109.0   16.2457104268
1109.5   16.2571492886
1110.0   16.2686340896
1110.5   16.2800729515
1111.0   16.2915577525
1111.5   16.3030425535
1112.0   16.3144814153
1112.5   16.3259662163
1113.0   16.3374050781
1113.5   16.3488898791
1114.0   16.3603287409
1114.5   16.371813542
1115.0   16.3832524038
1115.5   16.3947372048
1116.0   16.4062220058
1116.5   16.4176608676
1117.0   16.4290997294
1117.5   16.4405845304
1118.0   16.4520693314
1118.5   16.4635081933
1119.0   16.4749929943
1119.5   16.4864318561
1120.0   16.4979166571
1120.5   16.5093555189
1121.0   16.5207943807
1121.5   16.5322332425
1122.0   16.5437180435
1122.5   16.5551569054
1123.0   16.5665957672
1123.5   16.5779886898
1124.0   16.5894275516
1124.5   16.6008664134
1125.0   16.612259336
1125.5   16.6236981978
1126.0   16.6350911204
1126.5   16.646484043
1127.0   16.6578769656
1127.5   16.6692698882
1128.0   16.6806628108
1128.5   16.6920557334
1129.0   16.7034027168
1129.5   16.714703761
1130.0   16.7260966836
1130.5   16.7374436671
1131.0   16.7487447112
1131.5   16.7600916947
1132.0   16.7713927388
1132.5   16.7827397223
1133.0   16.7939948272
1133.5   16.8052958714
1134.0   16.8165969156
1134.5   16.8278520206
1135.0   16.8391071256
1135.5   16.8503622306
1136.0   16.8615713964
1136.5   16.8727805622
1137.0   16.8840356672
1137.5   16.8951988938
1138.0   16.9063621204
1138.5   16.9175712862
1139.0   16.9287345127
1139.5   16.9398977393
1140.0   16.9510150267
1140.5   16.9621323141
1141.0   16.9732036623
1141.5   16.9843209497
1142.0   16.995438237
1142.5   17.006463646
1143.0   17.0175349942
1143.5   17.0285604032
1144.0   17.0395858121
1144.5   17.0506112211
1145.0   17.0615906909
1145.5   17.0725701606
1146.0   17.0835036912
1146.5   17.0944372218
1147.0   17.1053707523
1147.5   17.1163042829
1148.0   17.1271918743
1148.5   17.1380335264
1149.0   17.1488751786
1149.5   17.1597168307
1150.0   17.1705125437
1150.5   17.1813082567
1151.0   17.1921039696
1151.5   17.2028996826
1152.0   17.2136035171
1152.5   17.2242614124
1153.0   17.2350111862
1153.5   17.2456690815
1154.0   17.2563269769
1154.5   17.266938933
1155.0   17.2775968284
1155.5   17.2881628453
1156.0   17.2987288622
1156.5   17.30924894
1157.0   17.3198149569
1157.5   17.3302890954
1158.0   17.3407632339
1158.5   17.3511914333
1159.0   17.3616196326
1159.5   17.3720478319
1160.0   17.382430092
1160.5   17.3927664129
1161.0   17.403148673
1161.5   17.4134390548
1162.0   17.4236834973
1162.5   17.433973879
1163.0   17.4442183215
1163.5   17.4544168248
1164.0   17.4646153281
1164.5   17.4747678922
1165.0   17.4848745171
1165.5   17.494981142
1166.0   17.5050418276
1166.5   17.5151025133
1167.0   17.5251172598
1167.5   17.5351320063
1168.0   17.5450548744
1168.5   17.5550236817
1169.0   17.5649006105
1169.5   17.5747775394
1170.0   17.5846544683
1170.5   17.5943935795
1171.0   17.6042245692
1171.5   17.6139636805
1172.0   17.6237027917
1172.5   17.6333959638
1173.0   17.6429972574
1173.5   17.6526444903
1174.0   17.6622457839
1174.5   17.6718011384
1175.0   17.6813564928
1175.5   17.6908659081
1176.0   17.7003293841
1176.5   17.7097469209
1177.0   17.7191644578
1177.5   17.7285360554
1178.0   17.737907653
1178.5   17.7471873722
1179.0   17.7564670915
1179.5   17.7656549323
1180.0   17.7748427731
1180.5   17.7840306139
1181.0   17.7931265763
1181.5   17.8022684779
1182.0   17.8112725619
1182.5   17.8203225851
1183.0   17.8293266691
1183.5   17.8382388747
1184.0   17.8471510803
1184.5   17.8560173466
1185.0   17.8648376738
1185.5   17.8736120618
1186.0   17.882432389
1186.5   17.8911148985
1187.0   17.8997974081
1187.5   17.9083880393
1188.0   17.9170246096
1188.5   17.9256152408
1189.0   17.9341139935
1189.5   17.9426127463
1190.0   17.9510196206
1190.5   17.959426495
1191.0   17.9677874301
1191.5   17.976102426
1192.0   17.984417422
1192.5   17.9926405395
1193.0   18.0008177178
1193.5   18.0089948962
1194.0   18.0171261353
1194.5   18.025165496
1195.0   18.0332048567
1195.5   18.0411982782
1196.0   18.0490998213
1196.5   18.0570013644
1197.0   18.0648569683
1197.5   18.0726206938
1198.0   18.0803844193
1198.5   18.0881022055
1199.0   18.0957740526
1199.5   18.1034458997
1200.0   18.1110258684
1200.5   18.1185139586
