115.0   5.89994648715
115.5   6.60513335557
116.0   5.58325125445
116.5   4.94493605603
117.0   4.46644201612
117.5   4.49984876804
118.0   4.75182447786
118.5   4.3860564134
119.0   3.28830627962
119.5   2.62940026834
120.0   2.37180183185
120.5   2.1314205722
121.0   2.35136612869
121.5   2.49110058089
122.0   1.73110182176
122.5   1.17137489239
123.0   1.37757579048
123.5   2.46007864062
124.0   4.74701607712
124.5   6.51299819297
125.0   6.14226661807
125.5   5.53138644807
126.0   5.50148905313
126.5   5.9286417819
127.0   6.40998596257
127.5   6.59617577031
128.0   6.7193716506
128.5   7.05250851164
129.0   7.37156916729
129.5   7.33643681994
130.0   6.76726177089
130.5   6.52721011936
131.0   7.05425349578
131.5   7.35163757067
132.0   7.35702763279
132.5   7.40879549561
133.0   7.07428203597
133.5   6.54830503874
134.0   6.69496126135
134.5   7.42754438076
135.0   7.79154807237
135.5   7.65334532848
136.0   7.22056987304
136.5   6.92093670749
137.0   6.83052714032
137.5   6.79068333579
138.0   6.81974701608
138.5   6.11054668414
139.0   6.08243305078
139.5   6.781357365
140.0   7.82105769305
140.5   8.27750676666
141.0   8.19698544295
141.5   8.02355340815
142.0   7.94208203752
142.5   8.19502718298
143.0   8.225525628
143.5   8.55879821003
144.0   8.28832566833
144.5   7.95780628349
145.0   7.72105071312
145.5   7.51382415213
146.0   7.64673377746
146.5   8.11111283455
147.0   8.72829433617
147.5   9.08347616352
148.0   9.45329646893
148.5   9.80880790439
149.0   10.0515158096
149.5   9.74329344429
150.0   9.21326420611
150.5   9.39972545583
151.0   9.72648343041
151.5   9.65127461397
152.0   9.54370603609
152.5   8.83675479483
153.0   6.69893594745
153.5   3.74971886367
154.0   3.13678349012
154.5   6.02263826091
155.0   10.6861083751
155.5   12.9965449314
156.0   11.6261701088
156.5   9.98563296391
157.0   9.5490767095
157.5   9.64793975539
158.0   9.54731233665
158.5   9.27503664467
159.0   9.06924484842
159.5   8.88505207808
160.0   8.58619446103
160.5   8.26967372674
161.0   7.96245957453
161.5   7.97990941593
162.0   7.97289070195
162.5   8.02611271822
163.0   8.11064750545
163.5   8.26036714466
164.0   8.4774625604
164.5   8.81947945184
165.0   8.6476760689
165.5   7.99037932077
166.0   7.86508945952
166.5   8.23368827603
167.0   8.17732528831
167.5   8.2492574123
168.0   8.62359528777
168.5   8.71704888282
169.0   8.60217076027
169.5   8.49559100674
170.0   8.29803941338
170.5   7.94148098743
171.0   7.24936211135
171.5   6.8996866784
172.0   7.58059887856
172.5   8.28198555929
173.0   8.42460892967
173.5   8.47280926936
174.0   8.39903521766
174.5   8.28974104435
175.0   8.19717933008
175.5   8.22622362166
176.0   8.21606393622
176.5   8.08406558038
177.0   8.02101348679
177.5   8.09761829054
178.0   7.96220752127
178.5   7.35386727263
179.0   6.67640626333
179.5   7.04201921809
180.0   7.31912269953
180.5   7.16434260631
181.0   7.05929456108
181.5   7.20761821298
182.0   7.25093259708
182.5   7.13981588478
183.0   7.01919870328
183.5   6.91523642596
184.0   6.76706788376
184.5   6.64844773966
185.0   6.4290062897
185.5   6.19537230206
186.0   6.17606114424
186.5   6.21879386696
187.0   6.1372643302
187.5   5.98901823315
188.0   5.91964541922
188.5   5.78669701646
189.0   5.69163415826
189.5   5.609193352
190.0   5.46220752127
190.5   5.28838771221
191.0   5.19303402331
191.5   5.02406139242
192.0   4.8025453502
192.5   4.69148680404
193.0   4.69807896635
193.5   4.65404719988
194.0   4.56555711527
194.5   4.45765892928
195.0   4.34935358032
195.5   4.19480615165
196.0   4.01476256582
196.5   3.88716544776
197.0   3.78903917296
197.5   3.79671710317
198.0   3.71648661016
198.5   3.60839453704
199.0   3.37035931162
199.5   3.22201627101
200.0   3.32107320402
200.5   3.20691246384
201.0   3.03555502129
201.5   3.00874043167
202.0   2.9478598739
202.5   2.80213430949
203.0   2.73254821973
203.5   2.74769080432
204.0   2.65699040646
204.5   2.5679574379
205.0   2.54391543419
205.5   2.52960656424
206.0   2.28928347073
206.5   2.22285774114
207.0   2.41897456976
207.5   2.35225800948
208.0   2.37882054583
208.5   2.27638997681
209.0   2.11466872446
209.5   1.93453982829
210.0   1.74129059027
210.5   1.75572160911
211.0   1.87502423589
211.5   1.85661077547
212.0   1.75207459226
212.5   1.79129795798
213.0   1.79700599499
213.5   1.60861362949
214.0   1.53572370309
214.5   1.49880759417
215.0   1.4652418548
215.5   1.50428684437
216.0   1.52088358241
216.5   1.46945889981
217.0   1.40122614219
217.5   1.27912184643
218.0   1.16896875315
218.5   1.15960788268
219.0   1.20663908299
219.5   1.30535865241
220.0   1.35522448252
220.5   1.37063657021
221.0   1.3181396918
221.5   1.32770996037
222.0   1.35488518004
222.5   1.41515693224
223.0   1.47502152147
223.5   1.44142476016
224.0   1.43759936715
224.5   1.48440759727
225.0   1.64268347539
225.5   1.76944493993
226.0   1.70624936987
226.5   1.65061539774
227.0   1.75708269674
227.5   1.72253976625
228.0   1.69952342544
228.5   1.73751173017
229.0   1.81506851971
229.5   1.89015130951
230.0   1.90703693938
230.5   2.01446785739
231.0   2.18960609891
231.5   2.22698753694
232.0   2.11870157669
232.5   2.21145717809
233.0   2.40546063704
233.5   2.51554974756
234.0   2.48782388845
234.5   2.49608348004
235.0   2.56097750134
235.5   2.58100604152
236.0   2.60308978525
236.5   2.59802933124
237.0   2.69514739299
237.5   2.76496614731
238.0   2.83296236263
238.5   2.84773656168
239.0   2.79331244523
239.5   2.88864674541
240.0   3.07454572246
240.5   3.05104660271
241.0   3.02190536757
241.5   3.04110019311
242.0   3.09670702104
242.5   3.22257854368
243.0   3.36558968831
243.5   3.36539580118
244.0   3.38550189622
244.5   3.49760743286
245.0   3.52686500027
245.5   3.72059701724
246.0   3.91116867404
246.5   3.92495404875
247.0   3.74413491442
247.5   3.6654361297
248.0   3.66820871561
248.5   3.7197633026
249.0   3.74320425621
249.5   3.67732141057
250.0   3.80045912472
250.5   3.82099177143
251.0   3.78901978424
251.5   3.76955351672
252.0   3.78246639936
252.5   3.88445102799
253.0   4.06088831326
253.5   4.1558542279
254.0   4.10755694465
254.5   4.08580280904
255.0   4.17148153031
255.5   4.13991670609
256.0   4.11944222551
256.5   4.24533313686
257.0   4.30565142197
257.5   4.18115649793
258.0   3.63922259018
258.5   3.36760611442
259.0   3.66045323055
259.5   3.94374171133
260.0   4.01136954111
260.5   4.10001473542
261.0   4.18468524364
261.5   4.37996835762
262.0   4.49496281245
262.5   4.52689602221
263.0   4.52484081867
263.5   4.48877781311
264.0   4.34285836158
264.5   4.36304201146
265.0   4.47355767366
265.5   4.50760425311
266.0   4.45901613916
266.5   4.40468896627
267.0   4.43179438658
267.5   4.45523534019
268.0   4.47076569904
268.5   4.51318820236
269.0   4.58234774044
269.5   4.47382911564
270.0   4.42403890151
270.5   4.47446894316
271.0   4.49021257785
271.5   4.44670430662
272.0   4.44381538843
272.5   4.46869110679
273.0   4.57100534353
273.5   4.60526519881
274.0   4.58921134472
274.5   4.5561148122
275.0   4.61011237698
275.5   4.59694744108
276.0   4.71046835374
276.5   4.81266625821
277.0   4.73598389961
277.5   4.6262243972
278.0   4.60797961859
278.5   4.55557192825
279.0   4.48088660705
279.5   4.29374675239
280.0   4.15420618733
280.5   4.31458961851
281.0   4.63299105793
281.5   4.7576992578
282.0   4.74476698645
282.5   4.63851684104
283.0   4.61145019815
283.5   4.69829224219
284.0   4.76793649809
284.5   4.69817590991
285.0   4.63397988227
285.5   4.57339015519
286.0   4.64747442629
286.5   4.74765590464
287.0   4.75281330221
287.5   4.7491294468
288.0   4.72615382229
288.5   4.76599762682
289.0   4.83839507992
289.5   4.85935427831
290.0   4.81656338946
290.5   4.74695791098
291.0   4.78273008585
291.5   4.8326947984
292.0   4.86980479444
292.5   4.86181664482
293.0   4.82546280857
293.5   4.76510574604
294.0   4.77026314361
294.5   4.82594752639
295.0   4.82393110027
295.5   4.89029866373
296.0   4.92376358179
296.5   4.85621330686
297.0   4.8533631661
297.5   4.87645512289
298.0   4.91416616902
298.5   4.85454587757
299.0   4.83021304317
299.5   4.76747116898
300.0   4.74788856919
300.5   4.75368579428
301.0   4.84198199176
301.5   4.86344529669
302.0   4.7785227352
302.5   4.66040669764
303.0   4.68126895247
303.5   4.74375877339
304.0   4.80747008322
304.5   4.7650475799
305.0   4.73644922872
305.5   4.75500422674
306.0   4.62657339403
306.5   4.56984202077
307.0   4.64159964635
307.5   4.66668864054
308.0   4.84576279073
308.5   5.01874888515
309.0   5.02018364989
309.5   4.97204147633
310.0   5.06345925656
310.5   5.12028757339
311.0   5.07964883164
311.5   5.0742393808
312.0   5.10448577256
312.5   5.21379933458
313.0   5.2289806966
313.5   5.18931139048
314.0   5.22952358055
314.5   5.40022180687
315.0   5.48688935249
315.5   5.45778689478
316.0   5.36140560411
316.5   5.42961509528
317.0   5.51831845573
317.5   5.56814744728
318.0   5.50152783056
318.5   5.38131781202
319.0   5.37926260848
319.5   5.20282532321
320.0   4.91598870801
320.5   5.06041522867
321.0   5.21744441256
321.5   5.11945385874
322.0   4.96335533306
322.5   4.98379103621
323.0   5.08647365849
323.5   5.10611442443
324.0   5.03315469866
324.5   4.93281811061
325.0   4.89689082604
325.5   4.96155218278
326.0   5.00139598731
326.5   4.9084658875
327.0   4.77813496095
327.5   4.72287712985
328.0   4.69650848062
328.5   4.62843471045
329.0   4.54642045587
329.5   4.4910656812
330.0   4.43559457426
330.5   4.35573246679
331.0   4.3017155133
331.5   4.32042562102
332.0   4.37355069373
332.5   4.39885296376
333.0   4.36139397089
333.5   4.26894858889
334.0   4.20810680854
334.5   4.2378878712
335.0   4.27143034411
335.5   4.22249323334
336.0   4.15073560776
336.5   4.12838042205
337.0   4.11399399725
337.5   4.0565064642
338.0   3.99537385316
338.5   3.97769134721
339.0   3.97761379235
339.5   3.95634437456
340.0   3.91681078943
340.5   3.87822725122
341.0   3.85841198688
341.5   3.8653337573
342.0   3.88383058918
342.5   3.89366066651
343.0   3.88454797155
343.5   3.85881914984
344.0   3.84039987281
344.5   3.84652670601
345.0   3.85618228492
345.5   3.84373473139
346.0   3.80974631808
346.5   3.76162353324
347.0   3.69847449609
347.5   3.6262515414
348.0   3.57673276925
348.5   3.57644193856
349.0   3.61074057127
349.5   3.64664846713
350.0   3.64628008159
350.5   3.60616483508
351.0   3.62109414383
351.5   3.63536423636
352.0   3.63276614886
352.5   3.6113997875
353.0   3.57700421123
353.5   3.5581389938
354.0   3.54094120567
354.5   3.51984628629
355.0   3.49595939228
355.5   3.46542216983
356.0   3.4327715777
356.5   3.40915612567
357.0   3.38451307187
357.5   3.3337340334
358.0   3.29148602849
358.5   3.26315911929
359.0   3.24999418339
359.5   3.24377040662
360.0   3.23341683406
360.5   3.22732877828
361.0   3.24289791455
361.5   3.2298105335
362.0   3.20980138203
362.5   3.21137186775
363.0   3.22120194508
363.5   3.2281237155
364.0   3.22758083154
364.5   3.22288876308
365.0   3.2264368975
365.5   3.2555199665
366.0   3.26116208188
366.5   3.23601492155
367.0   3.19611295088
367.5   3.15169341016
368.0   3.11725905647
368.5   3.11043422961
369.0   3.09573758541
369.5   3.07625192918
370.0   3.05145376568
370.5   3.02508511645
371.0   3.02979657363
371.5   3.04586981643
372.0   3.02601577466
372.5   2.98640463468
373.0   2.97046711287
373.5   2.99113548057
374.0   3.01641836189
374.5   2.97775726883
375.0   2.89502563188
375.5   2.84967543295
376.0   2.84471192251
376.5   2.83243886739
377.0   2.82088319464
377.5   2.92527202364
378.0   3.03425597754
378.5   3.02898224769
379.0   2.94815070459
379.5   2.85301029153
380.0   2.8690447569
380.5   2.97620617182
381.0   3.04255434656
381.5   3.05312119497
382.0   3.02207986599
382.5   2.95359893285
383.0   2.82156179958
383.5   2.73718212206
384.0   2.82086380593
384.5   2.91518989305
385.0   2.9365368657
385.5   2.9160236077
386.0   2.9001054746
386.5   2.87709107266
387.0   2.85677170179
387.5   2.81774222319
388.0   2.70230182797
388.5   2.54414809874
389.0   2.52941267712
389.5   2.67178399423
390.0   2.78272620811
390.5   2.80387929363
391.0   2.77442783909
391.5   2.72706121404
392.0   2.68471626558
392.5   2.65499336906
393.0   2.62172233812
393.5   2.6252123064
394.0   2.66924407287
394.5   2.68283556045
395.0   2.6666847628
395.5   2.61061260577
396.0   2.48204605207
396.5   2.30200246624
397.0   2.23635228515
397.5   2.37224777224
398.0   2.49082913891
398.5   2.517139622
399.0   2.49668453013
399.5   2.47696620935
400.0   2.46087357784
400.5   2.44408295267
401.0   2.42355030595
401.5   2.39227631242
402.0   2.33911246229
402.5   2.29151317269
403.0   2.29667057026
403.5   2.32022785615
404.0   2.34541379391
404.5   2.35954816544
405.0   2.36235952878
405.5   2.3457046246
406.0   2.33277235325
406.5   2.31565211996
407.0   2.28792626085
407.5   2.2754593186
408.0   2.25981262748
408.5   2.22266385401
409.0   2.1579055537
409.5   2.03465150728
410.0   1.93294607611
410.5   2.00074064882
411.0   2.12219154497
411.5   2.17271853018
412.0   2.18194755741
412.5   2.1784188117
413.0   2.17271853018
413.5   2.1595923717
414.0   2.14485695008
414.5   2.1347942082
415.0   2.12674789245
415.5   2.12352936614
416.0   2.11391256466
416.5   2.1008057949
417.0   2.08987056095
417.5   2.08252223885
418.0   2.07399120528
418.5   2.05322589401
419.0   2.01250959741
419.5   1.96085806687
420.0   1.93341334409
420.5   1.95810486967
421.0   1.97914162291
421.5   1.9789671245
422.0   1.97528326909
422.5   1.97035853607
423.0   1.9618275025
423.5   1.94457154823
424.0   1.93100138823
424.5   1.92808920359
425.0   1.92466903467
425.5   1.90957492186
426.0   1.8899360948
426.5   1.87475861053
427.0   1.86873065976
427.5   1.86334059764
428.0   1.85531754834
428.5   1.84676712605
429.0   1.83779402983
429.5   1.83477520727
430.0   1.83153729225
430.5   1.82680062975
431.0   1.82664358117
431.5   1.82006499096
432.0   1.8054536571
432.5   1.77968218022
433.0   1.70978780993
433.5   1.59675743169
434.0   1.53660588952
434.5   1.6077488929
435.0   1.69698544295
435.5   1.74121885203
436.0   1.75028889182
436.5   1.74490270744
437.0   1.73571439651
437.5   1.72496141646
438.0   1.70958228957
438.5   1.69790252906
439.0   1.69979874516
439.5   1.69733831753
440.0   1.68479963704
440.5   1.6693972437
441.0   1.65007251379
441.5   1.62100689463
442.0   1.59072948093
442.5   1.56352905592
443.0   1.54360521479
443.5   1.54856678636
444.0   1.56835490651
444.5   1.58540534043
445.0   1.59895611171
445.5   1.60188768507
446.0   1.58686143275
446.5   1.56213694636
447.0   1.53411443994
447.5   1.53578574697
448.0   1.54381655176
448.5   1.54335316152
449.0   1.53957042368
449.5   1.53588075166
450.0   1.53107428979
450.5   1.5199936405
451.0   1.51163128873
451.5   1.50397274723
452.0   1.49903250324
452.5   1.48700568477
453.0   1.46645364934
453.5   1.42881240257
454.0   1.39598731203
454.5   1.41537796356
455.0   1.44142282129
455.5   1.45123738764
456.0   1.45222039537
456.5   1.44510473783
457.0   1.43537935955
457.5   1.42860494335
458.0   1.42761999674
458.5   1.41924988948
459.0   1.40530164959
459.5   1.39729992787
460.0   1.39220457419
460.5   1.38815039437
461.0   1.38992833932
461.5   1.38964332524
462.0   1.38270798272
462.5   1.37275187877
463.0   1.3706578978
463.5   1.37069085861
464.0   1.37214113432
464.5   1.36378459916
465.0   1.35051496421
465.5   1.34237170489
466.0   1.34392474077
466.5   1.34072560318
467.0   1.32794068605
467.5   1.30731691239
468.0   1.26231571029
468.5   1.23270914604
469.0   1.25937056483
469.5   1.28750746465
470.0   1.28807943168
470.5   1.28060896069
471.0   1.2626317463
471.5   1.25048471782
472.0   1.24253340675
472.5   1.23290691091
473.0   1.23270720717
473.5   1.22980471689
474.0   1.22708835824
474.5   1.22457558108
475.0   1.21513715575
475.5   1.20070613692
476.0   1.18813061788
476.5   1.18542201472
477.0   1.18852614762
477.5   1.18293832063
478.0   1.17527784025
478.5   1.17355612257
479.0   1.1703957624
479.5   1.16248516763
480.0   1.15495071389
480.5   1.1514006406
481.0   1.14803669896
481.5   1.1436141336
482.0   1.1406379662
482.5   1.13762689912
483.0   1.13638602151
483.5   1.13391008291
484.0   1.12955537804
484.5   1.11208420906
485.0   1.06957445653
485.5   0.988973639106
486.0   0.925332128648
486.5   0.96231609806
487.0   1.02741176197
487.5   1.05387735476
488.0   1.05974825695
488.5   1.06312189296
489.0   1.06527016232
489.5   1.06459931286
490.0   1.06372875967
490.5   1.0659933613
491.0   1.06491728775
491.5   1.05886413166
492.0   1.04691874578
492.5   1.049596327
493.0   1.05630676046
493.5   1.05273535958
494.0   1.04511365663
494.5   1.04150347834
495.0   1.039535524
495.5   1.0366000729
496.0   1.03414546188
496.5   1.02660325265
497.0   1.01661224901
497.5   1.01001814784
498.0   1.00354425668
498.5   1.00604540061
499.0   1.00571579249
499.5   1.00329220341
500.0   1.0
500.5   0.99112190847
501.0   0.979263771803
501.5   0.968813255675
502.0   0.967347468997
502.5   0.965685856322
503.0   0.96121288031
503.5   0.959518306823
504.0   0.957443714567
504.5   0.953587299618
505.0   0.949744456767
505.5   0.947446894316
506.0   0.944457154823
506.5   0.942698598584
507.0   0.942318579816
507.5   0.941709774238
508.0   0.93963130424
508.5   0.936057964495
509.0   0.931885513529
509.5   0.926218192817
510.0   0.92400400183
510.5   0.917312957089
511.0   0.910755694465
511.5   0.907383997332
512.0   0.904115060376
512.5   0.902306093485
513.0   0.901231958803
513.5   0.898544683227
514.0   0.89565576504
514.5   0.892088241909
515.0   0.887842113835
515.5   0.884462661217
516.0   0.881746302572
516.5   0.877599056933
517.0   0.874465840966
517.5   0.873699986816
518.0   0.870382578078
518.5   0.865682754128
519.0   0.86112446778
519.5   0.85987001807
520.0   0.854256985753
520.5   0.848153419006
521.0   0.848407411142
521.5   0.847151022561
522.0   0.842427932155
522.5   0.83752258785
523.0   0.83283827487
523.5   0.82937932853
524.0   0.826337239513
524.5   0.825061462219
525.0   0.820578791851
525.5   0.821528838771
526.0   0.820293777774
526.5   0.813474767529
527.0   0.808394924811
527.5   0.806946587974
528.0   0.803739694899
528.5   0.801893889453
529.0   0.797531429103
529.5   0.792207288605
530.0   0.788397406566
530.5   0.787790539859
531.0   0.786055250076
531.5   0.785830341009
532.0   0.783895347485
532.5   0.779364205334
533.0   0.773826788997
533.5   0.770765311266
534.0   0.767106661186
534.5   0.766030587633
535.0   0.766141103295
535.5   0.764502757075
536.0   0.758341024189
536.5   0.75453114215
537.0   0.752305317936
537.5   0.750286952947
538.0   0.748574929619
538.5   0.745674378204
539.0   0.74574417757
539.5   0.741108336371
540.0   0.727435416198
540.5   0.701357597661
541.0   0.677371821221
541.5   0.688440837282
542.0   0.711804236046
542.5   0.719809835506
543.0   0.720058011028
543.5   0.717149704128
544.0   0.714375179346
544.5   0.709268192429
545.0   0.705805368347
545.5   0.702904816932
546.0   0.702263050542
546.5   0.700196213772
547.0   0.700940740339
547.5   0.6990135023
548.0   0.692336029657
548.5   0.685433647948
549.0   0.683944594815
549.5   0.688760751041
550.0   0.688458287124
550.5   0.682690145105
551.0   0.679355286526
551.5   0.67879495273
552.0   0.67582460195
552.5   0.671130594613
553.0   0.6680342172
553.5   0.663790027997
554.0   0.662510372961
554.5   0.662023716273
555.0   0.661242351153
555.5   0.659572982992
556.0   0.658652019141
556.5   0.656963262267
557.0   0.654171287643
557.5   0.653360839454
558.0   0.650043430716
558.5   0.642980122692
559.0   0.636490720562
559.5   0.635325458931
560.0   0.637597816055
560.5   0.63657990864
561.0   0.633532003009
561.5   0.630408481398
562.0   0.629239342025
562.5   0.627550585151
563.0   0.625572936459
563.5   0.623843463289
564.0   0.621728154737
564.5   0.619676828937
565.0   0.618145120637
565.5   0.61574673688
566.0   0.612954762256
566.5   0.610089110523
567.0   0.606465360126
567.5   0.603101418478
568.0   0.602529451455
568.5   0.60348725386
569.0   0.60408442621
569.5   0.604815380678
570.0   0.598411288884
570.5   0.58909889019
571.0   0.59024670198
571.5   0.590138125189
572.0   0.58563994385
572.5   0.582312840757
573.0   0.580391419331
573.5   0.577525767599
574.0   0.574565111175
574.5   0.572504091018
575.0   0.571249641309
575.5   0.569791610116
576.0   0.568688392366
576.5   0.56474666708
577.0   0.558635344848
577.5   0.54902629885
578.0   0.538781303077
578.5   0.543514087839
579.0   0.547126205008
579.5   0.537412459962
580.0   0.530075771089
580.5   0.532218223839
581.0   0.533119798978
581.5   0.537724618236
582.0   0.544873236597
582.5   0.54697497305
583.0   0.545693379142
583.5   0.543341528296
584.0   0.541387146059
584.5   0.537732373721
585.0   0.534862844247
585.5   0.53290846201
586.0   0.532776618764
586.5   0.529947805586
587.0   0.515452803996
587.5   0.501756617368
588.0   0.507228112082
588.5   0.492725355007
589.0   0.462981130905
589.5   0.467607277747
590.0   0.495313748148
590.5   0.51417314896
591.0   0.515284122195
591.5   0.513812518904
592.0   0.509349237248
592.5   0.507317300161
593.0   0.507179640301
593.5   0.50540363422
594.0   0.502456549895
594.5   0.498596257203
595.0   0.496042763745
595.5   0.495831426777
596.0   0.494006948915
596.5   0.492981286015
597.0   0.48974530987
597.5   0.489406007399
598.0   0.488388099984
598.5   0.486096354146
599.0   0.486776897961
599.5   0.487310087559
600.0   0.484134216425
600.5   0.480743130579
601.0   0.477986055638
601.5   0.477245406814
602.0   0.47746837701
602.5   0.477840640293
603.0   0.477090297113
603.5   0.471504408993
604.0   0.468824888903
604.5   0.470251898155
605.0   0.468439053521
605.5   0.468006685228
606.0   0.465875865706
606.5   0.462773671679
607.0   0.460980215758
607.5   0.459871181393
608.0   0.459324419696
608.5   0.458897868017
609.0   0.458862968334
609.5   0.457575557813
610.0   0.455332283758
610.5   0.452910633546
611.0   0.451598017698
611.5   0.450812774835
612.0   0.44688656052
612.5   0.448084782963
613.0   0.447611698374
613.5   0.446068356845
614.0   0.445529350633
614.5   0.443491596932
615.0   0.442572571952
615.5   0.440418485974
616.0   0.43735119163
616.5   0.431714892858
617.0   0.42786041678
617.5   0.427899194205
618.0   0.428835669027
618.5   0.429898170481
619.0   0.429688772384
619.5   0.428986900986
620.0   0.426165843293
620.5   0.424007879573
621.0   0.425653981278
621.5   0.425630714823
622.0   0.42495210988
622.5   0.421886754407
623.0   0.418557712442
623.5   0.417747264253
624.0   0.418590673254
624.5   0.42048301161
625.0   0.420799047626
625.5   0.419309994494
626.0   0.418222287713
626.5   0.413004785134
627.0   0.408089746473
627.5   0.397856383928
628.0   0.384418067178
628.5   0.387367090375
629.0   0.3980134325
629.5   0.401623610799
630.0   0.400444777069
630.5   0.395936901373
631.0   0.391471680846
631.5   0.391651995874
632.0   0.39568678698
632.5   0.398944090708
633.0   0.398300385448
633.5   0.398050271054
634.0   0.396708572138
634.5   0.394849194593
635.0   0.393129415779
635.5   0.390983085287
636.0   0.389656897341
636.5   0.388220193732
637.0   0.387014215804
637.5   0.384668181571
638.0   0.382704104978
638.5   0.38310545133
639.0   0.382934830659
639.5   0.380693495475
640.0   0.37623215269
640.5   0.374031533802
641.0   0.373787236023
641.5   0.375276289156
642.0   0.377063928463
642.5   0.377822027129
643.0   0.377048417493
643.5   0.375452726441
644.0   0.373573960183
644.5   0.37171652151
645.0   0.36994051543
645.5   0.368298291467
646.0   0.367600297811
646.5   0.367103946766
647.0   0.366113183549
647.5   0.365581932822
648.0   0.365591627178
648.5   0.363398763776
649.0   0.362039615018
649.5   0.362541782676
650.0   0.363431724587
650.5   0.3632824315
651.0   0.362049309374
651.5   0.358136667158
652.0   0.353797473263
652.5   0.349206226103
653.0   0.348607114882
653.5   0.352000139599
654.0   0.353785840035
654.5   0.35114509737
655.0   0.341859842874
655.5   0.320980138203
656.0   0.297372441659
656.5   0.299435400687
657.0   0.325932015418
657.5   0.343451656184
658.0   0.34915581545
658.5   0.348684669733
659.0   0.348331795162
659.5   0.347664823446
660.0   0.347271232579
660.5   0.346532522627
661.0   0.343728914775
661.5   0.342013013704
662.0   0.341039700328
662.5   0.341687283331
663.0   0.339746473193
663.5   0.339122156645
664.0   0.338123637943
664.5   0.336415492357
665.0   0.334592953366
665.5   0.332080176205
666.0   0.330081199929
666.5   0.328072529296
667.0   0.325662512312
667.5   0.319772221404
668.0   0.314267765877
668.5   0.315431088637
669.0   0.3203325552
669.5   0.323657719422
670.0   0.323506487463
670.5   0.323021769647
671.0   0.323076058042
671.5   0.322217138071
672.0   0.321645171047
672.5   0.321792525263
673.0   0.320534197811
673.5   0.319039328065
674.0   0.317038412918
674.5   0.316243475698
675.0   0.315210057313
675.5   0.314070001008
676.0   0.313969179702
676.5   0.31284851211
677.0   0.311440891571
677.5   0.30995571618
678.0   0.308693510986
678.5   0.307377017396
679.0   0.306110934458
679.5   0.306626674215
680.0   0.30744487789
680.5   0.30615940624
681.0   0.304055730916
681.5   0.303735817157
682.0   0.303691223118
682.5   0.302993229462
683.0   0.302632599406
683.5   0.301029152868
684.0   0.297779604625
684.5   0.296658937033
685.0   0.295945432407
685.5   0.295231927781
686.0   0.294518423155
686.5   0.2938068574
687.0   0.293093352774
687.5   0.292379848148
688.0   0.291666343521
688.5   0.290952838895
689.0   0.29024127314
689.5   0.289527768514
690.0   0.288814263888
690.5   0.288100759262
691.0   0.287387254636
691.5   0.286675688881
692.0   0.285962184255
692.5   0.285248679629
693.0   0.284535175003
693.5   0.283821670376
694.0   0.28310816575
694.5   0.282394661124
695.0   0.281681156498
695.5   0.280969590743
696.0   0.280256086117
696.5   0.279544520362
697.0   0.27944951567
697.5   0.282334556115
698.0   0.281318587571
698.5   0.278772849598
699.0   0.275492279415
699.5   0.274922251262
700.0   0.274470494257
700.5   0.274168030339
701.0   0.274024553866
701.5   0.272487028951
702.0   0.272702243662
702.5   0.272322224894
703.0   0.272227220201
703.5   0.272143848737
704.0   0.270685817544
704.5   0.268233145392
705.0   0.267300548313
705.5   0.267488618826
706.0   0.263678736787
706.5   0.260221729318
707.0   0.262086923477
707.5   0.264875020358
708.0   0.264737360498
708.5   0.264828487448
709.0   0.265088296197
709.5   0.264665622261
710.0   0.262608479847
710.5   0.262267238504
711.0   0.261803848272
711.5   0.261487812255
712.0   0.262759711806
712.5   0.26278103939
713.0   0.263122280733
713.5   0.263556587897
714.0   0.262852777627
714.5   0.26166424954
715.0   0.260586237116
715.5   0.259422914356
716.0   0.257009019629
716.5   0.253299958896
717.0   0.245381608643
717.5   0.23951458419
718.0   0.23766296213
718.5   0.237137528017
719.0   0.240515041763
719.5   0.24303557441
720.0   0.243243033636
720.5   0.245302114921
721.0   0.250364507798
721.5   0.251919482554
722.0   0.251384354084
722.5   0.250310219403
723.0   0.247562838818
723.5   0.243264361219
724.0   0.240813627938
724.5   0.239886847473
725.0   0.240313399152
725.5   0.239553361615
726.0   0.239619283238
726.5   0.237595101636
727.0   0.236342590797
727.5   0.234136155296
728.0   0.235865628466
728.5   0.23619329771
729.0   0.233568066015
729.5   0.235113346414
730.0   0.234808943625
730.5   0.232377599057
731.0   0.232362088087
731.5   0.231270503564
732.0   0.230925384478
732.5   0.231113454991
733.0   0.230240962921
733.5   0.230498832799
734.0   0.230114936289
734.5   0.22922887212
735.0   0.228104326785
735.5   0.228055855003
736.0   0.22659588494
736.5   0.224971110818
737.0   0.225046726798
737.5   0.22521928634
738.0   0.22414709053
738.5   0.221721562575
739.0   0.221428793014
739.5   0.221936777286
740.0   0.220044438929
740.5   0.217975663288
741.0   0.216566103877
741.5   0.217698404697
742.0   0.218115262019
742.5   0.213733412956
743.0   0.212781427164
743.5   0.212267626279
744.0   0.21242273598
744.5   0.212126088676
745.0   0.211813930402
745.5   0.212095066736
746.0   0.210460598258
746.5   0.210160073212
747.0   0.208358861805
747.5   0.208517849249
748.0   0.208133952738
748.5   0.20724982744
749.0   0.206476217805
749.5   0.206181509373
750.0   0.205975989018
750.5   0.205093802592
751.0   0.204888282238
751.5   0.204783583189
752.0   0.203814147556
752.5   0.203645465756
753.0   0.202377443947
753.5   0.201594139955
754.0   0.201076461327
754.5   0.20091165727
755.0   0.200746853212
755.5   0.200227235712
756.0   0.199645574332
756.5   0.199065851824
757.0   0.198486129315
757.5   0.197904467935
758.0   0.197324745426
758.5   0.196743084046
759.0   0.196163361537
759.5   0.195583639029
760.0   0.19500391652
760.5   0.19442225514
761.0   0.193842920405
761.5   0.1932616468
762.0   0.192681730404
762.5   0.192101232347
763.0   0.191520928176
763.5   0.190940624006
764.0   0.190360125949
764.5   0.189779627892
765.0   0.189199323722
765.5   0.188619019552
766.0   0.188038715381
766.5   0.187458217324
767.0   0.18687752538
767.5   0.18629722121
768.0   0.185717110927
768.5   0.185136806757
769.0   0.184556696474
769.5   0.183976198416
770.0   0.183395118698
770.5   0.182815202302
771.0   0.182235092019
771.5   0.181654400074
772.0   0.181073902017
772.5   0.180493597847
773.0   0.179880138978
773.5   0.179237984815
774.0   0.17940298276
774.5   0.178803871538
775.0   0.178728643333
775.5   0.178235394483
776.0   0.177708409272
776.5   0.177035233169
777.0   0.176994904646
777.5   0.17669573681
778.0   0.175510310917
778.5   0.175570803701
779.0   0.17508026927
779.5   0.174601561955
780.0   0.174412715893
780.5   0.173930906384
781.0   0.173849861565
781.5   0.173265097991
782.0   0.173376776976
782.5   0.172675875013
783.0   0.171545513064
783.5   0.171543186419
784.0   0.170919257645
784.5   0.170908206079
785.0   0.170652468959
785.5   0.170437642022
786.0   0.168557324668
786.5   0.168207358404
787.0   0.168334160585
787.5   0.167964223947
788.0   0.167923895425
788.5   0.166893967008
789.0   0.166799737865
789.5   0.165738011959
790.0   0.165343063882
790.5   0.165529195524
791.0   0.165140451835
791.5   0.165058825354
792.0   0.16435462731
792.5   0.163075553936
793.0   0.162533445529
793.5   0.163033480429
794.0   0.163206039972
794.5   0.162132680839
795.0   0.16149963937
795.5   0.160736111865
796.0   0.160439852336
796.5   0.160343102659
797.0   0.159591983931
797.5   0.159684080316
798.0   0.159140420813
798.5   0.159063447623
799.0   0.158934900458
799.5   0.15829371573
800.0   0.158585128082
800.5   0.159060345429
801.0   0.159066937592
801.5   0.158580087017
802.0   0.158318533283
802.5   0.158156055871
803.0   0.158241172319
803.5   0.158062214501
804.0   0.157661062036
804.5   0.157613753577
805.0   0.15790574759
805.5   0.158301277328
806.0   0.157519718321
806.5   0.15651499523
807.0   0.156156304046
807.5   0.155628155513
808.0   0.154525519424
808.5   0.153720112299
809.0   0.152860610667
809.5   0.152215354309
810.0   0.15160732428
810.5   0.151559046386
811.0   0.151276940616
811.5   0.152176576884
812.0   0.152115696326
812.5   0.151638152333
813.0   0.151221488898
813.5   0.150570028152
814.0   0.150250502168
814.5   0.1492077772
815.0   0.147678977207
815.5   0.146339411048
816.0   0.145255388123
816.5   0.144693891004
817.0   0.144898441923
817.5   0.145455673525
818.0   0.144697768747
818.5   0.146352401486
819.0   0.146201363414
819.5   0.14421712256
820.0   0.145249959284
820.5   0.144924422798
821.0   0.144316198882
821.5   0.142830054056
822.0   0.140597443792
822.5   0.137973181533
823.0   0.135890446018
823.5   0.136404246904
824.0   0.136482965077
824.5   0.13883772423
825.0   0.141354573022
825.5   0.141612830674
826.0   0.141780349152
826.5   0.141677007313
827.0   0.141373380073
827.5   0.139819374753
828.0   0.138855755733
828.5   0.13841737694
829.0   0.13871227926
829.5   0.139201068706
830.0   0.139938421449
830.5   0.138912952436
831.0   0.138517034923
831.5   0.138015642813
832.0   0.136987459381
832.5   0.136849217859
833.0   0.136904669578
833.5   0.136689842641
834.0   0.136511660372
834.5   0.13514262337
835.0   0.133986280547
835.5   0.132848744775
836.0   0.13165944114
836.5   0.131831612908
837.0   0.132280073832
837.5   0.132698094477
838.0   0.132684328491
838.5   0.133315431089
839.0   0.133354790175
839.5   0.133221008058
840.0   0.133568066015
840.5   0.133344514158
841.0   0.132902063735
841.5   0.13261898853
842.0   0.132206978385
842.5   0.132085605044
843.0   0.131500065922
843.5   0.131100852328
844.0   0.130198695527
844.5   0.130245034551
845.0   0.129963316556
845.5   0.130078485509
846.0   0.129664148719
846.5   0.129202115696
847.0   0.128725735026
847.5   0.128856221062
848.0   0.127029028781
848.5   0.126739749188
849.0   0.127070520626
849.5   0.127281663707
850.0   0.12659317052
850.5   0.126960392738
851.0   0.127216905406
851.5   0.126824671749
852.0   0.126375435277
852.5   0.125599111221
853.0   0.124777029804
853.5   0.124177530809
854.0   0.124539711961
854.5   0.122910090662
855.0   0.122802095532
855.5   0.123123366501
856.0   0.12396755105
856.5   0.123643759549
857.0   0.122662496801
857.5   0.121774881535
858.0   0.121015037886
858.5   0.120241622137
859.0   0.119208009865
859.5   0.118372162462
860.0   0.118491403045
860.5   0.118228298214
861.0   0.118926097983
861.5   0.119194243879
862.0   0.1188716157
862.5   0.118955374939
863.0   0.119517647606
863.5   0.119172334634
864.0   0.118179438658
864.5   0.118389418416
865.0   0.118623246291
865.5   0.11840803158
866.0   0.117797481018
866.5   0.117512466942
867.0   0.117943478025
867.5   0.118385734561
868.0   0.118849318681
868.5   0.11901198998
869.0   0.119028470386
869.5   0.119148098743
870.0   0.119122505642
870.5   0.118463483299
871.0   0.118031308893
871.5   0.117793603276
872.0   0.117581102985
872.5   0.117372674324
873.0   0.116562032247
873.5   0.116048231362
874.0   0.116381135558
874.5   0.113716544776
875.0   0.113551159057
875.5   0.1140159065
876.0   0.114710410188
876.5   0.115514072328
877.0   0.11439514972
877.5   0.114933380383
878.0   0.114718165673
878.5   0.115271713419
879.0   0.115429925315
879.5   0.115239334269
880.0   0.115366718111
880.5   0.114970994486
881.0   0.114865519889
881.5   0.11350171784
882.0   0.114157056328
882.5   0.114592332927
883.0   0.114131657114
883.5   0.113496676775
884.0   0.112193949171
884.5   0.111370510544
885.0   0.110026484982
885.5   0.108106032992
886.0   0.106496575953
886.5   0.105825338721
887.0   0.106386448065
887.5   0.107384578993
888.0   0.10799280291
888.5   0.108146167627
889.0   0.1086209972
889.5   0.10912238931
890.0   0.108624874943
890.5   0.108922685569
891.0   0.108400935311
891.5   0.108065122808
892.0   0.108137442706
892.5   0.108344708045
893.0   0.11175401928
893.5   0.112502617476
894.0   0.113239000783
894.5   0.111579714753
895.0   0.109804096447
895.5   0.108225467462
896.0   0.107176538107
896.5   0.106073126469
897.0   0.104586399981
897.5   0.104441954072
898.0   0.103785258374
898.5   0.103000597172
899.0   0.100328832567
899.5   0.100878890345
900.0   0.100963231245
900.5   0.0997526000264
901.0   0.100357333974
901.5   0.100742199921
902.0   0.101315718042
902.5   0.105073832218
903.0   0.107499166285
903.5   0.109235231618
904.0   0.108219069187
904.5   0.108929083845
905.0   0.107897992105
905.5   0.105309792851
906.0   0.103965767289
906.5   0.102749513343
907.0   0.101093523394
907.5   0.101290124941
908.0   0.101356822112
908.5   0.101497778054
909.0   0.102327808843
909.5   0.103242180532
910.0   0.102754748296
910.5   0.101322891865
911.0   0.102543023553
911.5   0.103404851831
912.0   0.102964146393
912.5   0.10195147393
913.0   0.100798233301
913.5   0.0999228329236
914.0   0.100411428483
914.5   0.100152007507
915.0   0.0984640261825
915.5   0.0949651390946
916.0   0.0981125088219
916.5   0.0992419013347
917.0   0.0988899961998
917.5   0.0992104916202
918.0   0.101475287147
918.5   0.102691928867
919.0   0.101874888515
919.5   0.100217153582
920.0   0.100340271907
920.5   0.102704337643
921.0   0.100797263865
921.5   0.0989279980766
922.0   0.0979517763939
922.5   0.0967898108437
923.0   0.0972161686353
923.5   0.0958721430732
924.0   0.0955667708487
924.5   0.0949281066534
925.0   0.0962581723424
925.5   0.0984421169372
926.0   0.0971114695869
926.5   0.100074840431
927.0   0.101897573309
927.5   0.103948511335
928.0   0.102532165874
928.5   0.101261041872
929.0   0.10600623541
929.5   0.106354262802
930.0   0.104508845131
930.5   0.101933830201
931.0   0.0970740493714
931.5   0.0943022390085
932.0   0.0902488347384
932.5   0.0915120093686
933.0   0.0913202550003
933.5   0.090990646885
934.0   0.090739563056
934.5   0.0862803530297
935.0   0.0868589122157
935.5   0.0838769282075
936.0   0.0870933217518
936.5   0.0880914526799
937.0   0.0869909493489
937.5   0.0899731272442
938.0   0.0917555315997
938.5   0.0979903599321
939.0   0.102649273699
939.5   0.103839546769
940.0   0.103571206986
940.5   0.102304930162
941.0   0.100140955941
941.5   0.0941304550143
942.0   0.0930059096796
942.5   0.0899075933954
943.0   0.086594644062
943.5   0.0865483050387
944.0   0.0820191017597
944.5   0.0853277855763
945.0   0.0889298206156
945.5   0.089513614754
946.0   0.0879948968908
946.5   0.0883704562552
947.0   0.0881581498515
947.5   0.0887863441419
948.0   0.0872333082573
948.5   0.0852624456147
949.0   0.0877296593015
949.5   0.0882248470231
950.0   0.0867877556402
950.5   0.0896619384059
951.0   0.0900301300595
951.5   0.0923734498724
952.0   0.0881540782218
952.5   0.0884578993493
953.0   0.0891118806276
953.5   0.0878989227631
954.0   0.0870576465205
954.5   0.0855104272497
955.0   0.0841051333556
955.5   0.0829239729799
956.0   0.0833796077276
956.5   0.0836632645939
957.0   0.0838319463941
957.5   0.0849968202511
958.0   0.0857727565321
958.5   0.0854861913588
959.0   0.0839983015488
959.5   0.0838063532934
960.0   0.085278344359
960.5   0.0844839888011
961.0   0.0853337960773
961.5   0.083903684631
962.0   0.0828570819212
962.5   0.0824543783591
963.0   0.0834918683739
963.5   0.079590471611
964.0   0.0786807532127
964.5   0.0775629939275
965.0   0.0807789996975
965.5   0.0820667979929
966.0   0.0804493915822
966.5   0.081388968598
967.0   0.0824551539076
967.5   0.0823041158359
968.0   0.0817660790594
968.5   0.0829080742355
969.0   0.0839040724052
969.5   0.0833924042779
970.0   0.0833394730923
970.5   0.0792193716506
971.0   0.0782640897775
971.5   0.0793979416943
972.0   0.0802215742084
972.5   0.0779670546994
973.0   0.0772314469408
973.5   0.0791340613149
974.0   0.0796831496576
974.5   0.0802227375311
975.0   0.0771568003971
975.5   0.0807221907694
976.0   0.0804174002063
976.5   0.0757858245244
977.0   0.07693324854
977.5   0.0759101061726
978.0   0.0760582359374
978.5   0.079553633057
979.0   0.0789341636873
979.5   0.0770106095036
980.0   0.0747888569191
980.5   0.0803491519377
981.0   0.0778119449981
981.5   0.0755834063642
982.0   0.0759035140103
982.5   0.077311328437
983.0   0.0788009632312
983.5   0.0754567980704
984.0   0.0781452369688
984.5   0.0768622858517
985.0   0.0763354945285
985.5   0.0780897852506
986.0   0.0716599064689
986.5   0.0739902358443
987.0   0.0732032479971
987.5   0.0756493279872
988.0   0.0744710759184
988.5   0.0709107266114
989.0   0.0742327886398
989.5   0.0762598785491
990.0   0.0756117138846
990.5   0.0727902684173
991.0   0.0740028385075
991.5   0.0759733133759
992.0   0.0743553253038
992.5   0.0758098665281
993.0   0.0710929805105
993.5   0.0709847914938
994.0   0.0747820708696
994.5   0.0736831186357
995.0   0.0728228414546
995.5   0.0735146307226
996.0   0.0758798597808
996.5   0.0743502842385
997.0   0.0709944858501
997.5   0.0709500856981
998.0   0.0722844169039
998.5   0.0750482778945
999.0   0.0706520811844
999.5   0.0710625402316
1000.0   0.0678327684755
1000.5   0.0721103062641
1001.0   0.0746180423605
1001.5   0.0711065526093
1002.0   0.0656769375141
1002.5   0.0708159158065
1003.0   0.0734993136396
1003.5   0.0705991499988
1004.0   0.0631463227368
1004.5   0.0630292149122
1005.0   0.0673011299742
1005.5   0.0657676766893
1006.0   0.0633088001489
1006.5   0.0651608099829
1007.0   0.0686420533422
1007.5   0.0719119597335
1008.0   0.07251882644
1008.5   0.0717620849846
1009.0   0.067633064735
1009.5   0.0687355069373
1010.0   0.0681255380368
1010.5   0.0640277336146
1011.0   0.0613073033403
1011.5   0.0662770181711
1012.0   0.0657223071017
1012.5   0.0642109569493
1013.0   0.0614934349819
1013.5   0.0656763558527
1014.0   0.0660340776014
1014.5   0.0663435214555
1015.0   0.067046750064
1015.5   0.0676863836949
1016.0   0.0678604943346
1016.5   0.0673503773043
1017.0   0.0664156474667
1017.5   0.065500888003
1018.0   0.0650501004335
1018.5   0.0653294917831
1019.0   0.0661422666181
1019.5   0.0671120900257
1020.0   0.0678589432376
1020.5   0.0681402734584
1021.0   0.0680728007383
1021.5   0.0679097416648
1022.0   0.0679089661163
1022.5   0.0682290737624
1023.0   0.0687771926695
1023.5   0.0693609868079
1024.0   0.0697848240668
1024.5   0.0699015441171
1025.0   0.0696966054242
1025.5   0.0692062648808
1026.0   0.0684727898806
1026.5   0.0675650103536
1027.0   0.0666176778527
1027.5   0.0657915248059
1028.0   0.0652414670276
1028.5   0.0650448654811
1029.0   0.0650762751956
1029.5   0.0651326963495
1030.0   0.0649882504401
1030.5   0.0644659185209
1031.0   0.064074266525
1031.5   0.0637365151503
1032.0   0.0635096672121
1032.5   0.0634610015433
1033.0   0.0635713233184
1033.5   0.0637878952389
1034.0   0.0640527450539
1034.5   0.0642974306078
1035.0   0.0644250083371
1035.5   0.0643265136768
1036.0   0.0639007375466
1036.5   0.0631218929588
1037.0   0.062162539456
1037.5   0.0612729853189
1038.0   0.0607010182952
1038.5   0.0606062074902
1039.0   0.0609144880217
1039.5   0.0614641580258
1040.0   0.0620855662667
1040.5   0.0626298074313
1041.0   0.0630038156987
1041.5   0.0631337200735
1042.0   0.0629557316912
1042.5   0.0624717894231
1043.0   0.0618591061028
1043.5   0.0613613978486
1044.0   0.0612171458264
1044.5   0.0615399678923
1045.0   0.0621218231594
1045.5   0.0626301952056
1046.0   0.0627352820282
1046.5   0.0622486253403
1047.0   0.0613493768468
1047.5   0.0603572564196
1048.0   0.0595976066573
1048.5   0.0592881628031
1049.0   0.0593730853646
1049.5   0.0596902847039
1050.0   0.0600708851335
1050.5   0.0603781962293
1051.0   0.060562970661
1051.5   0.0606087280229
1052.0   0.0605046106359
1052.5   0.0602616700662
1053.0   0.0599452462754
1053.5   0.0596437517935
1054.0   0.0594426908431
1054.5   0.0593887902219
1055.0   0.0594258226631
1055.5   0.0594587834746
1056.0   0.0593922801902
1056.5   0.0591774532538
1057.0   0.0588827448213
1057.5   0.0586229360715
1058.0   0.0585120326351
1058.5   0.0586124661667
1059.0   0.0588554067364
1059.5   0.0591206443257
1060.0   0.0592871933675
1060.5   0.0592712946231
1061.0   0.0590882651755
1061.5   0.0587908423232
1062.0   0.0584030680699
1062.5   0.0578720112299
1063.0   0.0577079827208
1063.5   0.0576104574961
1064.0   0.0575131261585
1064.5   0.0574157948209
1065.0   0.0573184634833
1065.5   0.0572209382586
1066.0   0.0571238008081
1066.5   0.0570270511319
1067.0   0.0569301075686
1067.5   0.0568335517795
1068.0   0.0567368021033
1068.5   0.0566400524271
1069.0   0.0565433027509
1069.5   0.0564467469618
1070.0   0.056350578947
1070.5   0.0562546048193
1071.0   0.0561586306916
1071.5   0.0560624626767
1072.0   0.0559662946619
1072.5   0.0558703205342
1073.0   0.0557743464065
1073.5   0.055678760053
1074.0   0.0555833675867
1074.5   0.0554881690075
1075.0   0.0553925826541
1075.5   0.0552971901878
1076.0   0.0552019916086
1076.5   0.0551065991422
1077.0   0.0550117883373
1077.5   0.0549169775324
1078.0   0.0548223606145
1078.5   0.0547275498096
1079.0   0.0546329328918
1079.5   0.0545381220868
1080.0   0.0544433112819
1080.5   0.0543492760255
1081.0   0.054255240769
1081.5   0.0541610116255
1082.0   0.054066976369
1082.5   0.0539729411126
1083.0   0.0538790997433
1083.5   0.053785258374
1084.0   0.0536914170047
1084.5   0.0535979634096
1085.0   0.0535045098146
1085.5   0.0534110562195
1086.0   0.0533177965116
1086.5   0.0532247306908
1087.0   0.05313166487
1087.5   0.0530387929363
1088.0   0.0529459210026
1088.5   0.0528532429561
1089.0   0.0527603710224
1089.5   0.0526676929759
1090.0   0.0525750149293
1090.5   0.0524829185441
1091.0   0.0523906282718
1091.5   0.0522985318867
1092.0   0.0522066293886
1092.5   0.0521143391163
1093.0   0.0520222427312
1093.5   0.0519307280074
1094.0   0.0518388255093
1094.5   0.0517471168984
1095.0   0.0516557960618
1095.5   0.051564281338
1096.0   0.0514729605013
1096.5   0.0513820274389
1097.0   0.0512907066022
1097.5   0.051199967427
1098.0   0.0511090343646
1098.5   0.0510182951893
1099.0   0.050927556014
1099.5   0.0508368168387
1100.0   0.0507460776634
1100.5   0.0506559201495
1101.0   0.0505657626356
1101.5   0.0504756051217
1102.0   0.0503854476078
1102.5   0.0502952900939
1103.0   0.0502053264671
1103.5   0.0501155567275
1104.0   0.0500255931007
1104.5   0.0499360172482
1105.0   0.0498466352828
1105.5   0.0497572533174
1106.0   0.0496682591263
1106.5   0.0495788771609
1107.0   0.0494898829697
1107.5   0.0494006948915
1108.0   0.0493117007003
1108.5   0.0492229003963
1109.0   0.0491346817537
1109.5   0.0490458814497
1110.0   0.048957662807
1110.5   0.048868862503
1111.0   0.0487808377475
1111.5   0.0486926191049
1112.0   0.0486045943494
1112.5   0.0485169573681
1113.0   0.0484289326126
1113.5   0.0483412956313
1114.0   0.0482532708758
1114.5   0.0481656338946
1115.0   0.0480787724618
1115.5   0.0479913293677
1116.0   0.0479038862736
1116.5   0.0478170248408
1117.0   0.0477301634081
1117.5   0.0476427203139
1118.0   0.0475564405426
1118.5   0.0474695791098
1119.0   0.0473829115642
1119.5   0.0472964379057
1120.0   0.0472097703601
1120.5   0.0471234905887
1121.0   0.0470374047045
1121.5   0.0469513188202
1122.0   0.0468656207102
1122.5   0.046779534826
1123.0   0.046693836716
1123.5   0.0466083324932
1124.0   0.0465228282703
1124.5   0.0464373240474
1125.0   0.0463520137117
1125.5   0.0462668972631
1126.0   0.0461813930402
1126.5   0.0460964704787
1127.0   0.0460117418044
1127.5   0.04592701313
1128.0   0.0458424783428
1128.5   0.0457577496685
1129.0   0.0456734087684
1129.5   0.045588680094
1130.0   0.045504533081
1130.5   0.0454201921809
1131.0   0.0453366268293
1131.5   0.0452524798164
1132.0   0.0451689144648
1132.5   0.0450847674518
1133.0   0.0450012021002
1133.5   0.04491821841
1134.0   0.0448346530584
1134.5   0.0447512815939
1135.0   0.0446682979037
1135.5   0.0445853142135
1136.0   0.044501942749
1136.5   0.044419346833
1137.0   0.0443367509171
1137.5   0.0442537672269
1138.0   0.044171365198
1138.5   0.0440887692821
1139.0   0.0440063672532
1139.5   0.0439241591115
1140.0   0.0438425326312
1140.5   0.0437605183766
1141.0   0.0436786980092
1141.5   0.0435964898675
1142.0   0.0435148633871
1142.5   0.0434334307939
1143.0   0.043352385975
1143.5   0.0432709533818
1144.0   0.0431899085628
1144.5   0.0431084759696
1145.0   0.0430274311507
1145.5   0.0429465802189
1146.0   0.0428661170613
1146.5   0.0427854600166
1147.0   0.042704996859
1147.5   0.0426247275886
1148.0   0.0425440705439
1148.5   0.0424641890477
1149.0   0.0423841136644
1149.5   0.0423038443939
1150.0   0.0422241567849
1150.5   0.0421444691758
1151.0   0.0420649754539
1151.5   0.0419852878448
1152.0   0.0419057941229
1152.5   0.0418266881752
1153.0   0.0417471944533
1153.5   0.0416682823927
1154.0   0.0415893703322
1154.5   0.0415104582716
1155.0   0.0414319339853
1155.5   0.0413532158119
1156.0   0.0412748854127
1156.5   0.0411965550135
1157.0   0.0411182246144
1157.5   0.0410398942152
1158.0   0.0409617577031
1158.5   0.0408838150782
1159.0   0.0408056785662
1159.5   0.0407281237155
1160.0   0.0406505688648
1160.5   0.0405734017884
1161.0   0.0404958469377
1161.5   0.0404188737485
1162.0   0.0403413188978
1162.5   0.0402643457085
1163.0   0.0401873725192
1163.5   0.0401107871042
1164.0   0.0400342016891
1164.5   0.0399576162741
1165.0   0.0398814186333
1165.5   0.0398050271054
1166.0   0.0397286355775
1166.5   0.0396524379367
1167.0   0.0395768219573
1167.5   0.0395006243165
1168.0   0.03942481445
1168.5   0.0393491984706
1169.0   0.0392739702655
1169.5   0.0391985481732
1170.0   0.039123319968
1170.5   0.0390478978758
1171.0   0.0389726696706
1171.5   0.0388980231269
1172.0   0.0388233765831
1172.5   0.0387485361522
1173.0   0.0386740834956
1173.5   0.0385996308389
1174.0   0.0385253720694
1174.5   0.0384511132999
1175.0   0.0383768545304
1175.5   0.0383029835351
1176.0   0.0382287247656
1176.5   0.0381550476575
1177.0   0.0380813705493
1177.5   0.0380082751026
1178.0   0.0379345979944
1178.5   0.0378615025477
1179.0   0.0377880193267
1179.5   0.0377149238799
1180.0   0.0376424100945
1180.5   0.0375695085349
1181.0   0.0374969947495
1181.5   0.0374240931899
1182.0   0.0373517732917
1182.5   0.0372794533934
1183.0   0.0372071334952
1183.5   0.0371352013712
1184.0   0.03706307536
1184.5   0.0369911432361
1185.0   0.0369195988863
1185.5   0.0368478606494
1186.0   0.0367765101868
1186.5   0.0367051597242
1187.0   0.0366340031487
1187.5   0.0365628465732
1188.0   0.0364916899978
1188.5   0.0364209211965
1189.0   0.0363503462824
1189.5   0.036279383594
1190.0   0.0362090025671
1190.5   0.0361386215401
1191.0   0.0360682405131
1191.5   0.0359982472604
1192.0   0.0359280601205
1192.5   0.0358582607549
1193.0   0.0357886552764
1193.5   0.0357188559108
1194.0   0.0356492504324
1194.5   0.0355800327281
1195.0   0.0355108150239
1195.5   0.0354412095455
1196.0   0.0353721857284
1196.5   0.0353035496855
1197.0   0.0352345258684
1197.5   0.0351660837127
1198.0   0.0350972537827
1198.5   0.035028811627
1199.0   0.0349607572456
1199.5   0.034892508977
1200.0   0.0348240668213
1200.5   0.0347564002141
