    1900.0 -1.46000E-05
    1920.0 -4.25600E-06
    1940.0  1.16200E-06
    1960.0  8.76000E-07
    1980.0  1.08000E-06
    2000.0  1.54200E-06
    2020.0  1.05600E-06
    2040.0  8.78000E-07
    2060.0  6.56000E-07
    2080.0  3.78000E-07
    2100.0  3.90000E-07
    2120.0  1.20000E-07
    2140.0  1.26000E-07
    2160.0 -2.80000E-08
    2180.0 -1.14000E-07
    2200.0 -1.36000E-07
    2220.0 -1.60000E-07
    2240.0  8.80000E-08
    2260.0  3.18000E-07
    2280.0  3.40000E-07
    2300.0  1.96000E-07
    2320.0  2.00000E-08
    2340.0  9.00000E-08
    2360.0  1.38000E-07
    2380.0  7.00000E-08
    2400.0  1.45000E-07
    2420.0  1.32000E-07
    2440.0 -2.20000E-08
    2460.0 -1.68000E-07
    2480.0 -5.90000E-08
    2500.0  4.50000E-08
    2520.0  1.07000E-07
    2540.0  5.40000E-08
    2560.0  1.52000E-07
    2580.0  1.20000E-07
    2600.0  7.00000E-08
    2620.0  1.26000E-07
    2640.0  1.62000E-07
    2660.0 -7.20000E-08
    2680.0  2.00000E-09
    2700.0  1.18000E-07
    2720.0  6.80000E-08
    2740.0 -3.30000E-08
    2760.0  7.00000E-09
    2780.0  6.20000E-08
    2800.0  3.60000E-08
    2820.0  5.60000E-08
    2840.0  9.20000E-08
    2860.0  4.30000E-08
    2880.0  6.60000E-07
    2900.0  2.98000E-07
    2920.0  1.02000E-07
    2940.0  3.60000E-08
    2960.0  3.40000E-08
    2980.0  7.60000E-08
    3000.0  9.40000E-08
    3020.0 -6.40000E-08
    3040.0  2.20000E-08
    3060.0  1.00000E-07
    3080.0  2.20000E-08
    3100.0  7.20000E-08
    3120.0  2.00000E-09
    3140.0  7.80000E-08
    3160.0  4.80000E-08
    3180.0  8.40000E-08
    3200.0  1.74000E-07
    3220.0  1.28000E-07
    3240.0  1.00000E-08
    3260.0 -9.20000E-08
    3280.0  1.24000E-07
    3300.0  8.80000E-08
    3320.0  1.30000E-07
    3340.0 -4.20000E-08
    3360.0 -2.00000E-08
    3380.0  1.32000E-07
    3400.0  8.40000E-08
    3420.0  3.00000E-08
    3440.0  8.00000E-08
    3460.0  4.60000E-08
    3480.0 -1.60000E-08
    3500.0  1.00000E-08
    3520.0  8.20000E-08
    3540.0  1.00000E-08
    3560.0  1.40000E-08
    3580.0  9.40000E-08
    3600.0  2.12000E-07
    3620.0 -7.80000E-08
    3640.0 -6.20000E-08
    3660.0  6.40000E-08
    3680.0 -5.30000E-08
    3700.0 -1.86000E-07
    3720.0 -9.60000E-08
    3740.0  2.04000E-07
    3760.0  1.20000E-08
    3780.0  7.60000E-08
    3800.0 -7.40000E-08
    3820.0  7.80000E-08
    3840.0 -2.00000E-09
    3860.0  8.00000E-09
    3880.0  1.80000E-07
    3900.0 -3.60000E-08
    3920.0  9.00000E-08
    3940.0  1.02000E-07
    3960.0  6.80000E-08
    3980.0  1.16000E-07
    4000.0 -1.32349E-24
    4020.0  2.42000E-07
    4040.0 -6.00000E-08
    4060.0  2.76000E-07
    4080.0  7.20000E-08
    4100.0  1.24000E-07
    4120.0  3.60000E-08
    4140.0  1.00000E-08
    4160.0  1.62000E-07
    4180.0  4.00000E-09
    4200.0  3.60000E-08
    4220.0 -1.80000E-08
    4240.0  1.66000E-07
    4260.0  2.26000E-07
    4280.0  6.00000E-08
    4300.0  1.42000E-07
    4320.0  6.80000E-08
    4340.0  7.80000E-08
    4360.0  1.20000E-07
    4380.0  1.74000E-07
    4400.0  7.60000E-08
    4420.0  1.04000E-07
    4440.0  1.22000E-07
    4460.0  1.00000E-07
    4480.0  1.24000E-07
    4500.0 -3.40000E-08
    4520.0  4.00000E-08
    4540.0 -4.20000E-08
    4560.0  9.20000E-08
    4580.0  1.88000E-07
    4600.0  1.24000E-07
    4620.0  1.20000E-07
    4640.0  7.00000E-08
    4660.0  2.54000E-07
    4680.0  6.08000E-07
    4700.0  1.50000E-07
    4720.0  1.76000E-07
    4740.0  1.66000E-07
    4760.0  1.56000E-07
    4780.0  8.40000E-08
    4800.0  1.28000E-07
    4820.0  7.00000E-08
    4840.0  9.40000E-08
    4860.0  1.36000E-07
    4880.0  1.36000E-07
    4900.0  1.70000E-07
    4920.0  6.40000E-08
    4940.0  4.60000E-08
    4960.0  6.60000E-08
    4980.0  1.94000E-07
    5000.0  1.11000E-07
    5020.0  9.40000E-08
    5040.0  1.54000E-07
    5060.0  2.04000E-07
    5080.0  1.72000E-07
    5100.0  8.40000E-08
    5120.0  1.52000E-07
    5140.0  1.20000E-07
    5160.0  1.46000E-07
    5180.0  1.32000E-07
    5200.0  1.34000E-07
    5220.0  1.78000E-07
    5240.0  9.80000E-08
    5260.0  1.12000E-07
    5280.0  6.80000E-08
    5300.0  1.54000E-07
    5320.0  1.08000E-07
    5340.0  7.40000E-08
    5360.0  4.60000E-08
    5380.0  4.40000E-08
    5400.0  2.00000E-09
    5420.0  1.80000E-08
    5440.0  1.30000E-07
    5460.0  9.80000E-08
    5480.0  1.10000E-07
    5500.0  7.00000E-08
    5520.0  5.00000E-08
    5540.0  7.00000E-08
    5560.0  9.40000E-08
    5580.0  7.60000E-08
    5600.0 -2.80000E-08
    5620.0  8.00000E-08
    5640.0  1.30000E-07
    5660.0  1.02000E-07
    5680.0  3.40000E-08
    5700.0  7.60000E-08
    5720.0  1.20000E-07
    5740.0  9.40000E-08
    5760.0  8.40000E-08
    5780.0  1.44000E-07
    5800.0  5.40000E-08
    5820.0  8.00000E-09
    5840.0  1.50000E-07
    5860.0  1.80000E-07
    5880.0  1.60000E-07
    5900.0  2.42000E-07
    5920.0  2.42000E-07
    5940.0  1.22000E-07
    5960.0  1.52000E-07
    5980.0  1.82000E-07
    6000.0  2.38000E-07
    6020.0  2.32000E-07
    6040.0  1.92000E-07
    6060.0  1.30000E-07
    6080.0  2.40000E-08
    6100.0  6.20000E-08
    6120.0  1.08000E-07
    6140.0  8.80000E-08
    6160.0  1.10000E-07
    6180.0  8.00000E-08
    6200.0  1.78000E-07
    6220.0  4.80000E-07
    6240.0  5.82000E-07
    6260.0  3.72000E-07
    6280.0  1.54000E-07
    6300.0  3.20000E-08
    6320.0  1.80000E-08
    6340.0 -2.10000E-08
    6360.0  6.20000E-08
    6380.0  8.20000E-08
    6400.0  1.20000E-08
    6420.0  6.60000E-08
    6440.0  6.20000E-08
    6460.0  9.20000E-08
    6480.0  6.00000E-08
    6500.0 -8.10200E-06
    6510.0 -3.41400E-06
    6520.0 -4.05600E-06
    6530.0  2.12000E-07
    6540.0  4.70000E-06
    6550.0  9.40400E-06
    6560.0  9.84200E-06
    6570.0  1.62640E-05
    6580.0  2.78200E-06
    6590.0 -1.00700E-05
    6600.0 -1.30780E-05
    6610.0 -2.48740E-05
    6620.0  5.14800E-06
    6630.0  1.82480E-05
    6640.0 -3.00400E-06
    6650.0  2.36400E-06
    6660.0 -4.94600E-06
    6670.0 -1.07600E-06
    6680.0  8.62000E-07
    6690.0  0.00000E+00
    6700.0  1.18540E-05
    6710.0  4.11860E-05
    6720.0  1.03600E-05
    6730.0  3.02400E-06
    6740.0  2.59200E-06
    6750.0  1.51400E-06
    6760.0  7.13800E-06
    6770.0  1.27660E-05
    6780.0  8.50980E-05
    6790.0  3.40140E-05
    6800.0  3.18740E-05
    6810.0  5.01140E-05
    6820.0  9.11540E-05
    6830.0  1.32522E-04
    6840.0  2.12998E-04
    6850.0  3.19016E-04
    6860.0  4.45874E-04
    6870.0  6.60774E-04
    6880.0  9.58788E-04
    6890.0  1.36895E-03
    6900.0  1.97157E-03
    6910.0  2.76822E-03
    6920.0  3.89740E-03
    6930.0  5.44086E-03
    6940.0  7.46817E-03
    6950.0  1.02322E-02
    6960.0  1.39800E-02
    6970.0  1.90040E-02
    6980.0  2.57859E-02
    6990.0  3.49297E-02
    7000.0  4.72448E-02
    7010.0  6.39094E-02
    7020.0  8.63108E-02
    7030.0  1.16040E-01
    7040.0  1.55035E-01
    7050.0  2.05194E-01
    7060.0  2.68043E-01
    7070.0  3.43580E-01
    7080.0  4.29934E-01
    7090.0  5.22186E-01
    7100.0  6.14419E-01
    7110.0  6.99557E-01
    7120.0  7.71334E-01
    7130.0  8.26862E-01
    7140.0  8.66050E-01
    7150.0  8.92350E-01
    7160.0  9.08551E-01
    7170.0  9.17759E-01
    7180.0  9.23490E-01
    7190.0  9.27736E-01
    7200.0  9.31178E-01
    7210.0  9.34844E-01
    7220.0  9.39272E-01
    7230.0  9.43853E-01
    7240.0  9.48598E-01
    7250.0  9.53339E-01
    7260.0  9.57805E-01
    7270.0  9.61531E-01
    7280.0  9.63999E-01
    7290.0  9.65735E-01
    7300.0  9.66540E-01
    7310.0  9.65844E-01
    7320.0  9.64294E-01
    7330.0  9.61784E-01
    7340.0  9.58337E-01
    7350.0  9.54480E-01
    7360.0  9.50238E-01
    7370.0  9.45797E-01
    7380.0  9.41549E-01
    7390.0  9.37110E-01
    7400.0  9.33630E-01
    7410.0  9.30224E-01
    7420.0  9.27080E-01
    7430.0  9.25060E-01
    7440.0  9.23577E-01
    7450.0  9.22273E-01
    7460.0  9.21896E-01
    7470.0  9.22354E-01
    7480.0  9.23169E-01
    7490.0  9.24608E-01
    7500.0  9.26442E-01
    7510.0  9.28825E-01
    7520.0  9.31342E-01
    7530.0  9.34058E-01
    7540.0  9.37087E-01
    7550.0  9.40166E-01
    7560.0  9.43232E-01
    7570.0  9.46299E-01
    7580.0  9.49544E-01
    7590.0  9.52771E-01
    7600.0  9.55384E-01
    7610.0  9.57970E-01
    7620.0  9.60591E-01
    7630.0  9.63142E-01
    7640.0  9.65169E-01
    7650.0  9.67113E-01
    7660.0  9.68744E-01
    7670.0  9.70317E-01
    7680.0  9.71563E-01
    7690.0  9.72701E-01
    7700.0  9.73775E-01
    7710.0  9.74439E-01
    7720.0  9.75032E-01
    7730.0  9.75806E-01
    7740.0  9.75994E-01
    7750.0  9.76074E-01
    7760.0  9.76500E-01
    7770.0  9.76509E-01
    7780.0  9.76397E-01
    7790.0  9.76362E-01
    7800.0  9.76177E-01
    7810.0  9.75554E-01
    7820.0  9.75219E-01
    7830.0  9.74799E-01
    7840.0  9.74006E-01
    7850.0  9.73313E-01
    7860.0  9.72705E-01
    7870.0  9.72011E-01
    7880.0  9.71071E-01
    7890.0  9.70028E-01
    7900.0  9.69013E-01
    7910.0  9.68135E-01
    7920.0  9.67206E-01
    7930.0  9.66236E-01
    7940.0  9.65258E-01
    7950.0  9.64396E-01
    7960.0  9.63461E-01
    7970.0  9.62674E-01
    7980.0  9.62081E-01
    7990.0  9.61272E-01
    8000.0  9.60734E-01
    8010.0  9.60386E-01
    8020.0  9.60089E-01
    8030.0  9.59836E-01
    8040.0  9.59727E-01
    8050.0  9.59912E-01
    8060.0  9.60100E-01
    8070.0  9.60382E-01
    8080.0  9.60928E-01
    8090.0  9.61432E-01
    8100.0  9.61967E-01
    8110.0  9.62840E-01
    8120.0  9.63936E-01
    8130.0  9.64831E-01
    8140.0  9.65767E-01
    8150.0  9.67048E-01
    8160.0  9.68221E-01
    8170.0  9.69366E-01
    8180.0  9.70504E-01
    8190.0  9.71579E-01
    8200.0  9.72800E-01
    8210.0  9.74213E-01
    8220.0  9.75616E-01
    8230.0  9.76564E-01
    8240.0  9.77520E-01
    8250.0  9.78729E-01
    8260.0  9.79889E-01
    8270.0  9.80840E-01
    8280.0  9.82071E-01
    8290.0  9.82965E-01
    8300.0  9.83600E-01
    8310.0  9.84372E-01
    8320.0  9.84966E-01
    8330.0  9.85695E-01
    8340.0  9.86472E-01
    8350.0  9.86615E-01
    8360.0  9.86815E-01
    8370.0  9.87264E-01
    8380.0  9.87660E-01
    8390.0  9.87813E-01
    8400.0  9.87743E-01
    8410.0  9.87865E-01
    8420.0  9.88018E-01
    8430.0  9.87766E-01
    8440.0  9.87471E-01
    8450.0  9.87201E-01
    8460.0  9.86882E-01
    8470.0  9.86399E-01
    8480.0  9.85740E-01
    8490.0  9.84721E-01
    8500.0  9.84026E-01
    8510.0  9.83192E-01
    8520.0  9.81614E-01
    8530.0  9.80349E-01
    8540.0  9.79347E-01
    8550.0  9.77371E-01
    8560.0  9.75856E-01
    8570.0  9.74066E-01
    8580.0  9.72222E-01
    8590.0  9.69656E-01
    8600.0  9.67435E-01
    8610.0  9.64985E-01
    8620.0  9.62214E-01
    8630.0  9.59364E-01
    8640.0  9.56309E-01
    8650.0  9.53195E-01
    8660.0  9.50025E-01
    8670.0  9.46798E-01
    8680.0  9.43592E-01
    8690.0  9.40115E-01
    8700.0  9.36707E-01
    8710.0  9.33382E-01
    8720.0  9.29971E-01
    8730.0  9.26679E-01
    8740.0  9.23314E-01
    8750.0  9.20148E-01
    8760.0  9.17086E-01
    8770.0  9.14092E-01
    8780.0  9.11290E-01
    8790.0  9.08476E-01
    8800.0  9.06037E-01
    8810.0  9.03733E-01
    8820.0  9.01629E-01
    8830.0  8.99828E-01
    8840.0  8.98118E-01
    8850.0  8.96666E-01
    8860.0  8.95610E-01
    8870.0  8.94734E-01
    8880.0  8.94211E-01
    8890.0  8.93813E-01
    8900.0  8.93833E-01
    8910.0  8.94171E-01
    8920.0  8.94776E-01
    8930.0  8.95667E-01
    8940.0  8.96956E-01
    8950.0  8.98406E-01
    8960.0  9.00228E-01
    8970.0  9.02435E-01
    8980.0  9.04786E-01
    8990.0  9.07274E-01
    9000.0  9.10201E-01
    9010.0  9.13274E-01
    9020.0  9.16650E-01
    9030.0  9.19976E-01
    9040.0  9.23672E-01
    9050.0  9.27577E-01
    9060.0  9.31410E-01
    9070.0  9.35372E-01
    9080.0  9.39505E-01
    9090.0  9.43691E-01
    9100.0  9.47700E-01
    9110.0  9.51757E-01
    9120.0  9.55795E-01
    9130.0  9.59681E-01
    9140.0  9.63443E-01
    9150.0  9.66935E-01
    9160.0  9.70457E-01
    9170.0  9.73598E-01
    9180.0  9.76495E-01
    9190.0  9.79174E-01
    9200.0  9.81693E-01
    9210.0  9.83667E-01
    9220.0  9.85509E-01
    9230.0  9.87086E-01
    9240.0  9.88369E-01
    9250.0  9.89297E-01
    9260.0  9.89926E-01
    9270.0  9.90372E-01
    9280.0  9.90536E-01
    9290.0  9.90604E-01
    9300.0  9.90541E-01
    9310.0  9.90282E-01
    9320.0  9.90040E-01
    9330.0  9.89666E-01
    9340.0  9.89308E-01
    9350.0  9.89002E-01
    9360.0  9.88761E-01
    9370.0  9.88661E-01
    9380.0  9.88671E-01
    9390.0  9.88820E-01
    9400.0  9.88961E-01
    9410.0  9.89235E-01
    9420.0  9.89467E-01
    9430.0  9.89573E-01
    9440.0  9.89390E-01
    9450.0  9.88925E-01
    9460.0  9.87809E-01
    9470.0  9.85786E-01
    9480.0  9.82659E-01
    9490.0  9.78045E-01
    9500.0  9.71352E-01
    9510.0  9.62523E-01
    9520.0  9.50871E-01
    9530.0  9.35909E-01
    9540.0  9.17407E-01
    9550.0  8.95418E-01
    9560.0  8.68989E-01
    9570.0  8.38179E-01
    9580.0  8.03815E-01
    9590.0  7.65918E-01
    9600.0  7.24716E-01
    9610.0  6.80820E-01
    9620.0  6.35672E-01
    9630.0  5.89752E-01
    9640.0  5.43557E-01
    9650.0  4.97356E-01
    9660.0  4.52967E-01
    9670.0  4.11014E-01
    9680.0  3.70763E-01
    9690.0  3.33219E-01
    9700.0  2.98709E-01
    9710.0  2.67537E-01
    9720.0  2.38907E-01
    9730.0  2.12706E-01
    9740.0  1.89863E-01
    9750.0  1.69495E-01
    9760.0  1.50757E-01
    9770.0  1.34324E-01
    9780.0  1.20282E-01
    9790.0  1.07600E-01
    9800.0  9.61040E-02
    9810.0  8.62335E-02
    9820.0  7.72698E-02
    9830.0  6.92244E-02
    9840.0  6.24535E-02
    9850.0  5.63184E-02
    9860.0  5.08535E-02
    9870.0  4.59161E-02
    9880.0  4.16735E-02
    9890.0  3.76698E-02
    9900.0  3.39943E-02
    9910.0  3.11744E-02
    9920.0  2.85135E-02
    9930.0  2.58828E-02
    9940.0  2.34378E-02
    9950.0  2.16927E-02
    9960.0  1.99963E-02
    9970.0  1.82457E-02
    9980.0  1.66022E-02
    9990.0  1.53976E-02
   10000.0  1.42160E-02
   10010.0  1.32035E-02
   10020.0  1.22076E-02
   10030.0  1.12461E-02
   10040.0  1.04735E-02
   10050.0  9.82342E-03
   10060.0  9.05166E-03
   10070.0  8.34952E-03
   10080.0  7.84057E-03
   10090.0  7.43451E-03
   10100.0  6.81952E-03
   10110.0  6.25841E-03
   10120.0  5.94446E-03
   10130.0  5.65692E-03
   10140.0  5.46409E-03
   10150.0  4.89395E-03
   10160.0  4.48116E-03
   10170.0  4.38135E-03
   10180.0  4.20295E-03
   10190.0  4.14429E-03
   10200.0  3.65342E-03
   10210.0  3.21592E-03
   10220.0  3.22822E-03
   10230.0  3.12888E-03
   10240.0  3.03815E-03
   10250.0  3.06971E-03
   10260.0  2.64225E-03
   10270.0  2.45665E-03
   10280.0  2.45132E-03
   10290.0  2.31858E-03
   10300.0  2.27609E-03
   10310.0  2.33234E-03
   10320.0  1.99674E-03
   10330.0  1.85950E-03
   10340.0  1.79933E-03
   10350.0  1.79189E-03
   10360.0  1.79188E-03
   10370.0  1.77556E-03
   10380.0  1.56743E-03
   10390.0  1.48787E-03
   10400.0  1.40793E-03
   10410.0  1.41638E-03
   10420.0  1.45265E-03
   10430.0  1.51246E-03
   10440.0  1.21083E-03
   10450.0  1.20000E-03
   10460.0  1.19179E-03
   10470.0  1.09455E-03
   10480.0  1.16137E-03
   10490.0  1.21803E-03
   10500.0  1.28026E-03
   10510.0  8.50580E-04
   10520.0  9.30446E-04
   10530.0  1.00176E-03
   10540.0  9.84834E-04
   10550.0  9.15760E-04
   10560.0  1.05259E-03
   10570.0  1.29022E-03
   10580.0  7.89004E-04
   10590.0  5.26438E-04
   10600.0  7.78258E-04
   10610.0  8.37392E-04
   10620.0  8.10678E-04
   10630.0  7.71338E-04
   10640.0  7.01964E-04
   10650.0  8.45258E-04
   10660.0  9.17994E-04
   10670.0  1.09304E-03
   10680.0  4.67776E-04
   10690.0  6.49390E-04
   10700.0  7.03258E-04
   10710.0  6.35552E-04
   10720.0  6.58850E-04
   10730.0  6.64456E-04
   10740.0  6.43216E-04
   10750.0  5.84580E-04
   10760.0  1.14647E-03
   10770.0  7.32968E-04
   10780.0  6.07728E-04
   10790.0  5.46916E-04
   10800.0  6.56806E-04
   10810.0  6.44016E-04
   10820.0  6.33188E-04
   10830.0  7.94448E-04
   10840.0  6.64222E-04
   10850.0  5.84474E-04
   10860.0  5.99724E-04
   10870.0  5.34960E-04
   10880.0  6.41666E-04
   10890.0  6.39106E-04
   10900.0  6.88652E-04
   10910.0  8.97416E-04
   10920.0  5.68254E-04
   10930.0  6.24390E-04
   10940.0  6.50530E-04
   10950.0  6.10604E-04
   10960.0  6.66468E-04
   10970.0  5.49346E-04
   10980.0  6.00496E-04
   10990.0  6.60114E-04
   11000.0  7.01722E-04
   11020.0  7.18808E-04
   11040.0  7.20602E-04
   11060.0  7.62832E-04
   11080.0  8.00900E-04
   11100.0  8.44998E-04
   11120.0  8.48426E-04
   11140.0  8.70042E-04
   11160.0  9.02510E-04
   11180.0  9.13308E-04
   11200.0  1.00636E-03
   11220.0  1.09372E-03
   11240.0  1.16729E-03
   11260.0  1.23287E-03
   11280.0  1.31433E-03
   11300.0  1.33644E-03
   11320.0  1.43892E-03
   11340.0  1.70730E-03
   11360.0  1.81933E-03
   11380.0  1.94523E-03
   11400.0  2.13923E-03
   11420.0  2.33891E-03
   11440.0  2.63898E-03
   11460.0  2.89171E-03
   11480.0  3.36690E-03
   11500.0  3.85340E-03
   11520.0  4.46490E-03
   11540.0  5.12403E-03
   11560.0  5.98290E-03
   11580.0  6.99770E-03
   11600.0  8.16206E-03
   11620.0  1.03804E-02
   11640.0  1.27017E-02
   11660.0  1.48264E-02
   11680.0  1.71760E-02
   11700.0  2.00106E-02
   11720.0  2.40637E-02
   11740.0  2.97281E-02
   11760.0  3.79422E-02
   11780.0  4.83908E-02
   11800.0  6.42078E-02
   11820.0  8.80421E-02
   11840.0  1.14774E-01
   11860.0  1.64011E-01
   11880.0  3.61870E-01
   11900.0  3.37024E-01
   11920.0  5.26677E-01
   11940.0  5.30841E-01
   11960.0  4.23077E-01
   11980.0  2.89347E-01
   12000.0  1.98711E-01
   12020.0  1.51816E-01
   12040.0  1.14887E-01
   12060.0  8.92701E-02
   12080.0  7.25827E-02
   12100.0  6.00342E-02
   12120.0  5.19545E-02
   12140.0  4.61945E-02
   12160.0  4.18674E-02
   12180.0  3.88063E-02
   12200.0  3.79142E-02
   12220.0  3.39192E-02
   12240.0  3.28893E-02
   12260.0  3.31905E-02
   12280.0  3.09089E-02
   12300.0  3.07497E-02
   12320.0  3.03234E-02
   12340.0  2.99119E-02
   12360.0  3.20432E-02
   12380.0  3.31976E-02
   12400.0  3.39858E-02
   12420.0  3.53306E-02
   12440.0  3.60947E-02
   12460.0  3.71075E-02
   12480.0  4.11351E-02
   12500.0  4.37731E-02
   12520.0  4.67748E-02
   12540.0  5.03834E-02
   12560.0  5.48295E-02
   12580.0  6.04097E-02
   12600.0  6.75698E-02
   12620.0  7.74181E-02
   12640.0  8.24645E-02
   12660.0  9.54036E-02
   12680.0  1.10647E-01
   12700.0  1.22529E-01
   12720.0  1.43627E-01
   12740.0  1.75381E-01
   12760.0  2.15995E-01
   12780.0  2.48709E-01
   12800.0  2.99002E-01
   12820.0  3.60157E-01
   12840.0  4.24650E-01
   12860.0  4.88606E-01
   12880.0  5.55407E-01
   12900.0  6.48044E-01
   12920.0  6.97716E-01
   12940.0  7.21979E-01
   12960.0  7.20781E-01
   12980.0  7.07666E-01
   13000.0  6.63500E-01
   13020.0  6.12759E-01
   13040.0  5.51231E-01
   13060.0  4.95712E-01
   13080.0  4.46992E-01
   13100.0  4.09032E-01
   13120.0  3.78298E-01
   13140.0  3.56146E-01
   13160.0  3.35824E-01
   13180.0  3.08365E-01
   13200.0  2.96841E-01
   13220.0  2.92527E-01
   13240.0  2.90414E-01
   13260.0  2.77731E-01
   13280.0  2.80339E-01
   13300.0  2.90064E-01
   13320.0  2.99648E-01
   13340.0  2.98631E-01
   13360.0  3.12470E-01
   13380.0  3.28907E-01
   13400.0  3.54692E-01
   13420.0  3.81813E-01
   13440.0  3.94169E-01
   13460.0  4.24300E-01
   13480.0  4.80125E-01
   13500.0  5.07787E-01
   13520.0  5.60099E-01
   13540.0  6.39492E-01
   13560.0  6.48091E-01
   13580.0  6.21428E-01
   13600.0  6.61122E-01
   13620.0  7.10627E-01
   13640.0  6.44642E-01
   13660.0  5.94160E-01
   13680.0  6.07417E-01
   13700.0  6.20580E-01
   13720.0  6.02432E-01
   13740.0  4.84079E-01
   13760.0  3.44588E-01
   13780.0  2.48342E-01
   13800.0  2.38379E-01
   13820.0  2.71370E-01
   13840.0  2.35631E-01
   13860.0  2.11036E-01
   13880.0  1.72246E-01
   13900.0  1.32141E-01
   13920.0  1.22444E-01
   13940.0  1.23333E-01
   13960.0  1.07393E-01
   13980.0  9.22174E-02
   14000.0  9.71150E-02
   14020.0  7.66539E-02
   14040.0  7.14529E-02
   14060.0  7.26243E-02
   14080.0  7.00987E-02
   14100.0  5.85746E-02
   14120.0  5.59945E-02
   14140.0  5.70347E-02
   14160.0  5.06658E-02
   14180.0  5.08541E-02
   14200.0  4.94968E-02
   14220.0  4.73823E-02
   14240.0  4.58421E-02
   14260.0  4.36922E-02
   14280.0  4.23844E-02
   14300.0  4.23370E-02
   14320.0  4.33604E-02
   14340.0  4.12514E-02
   14360.0  3.99396E-02
   14380.0  3.95421E-02
   14400.0  3.88852E-02
   14420.0  3.85298E-02
   14440.0  4.02036E-02
   14460.0  3.98888E-02
   14480.0  4.01340E-02
   14500.0  4.30649E-02
   14520.0  4.25777E-02
   14540.0  4.22383E-02
   14560.0  4.33090E-02
   14580.0  4.53873E-02
   14600.0  4.60631E-02
   14620.0  4.66992E-02
   14640.0  4.86069E-02
   14660.0  4.99527E-02
   14680.0  5.31167E-02
   14700.0  5.76765E-02
   14720.0  6.02184E-02
   14740.0  6.25614E-02
   14760.0  6.71472E-02
   14780.0  7.24487E-02
   14800.0  7.86484E-02
   14820.0  8.41132E-02
   14840.0  9.14953E-02
   14860.0  1.00959E-01
   14880.0  1.11862E-01
   14900.0  1.24301E-01
   14920.0  1.38569E-01
   14940.0  1.54978E-01
   14960.0  1.75486E-01
   14980.0  2.01561E-01
   15000.0  2.41843E-01
   15020.0  2.85847E-01
   15040.0  3.35130E-01
   15060.0  3.90022E-01
   15080.0  4.55389E-01
   15100.0  4.85776E-01
   15120.0  5.18793E-01
   15140.0  5.53390E-01
   15160.0  5.97571E-01
   15180.0  6.24888E-01
   15200.0  5.70516E-01
   15220.0  4.83829E-01
   15240.0  4.07280E-01
   15260.0  3.45512E-01
   15280.0  2.98965E-01
   15300.0  2.52461E-01
   15320.0  2.14915E-01
   15340.0  1.84470E-01
   15360.0  1.63089E-01
   15380.0  1.34582E-01
   15400.0  1.15605E-01
   15420.0  1.00955E-01
   15440.0  8.95585E-02
   15460.0  7.92997E-02
   15480.0  7.09657E-02
   15500.0  6.39225E-02
   15520.0  5.78290E-02
   15540.0  5.23956E-02
   15560.0  4.79067E-02
   15580.0  4.41720E-02
   15600.0  4.19181E-02
   15620.0  3.66323E-02
   15640.0  3.33861E-02
   15660.0  3.11499E-02
   15680.0  2.94876E-02
   15700.0  2.82098E-02
   15720.0  2.76022E-02
   15740.0  2.49420E-02
   15760.0  2.37958E-02
   15780.0  2.29364E-02
   15800.0  2.25950E-02
   15820.0  2.05527E-02
   15840.0  1.98121E-02
   15860.0  1.93843E-02
   15880.0  1.92461E-02
   15900.0  1.76643E-02
   15920.0  1.71022E-02
   15940.0  1.67566E-02
   15960.0  1.68479E-02
   15980.0  1.55316E-02
   16000.0  1.51687E-02
   16020.0  1.47655E-02
   16040.0  1.45005E-02
   16060.0  1.42807E-02
   16080.0  1.42793E-02
   16100.0  1.44844E-02
   16120.0  1.35198E-02
   16140.0  1.32034E-02
   16160.0  1.30943E-02
   16180.0  1.28086E-02
   16200.0  1.27705E-02
   16220.0  1.25694E-02
   16240.0  1.25220E-02
   16260.0  1.23879E-02
   16280.0  1.23965E-02
   16300.0  1.23355E-02
   16320.0  1.24640E-02
   16340.0  1.27564E-02
   16360.0  1.20910E-02
   16380.0  1.20365E-02
   16400.0  1.20136E-02
   16420.0  1.19797E-02
   16440.0  1.20621E-02
   16460.0  1.19894E-02
   16480.0  1.22214E-02
   16500.0  1.23623E-02
   16520.0  1.26817E-02
   16540.0  1.21475E-02
   16560.0  1.22459E-02
   16580.0  1.24289E-02
   16600.0  1.26020E-02
   16620.0  1.29432E-02
   16640.0  1.35627E-02
   16660.0  1.34449E-02
   16680.0  1.41661E-02
   16700.0  1.33064E-02
   16720.0  1.35166E-02
   16740.0  1.36434E-02
   16760.0  1.39019E-02
   16780.0  1.41085E-02
   16800.0  1.44831E-02
   16820.0  1.49447E-02
   16840.0  1.54585E-02
   16860.0  1.49665E-02
   16880.0  1.53236E-02
   16900.0  1.55502E-02
   16920.0  1.59210E-02
   16940.0  1.63366E-02
   16960.0  1.71043E-02
   16980.0  1.76987E-02
   17000.0  1.72973E-02
   17020.0  1.75772E-02
   17040.0  1.83078E-02
   17060.0  1.91704E-02
   17080.0  2.00520E-02
   17100.0  1.96582E-02
   17120.0  2.04384E-02
   17140.0  2.14365E-02
   17160.0  2.23423E-02
   17180.0  2.21366E-02
   17200.0  2.30819E-02
   17220.0  2.42696E-02
   17240.0  2.52569E-02
   17260.0  2.50914E-02
   17280.0  2.60629E-02
   17300.0  2.71049E-02
   17320.0  2.83544E-02
   17340.0  2.99821E-02
   17360.0  3.15788E-02
   17380.0  3.14171E-02
   17400.0  3.26295E-02
   17420.0  3.39168E-02
   17440.0  3.55042E-02
   17460.0  3.68463E-02
   17480.0  3.83225E-02
   17500.0  3.97556E-02
   17520.0  4.14890E-02
   17540.0  4.31566E-02
   17560.0  4.49414E-02
   17580.0  4.68966E-02
   17600.0  4.90627E-02
   17620.0  5.14809E-02
   17640.0  5.47256E-02
   17660.0  5.68606E-02
   17680.0  5.76029E-02
   17700.0  6.00494E-02
   17720.0  6.21313E-02
   17740.0  6.39418E-02
   17760.0  6.72460E-02
   17780.0  7.31689E-02
   17800.0  7.76231E-02
   17820.0  8.01326E-02
   17840.0  8.45577E-02
   17860.0  8.97760E-02
   17880.0  9.18329E-02
   17900.0  9.36906E-02
   17920.0  1.01832E-01
   17940.0  1.07936E-01
   17960.0  1.07921E-01
   17980.0  1.14009E-01
   18000.0  1.26336E-01
   18020.0  1.27101E-01
   18040.0  1.29765E-01
   18060.0  1.40517E-01
   18080.0  1.48979E-01
   18100.0  1.60204E-01
   18120.0  1.69847E-01
   18140.0  1.67448E-01
   18160.0  1.56611E-01
   18180.0  1.78617E-01
   18200.0  2.28212E-01
   18220.0  2.08701E-01
   18240.0  1.80907E-01
   18260.0  1.99814E-01
   18280.0  2.54203E-01
   18300.0  2.96732E-01
   18320.0  2.70322E-01
   18340.0  2.18656E-01
   18360.0  2.08898E-01
   18380.0  2.73472E-01
   18400.0  3.90838E-01
   18420.0  3.29565E-01
   18440.0  2.11841E-01
   18460.0  2.65509E-01
   18480.0  4.09313E-01
   18500.0  3.96010E-01
   18520.0  3.87056E-01
   18540.0  3.05158E-01
   18560.0  2.75051E-01
   18580.0  3.70018E-01
   18600.0  5.31690E-01
   18620.0  5.16617E-01
   18640.0  3.89983E-01
   18660.0  3.46673E-01
   18680.0  3.57051E-01
   18700.0  4.04233E-01
   18720.0  4.48528E-01
   18740.0  4.68473E-01
   18760.0  4.85053E-01
   18780.0  4.59389E-01
   18800.0  4.42152E-01
   18820.0  5.30663E-01
   18840.0  5.53444E-01
   18860.0  4.14975E-01
   18880.0  3.94073E-01
   18900.0  5.06670E-01
   18920.0  6.20334E-01
   18940.0  5.01393E-01
   18960.0  4.58969E-01
   18980.0  5.10507E-01
   19000.0  4.71486E-01
   19020.0  4.55675E-01
   19040.0  5.41857E-01
   19060.0  5.52919E-01
   19080.0  4.80137E-01
   19100.0  4.97971E-01
   19120.0  5.79240E-01
   19140.0  5.46063E-01
   19160.0  4.75537E-01
   19180.0  4.83135E-01
   19200.0  5.35449E-01
   19220.0  5.22254E-01
   19240.0  4.76118E-01
   19260.0  5.07965E-01
   19280.0  5.32140E-01
   19300.0  5.34126E-01
   19320.0  5.24987E-01
   19340.0  5.16122E-01
   19360.0  5.05762E-01
   19380.0  5.35340E-01
   19400.0  4.90322E-01
   19420.0  4.82635E-01
   19440.0  5.27341E-01
   19460.0  5.29262E-01
   19480.0  5.01056E-01
   19500.0  4.70501E-01
   19520.0  5.15048E-01
   19540.0  5.19738E-01
   19560.0  4.96229E-01
   19580.0  4.67315E-01
   19600.0  5.00606E-01
   19620.0  5.01201E-01
   19640.0  4.66149E-01
   19660.0  4.89677E-01
   19680.0  4.87244E-01
   19700.0  4.91059E-01
   19720.0  4.81440E-01
   19740.0  4.71097E-01
   19760.0  4.45723E-01
   19780.0  4.71037E-01
   19800.0  4.71592E-01
   19820.0  4.66748E-01
   19840.0  4.66058E-01
   19860.0  4.65515E-01
   19880.0  4.60855E-01
   19900.0  4.54699E-01
   19920.0  4.46783E-01
   19940.0  4.51900E-01
   19960.0  4.51067E-01
   19980.0  4.51640E-01
   20000.0  4.56921E-01
