    1900.0 -9.22820E-05
    1910.0  2.50460E-05
    1920.0 -2.77800E-06
    1930.0 -5.71200E-06
    1940.0  1.07220E-05
    1950.0  1.36960E-05
    1960.0 -1.22800E-06
    1970.0  1.89200E-06
    1980.0 -5.40800E-06
    1990.0  2.66000E-07
    2000.0  1.50000E-07
    2010.0  2.78400E-06
    2020.0 -7.18000E-07
    2030.0  6.44000E-07
    2040.0  1.34600E-06
    2050.0  3.76600E-06
    2060.0  1.59000E-06
    2070.0  7.60000E-07
    2080.0 -9.34000E-07
    2090.0 -4.50000E-07
    2100.0 -1.49800E-06
    2110.0 -6.78000E-07
    2120.0  3.04000E-07
    2130.0  5.30000E-07
    2140.0  5.66000E-07
    2150.0  8.86000E-07
    2160.0  3.66000E-07
    2170.0  2.20000E-08
    2180.0 -3.48000E-07
    2190.0 -2.00000E-08
    2200.0  6.50000E-07
    2210.0  8.00000E-09
    2220.0  5.60000E-08
    2230.0  4.46000E-07
    2240.0  2.96000E-07
    2250.0  2.16000E-07
    2260.0  2.56000E-07
    2270.0  1.60000E-08
    2280.0  1.60000E-08
    2290.0  5.34000E-07
    2300.0  4.48000E-07
    2310.0  1.32000E-07
    2320.0 -1.60000E-08
    2330.0 -2.20000E-08
    2340.0 -3.40000E-08
    2350.0  3.60000E-08
    2360.0  1.20000E-08
    2370.0  5.20000E-08
    2380.0  2.24000E-07
    2390.0  4.80000E-08
    2400.0  1.30000E-07
    2410.0  2.10000E-07
    2420.0  1.52000E-07
    2430.0  2.36000E-07
    2440.0  3.80000E-07
    2450.0  9.00000E-08
    2460.0  2.00000E-08
    2470.0 -4.40000E-08
    2480.0  3.80000E-08
    2490.0 -6.40000E-08
    2500.0  4.40000E-08
    2510.0 -1.36000E-07
    2520.0  8.00000E-08
    2530.0 -1.34000E-07
    2540.0  1.64000E-07
    2550.0  1.52000E-07
    2560.0 -6.80000E-08
    2570.0  2.80000E-08
    2580.0  2.62000E-07
    2590.0  3.26000E-07
    2600.0  1.08000E-07
    2610.0 -2.50000E-08
    2620.0  6.20000E-08
    2630.0  1.62000E-07
    2640.0  2.15000E-07
    2650.0  1.06000E-07
    2660.0  9.80000E-08
    2670.0  3.00000E-07
    2680.0  3.14000E-07
    2690.0  3.48000E-07
    2700.0  3.78000E-07
    2710.0  2.82000E-07
    2720.0  2.86000E-07
    2730.0  4.68000E-07
    2740.0  5.56000E-07
    2750.0  5.16000E-07
    2760.0  4.18000E-07
    2770.0  5.76000E-07
    2780.0  5.58000E-07
    2790.0  4.00000E-07
    2800.0  4.90000E-07
    2810.0  6.90000E-07
    2820.0  4.92000E-07
    2830.0  4.46000E-07
    2840.0  5.54000E-07
    2850.0  5.48000E-07
    2860.0  6.46000E-07
    2870.0  6.78000E-07
    2880.0  6.22000E-07
    2890.0  5.00000E-07
    2900.0  5.28000E-07
    2910.0  4.80000E-07
    2920.0  5.72000E-07
    2930.0  6.38000E-07
    2940.0  5.42000E-07
    2950.0  5.58000E-07
    2960.0  5.52000E-07
    2970.0  4.92000E-07
    2980.0  4.08000E-07
    2990.0  3.36000E-07
    3000.0  2.72000E-07
    3010.0  3.24000E-07
    3020.0  3.22000E-07
    3030.0  1.96000E-07
    3040.0  2.06000E-07
    3050.0  3.10000E-07
    3060.0  2.04000E-07
    3070.0  1.62000E-07
    3080.0  1.01000E-07
    3090.0  1.17500E-07
    3100.0  2.42000E-07
    3110.0  1.70000E-07
    3120.0  4.80000E-08
    3130.0  8.80000E-08
    3140.0  5.80000E-08
    3150.0  1.70000E-07
    3160.0  1.80000E-07
    3170.0  1.16000E-07
    3180.0  3.00000E-08
    3190.0  2.30000E-07
    3200.0  1.52000E-07
    3210.0  1.28000E-07
    3220.0 -1.50000E-08
    3230.0 -2.58000E-07
    3240.0 -1.32000E-07
    3250.0 -5.60000E-08
    3260.0  6.90000E-08
    3270.0  1.80000E-08
    3280.0  3.20000E-08
    3290.0 -2.20000E-08
    3300.0  1.60000E-08
    3310.0  1.80000E-07
    3320.0  1.28000E-07
    3330.0 -1.10000E-07
    3340.0 -1.80000E-08
    3350.0  3.28000E-07
    3360.0  3.14000E-07
    3370.0  2.52000E-07
    3380.0  1.76000E-07
    3390.0  1.16000E-07
    3400.0  2.16000E-07
    3410.0  2.58000E-07
    3420.0 -2.00000E-09
    3430.0 -9.40000E-08
    3440.0  1.46000E-07
    3450.0  1.14000E-07
    3460.0 -4.00000E-09
    3470.0  1.60000E-08
    3480.0 -1.60000E-08
    3490.0 -2.20000E-08
    3500.0  9.20000E-08
    3510.0  1.40000E-07
    3520.0 -4.60000E-08
    3530.0  5.40000E-08
    3540.0  5.70000E-08
    3550.0 -8.00000E-09
    3560.0  1.20000E-08
    3570.0 -4.40000E-08
    3580.0 -7.20000E-08
    3590.0 -4.00000E-09
    3600.0  8.40000E-08
    3610.0  2.60000E-08
    3620.0 -3.40000E-08
    3630.0  4.00000E-09
    3640.0  1.10000E-07
    3650.0  7.80000E-08
    3660.0 -4.20000E-08
    3670.0 -3.80000E-08
    3680.0  1.32000E-07
    3690.0  1.94000E-07
    3700.0  6.70000E-08
    3710.0 -4.52000E-07
    3720.0 -2.78000E-07
    3730.0 -5.20000E-08
    3740.0 -1.28000E-07
    3750.0  7.60000E-08
    3760.0 -1.80000E-08
    3770.0  1.54000E-07
    3780.0  5.80000E-08
    3790.0  1.20000E-07
    3800.0 -5.80000E-08
    3810.0  8.00000E-08
    3820.0  1.80000E-08
    3830.0  1.10000E-08
    3840.0 -8.00000E-09
    3850.0  1.16000E-07
    3860.0  8.50000E-08
    3870.0 -1.40000E-08
    3880.0 -6.00000E-09
    3890.0  6.40000E-08
    3900.0  1.14000E-07
    3910.0  6.20000E-08
    3920.0  1.72000E-07
    3930.0  5.12000E-07
    3940.0  5.12000E-07
    3950.0  5.24000E-07
    3960.0  4.32000E-07
    3970.0  4.68000E-07
    3980.0  1.98000E-07
    3990.0  2.40000E-07
    4000.0  7.46200E-06
    4010.0  6.18000E-06
    4020.0  4.26200E-06
    4030.0  1.14980E-05
    4040.0  2.76600E-06
    4050.0  8.52000E-07
    4060.0  4.25800E-06
    4070.0  2.34200E-06
    4080.0 -3.61600E-06
    4090.0  3.40400E-06
    4100.0  7.65800E-06
    4110.0  6.59200E-06
    4120.0 -6.38000E-07
    4130.0  1.48600E-06
    4140.0  1.48600E-06
    4150.0  3.40000E-06
    4160.0  4.25000E-06
    4170.0  8.48000E-07
    4180.0  4.88400E-06
    4190.0  5.51800E-06
    4200.0  2.33600E-06
    4210.0 -6.36000E-07
    4220.0  3.60400E-06
    4230.0  3.18000E-06
    4240.0 -4.02800E-06
    4250.0 -3.18000E-06
    4260.0 -2.33200E-06
    4270.0 -1.90800E-06
    4280.0  3.60400E-06
    4290.0  4.45000E-06
    4300.0  1.24940E-05
    4310.0  1.10100E-05
    4320.0  5.92600E-06
    4330.0  6.34000E-07
    4340.0  5.07600E-06
    4350.0  6.13400E-06
    4360.0  8.24800E-06
    4370.0  1.05740E-05
    4380.0 -6.34000E-07
    4390.0 -2.74600E-06
    4400.0  1.69000E-06
    4410.0  6.12600E-06
    4420.0 -1.47800E-06
    4430.0 -4.43200E-06
    4440.0 -3.58800E-06
    4450.0 -1.69000E-06
    4460.0  6.75400E-06
    4470.0  4.64400E-06
    4480.0  7.59800E-06
    4490.0  2.29960E-05
    4500.0  1.68780E-05
    4510.0  2.53000E-06
    4520.0 -2.00000E-09
    4530.0  6.34000E-07
    4540.0  5.48200E-06
    4550.0  8.43200E-06
    4560.0  3.16400E-06
    4570.0  2.74200E-06
    4580.0  1.30720E-05
    4590.0  7.80200E-06
    4600.0  1.32780E-05
    4610.0  8.43200E-06
    4620.0  1.22220E-05
    4630.0  1.60120E-05
    4640.0  2.63320E-05
    4650.0  9.77380E-05
    4660.0  3.85636E-04
    4670.0  1.40488E-03
    4680.0  4.65214E-03
    4690.0  1.35811E-02
    4700.0  3.36944E-02
    4710.0  6.89753E-02
    4720.0  1.17616E-01
    4730.0  1.72380E-01
    4740.0  2.26873E-01
    4750.0  2.80080E-01
    4760.0  3.35000E-01
    4770.0  3.94761E-01
    4780.0  4.60811E-01
    4790.0  5.31638E-01
    4800.0  6.02189E-01
    4810.0  6.66416E-01
    4820.0  7.18820E-01
    4830.0  7.55994E-01
    4840.0  7.77571E-01
    4850.0  7.86487E-01
    4860.0  7.87282E-01
    4870.0  7.84655E-01
    4880.0  7.82231E-01
    4890.0  7.82162E-01
    4900.0  7.85620E-01
    4910.0  7.92802E-01
    4920.0  8.02716E-01
    4930.0  8.14671E-01
    4940.0  8.27047E-01
    4950.0  8.38593E-01
    4960.0  8.48306E-01
    4970.0  8.55363E-01
    4980.0  8.59708E-01
    4990.0  8.61104E-01
    5000.0  8.60548E-01
    5010.0  8.58850E-01
    5020.0  8.56669E-01
    5030.0  8.55358E-01
    5040.0  8.55323E-01
    5050.0  8.57350E-01
    5060.0  8.61441E-01
    5070.0  8.67890E-01
    5080.0  8.76372E-01
    5090.0  8.86357E-01
    5100.0  8.97400E-01
    5110.0  9.08557E-01
    5120.0  9.19078E-01
    5130.0  9.27949E-01
    5140.0  9.34334E-01
    5150.0  9.37730E-01
    5160.0  9.37576E-01
    5170.0  9.33557E-01
    5180.0  9.26438E-01
    5190.0  9.16899E-01
    5200.0  9.05157E-01
    5210.0  8.92397E-01
    5220.0  8.79417E-01
    5230.0  8.67236E-01
    5240.0  8.56066E-01
    5250.0  8.46896E-01
    5260.0  8.40525E-01
    5270.0  8.36960E-01
    5280.0  8.36161E-01
    5290.0  8.38159E-01
    5300.0  8.43079E-01
    5310.0  8.50530E-01
    5320.0  8.60216E-01
    5330.0  8.72244E-01
    5340.0  8.85361E-01
    5350.0  8.99099E-01
    5360.0  9.12755E-01
    5370.0  9.25639E-01
    5380.0  9.37164E-01
    5390.0  9.46739E-01
    5400.0  9.53942E-01
    5410.0  9.58412E-01
    5420.0  9.60474E-01
    5430.0  9.59711E-01
    5440.0  9.57207E-01
    5450.0  9.52803E-01
    5460.0  9.47702E-01
    5470.0  9.42263E-01
    5480.0  9.37093E-01
    5490.0  9.32278E-01
    5500.0  9.28621E-01
    5510.0  9.26496E-01
    5520.0  9.25869E-01
    5530.0  9.27044E-01
    5540.0  9.29482E-01
    5550.0  9.33592E-01
    5560.0  9.38561E-01
    5570.0  9.44499E-01
    5580.0  9.50568E-01
    5590.0  9.56730E-01
    5600.0  9.62010E-01
    5610.0  9.66266E-01
    5620.0  9.68939E-01
    5630.0  9.69748E-01
    5640.0  9.68471E-01
    5650.0  9.65165E-01
    5660.0  9.59845E-01
    5670.0  9.52644E-01
    5680.0  9.44188E-01
    5690.0  9.34661E-01
    5700.0  9.24374E-01
    5710.0  9.14191E-01
    5720.0  9.04410E-01
    5730.0  8.95304E-01
    5740.0  8.87327E-01
    5750.0  8.80677E-01
    5760.0  8.75711E-01
    5770.0  8.72411E-01
    5780.0  8.71056E-01
    5790.0  8.71406E-01
    5800.0  8.73700E-01
    5810.0  8.77821E-01
    5820.0  8.83254E-01
    5830.0  8.90007E-01
    5840.0  8.97815E-01
    5850.0  9.06466E-01
    5860.0  9.15478E-01
    5870.0  9.24505E-01
    5880.0  9.33305E-01
    5890.0  9.41337E-01
    5900.0  9.48527E-01
    5910.0  9.54510E-01
    5920.0  9.59047E-01
    5930.0  9.62181E-01
    5940.0  9.63884E-01
    5950.0  9.63886E-01
    5960.0  9.62635E-01
    5970.0  9.60304E-01
    5980.0  9.57226E-01
    5990.0  9.53573E-01
    6000.0  9.49510E-01
    6010.0  9.45474E-01
    6020.0  9.41580E-01
    6030.0  9.38228E-01
    6040.0  9.35594E-01
    6050.0  9.33709E-01
    6060.0  9.32597E-01
    6070.0  9.32425E-01
    6080.0  9.33212E-01
    6090.0  9.34835E-01
    6100.0  9.37368E-01
    6110.0  9.40511E-01
    6120.0  9.44232E-01
    6130.0  9.48409E-01
    6140.0  9.52741E-01
    6150.0  9.57088E-01
    6160.0  9.61071E-01
    6170.0  9.64739E-01
    6180.0  9.67759E-01
    6190.0  9.69935E-01
    6200.0  9.71310E-01
    6210.0  9.71687E-01
    6220.0  9.71099E-01
    6230.0  9.69486E-01
    6240.0  9.67050E-01
    6250.0  9.63788E-01
    6260.0  9.59781E-01
    6270.0  9.55219E-01
    6280.0  9.50279E-01
    6290.0  9.45340E-01
    6300.0  9.40409E-01
    6310.0  9.35635E-01
    6320.0  9.31188E-01
    6330.0  9.27328E-01
    6340.0  9.24148E-01
    6350.0  9.21618E-01
    6360.0  9.19873E-01
    6370.0  9.19065E-01
    6380.0  9.19090E-01
    6390.0  9.19830E-01
    6400.0  9.21435E-01
    6410.0  9.23717E-01
    6420.0  9.26581E-01
    6430.0  9.29951E-01
    6440.0  9.33692E-01
    6450.0  9.37563E-01
    6460.0  9.41474E-01
    6470.0  9.45262E-01
    6480.0  9.48681E-01
    6490.0  9.51660E-01
    6500.0  9.54001E-01
    6510.0  9.55694E-01
    6520.0  9.56625E-01
    6530.0  9.56688E-01
    6540.0  9.55873E-01
    6550.0  9.54355E-01
    6560.0  9.52102E-01
    6570.0  9.49288E-01
    6580.0  9.46073E-01
    6590.0  9.42508E-01
    6600.0  9.38843E-01
    6610.0  9.35223E-01
    6620.0  9.31767E-01
    6630.0  9.28719E-01
    6640.0  9.26331E-01
    6650.0  9.24495E-01
    6660.0  9.23475E-01
    6670.0  9.23262E-01
    6680.0  9.23852E-01
    6690.0  9.25352E-01
    6700.0  9.27541E-01
    6710.0  9.30621E-01
    6720.0  9.34089E-01
    6730.0  9.37698E-01
    6740.0  9.41175E-01
    6750.0  9.44247E-01
    6760.0  9.46539E-01
    6770.0  9.47520E-01
    6780.0  9.46579E-01
    6790.0  9.43315E-01
    6800.0  9.37341E-01
    6810.0  9.28159E-01
    6820.0  9.15633E-01
    6830.0  8.99969E-01
    6840.0  8.81049E-01
    6850.0  8.59029E-01
    6860.0  8.34363E-01
    6870.0  8.07569E-01
    6880.0  7.79333E-01
    6890.0  7.50456E-01
    6900.0  7.21262E-01
    6910.0  6.92585E-01
    6920.0  6.65096E-01
    6930.0  6.39209E-01
    6940.0  6.15211E-01
    6950.0  5.93571E-01
    6960.0  5.74493E-01
    6970.0  5.58315E-01
    6980.0  5.45163E-01
    6990.0  5.35425E-01
    7000.0  5.29134E-01
    7010.0  5.26596E-01
    7020.0  5.28192E-01
    7030.0  5.34270E-01
    7040.0  5.45329E-01
    7050.0  5.62148E-01
    7060.0  5.85246E-01
    7070.0  6.15481E-01
    7080.0  6.53188E-01
    7090.0  6.98250E-01
    7100.0  7.48957E-01
    7110.0  8.01307E-01
    7120.0  8.47178E-01
    7130.0  8.75365E-01
    7140.0  8.74388E-01
    7150.0  8.37322E-01
    7160.0  7.65119E-01
    7170.0  6.66518E-01
    7180.0  5.56101E-01
    7190.0  4.47111E-01
    7200.0  3.49642E-01
    7210.0  2.69007E-01
    7220.0  2.05811E-01
    7230.0  1.57634E-01
    7240.0  1.21583E-01
    7250.0  9.46167E-02
    7260.0  7.43398E-02
    7270.0  5.90009E-02
    7280.0  4.72920E-02
    7290.0  3.82253E-02
    7300.0  3.11850E-02
    7310.0  2.56360E-02
    7320.0  2.12593E-02
    7330.0  1.77483E-02
    7340.0  1.49110E-02
    7350.0  1.26188E-02
    7360.0  1.07407E-02
    7370.0  9.17842E-03
    7380.0  7.90549E-03
    7390.0  6.82346E-03
    7400.0  5.91298E-03
    7410.0  5.15159E-03
    7420.0  4.50787E-03
    7430.0  3.94833E-03
    7440.0  3.47872E-03
    7450.0  3.08273E-03
    7460.0  2.73331E-03
    7470.0  2.43473E-03
    7480.0  2.15558E-03
    7490.0  1.94229E-03
    7500.0  1.74597E-03
    7510.0  1.58788E-03
    7520.0  1.43190E-03
    7530.0  1.29527E-03
    7540.0  1.17432E-03
    7550.0  1.06943E-03
    7560.0  9.75544E-04
    7570.0  8.90234E-04
    7580.0  8.14668E-04
    7590.0  7.46440E-04
    7600.0  6.85206E-04
    7610.0  6.30800E-04
    7620.0  5.81832E-04
    7630.0  5.37894E-04
    7640.0  4.97572E-04
    7650.0  4.61534E-04
    7660.0  4.28268E-04
    7670.0  3.98242E-04
    7680.0  3.70852E-04
    7690.0  3.46558E-04
    7700.0  3.23772E-04
    7710.0  3.02932E-04
    7720.0  2.84246E-04
    7730.0  2.66386E-04
    7740.0  2.50496E-04
    7750.0  2.36070E-04
    7760.0  2.22460E-04
    7770.0  2.10114E-04
    7780.0  1.98514E-04
    7790.0  1.88140E-04
    7800.0  1.78422E-04
    7810.0  1.69126E-04
    7820.0  1.60008E-04
    7830.0  1.52698E-04
    7840.0  1.45672E-04
    7850.0  1.38930E-04
    7860.0  1.32492E-04
    7870.0  1.26950E-04
    7880.0  1.21242E-04
    7890.0  1.16332E-04
    7900.0  1.11476E-04
    7910.0  1.07116E-04
    7920.0  1.02848E-04
    7930.0  9.89540E-05
    7940.0  9.55240E-05
    7950.0  9.20120E-05
    7960.0  8.84640E-05
    7970.0  8.60440E-05
    7980.0  8.32040E-05
    7990.0  8.03400E-05
    8000.0  7.78960E-05
    8010.0  7.62180E-05
    8020.0  7.37780E-05
    8030.0  7.14180E-05
    8040.0  6.95700E-05
    8050.0  6.77460E-05
    8060.0  6.56660E-05
    8070.0  6.42980E-05
    8080.0  6.29200E-05
    8090.0  6.14680E-05
    8100.0  5.97580E-05
    8110.0  5.82980E-05
    8120.0  5.69360E-05
    8130.0  5.55260E-05
    8140.0  5.43380E-05
    8150.0  5.38420E-05
    8160.0  5.24780E-05
    8170.0  5.17540E-05
    8180.0  5.08780E-05
    8190.0  5.05140E-05
    8200.0  4.95880E-05
    8210.0  4.89980E-05
    8220.0  4.80960E-05
    8230.0  4.71340E-05
    8240.0  4.67920E-05
    8250.0  4.61140E-05
    8260.0  4.63900E-05
    8270.0  4.58120E-05
    8280.0  4.53980E-05
    8290.0  4.53460E-05
    8300.0  4.47740E-05
    8310.0  4.42440E-05
    8320.0  4.40440E-05
    8330.0  4.33020E-05
    8340.0  4.36400E-05
    8350.0  4.32840E-05
    8360.0  4.34880E-05
    8370.0  4.36140E-05
    8380.0  4.30780E-05
    8390.0  4.33320E-05
    8400.0  4.27120E-05
    8410.0  4.30880E-05
    8420.0  4.33340E-05
    8430.0  4.39280E-05
    8440.0  4.42520E-05
    8450.0  4.33840E-05
    8460.0  4.37000E-05
    8470.0  4.50140E-05
    8480.0  4.45340E-05
    8490.0  4.44940E-05
    8500.0  4.49720E-05
    8510.0  4.55140E-05
    8520.0  4.67760E-05
    8530.0  4.63940E-05
    8540.0  4.70040E-05
    8550.0  4.50840E-05
    8560.0  4.73780E-05
    8570.0  4.63500E-05
    8580.0  4.78160E-05
    8590.0  4.51900E-05
    8600.0  2.92940E-05
    8610.0  3.98360E-05
    8620.0  2.96680E-05
    8630.0  3.46020E-05
    8640.0  3.25860E-05
    8650.0  2.98020E-05
    8660.0  2.76540E-05
    8670.0  2.69580E-05
    8680.0  2.33680E-05
    8690.0  3.84620E-05
    8700.0  2.34060E-05
    8710.0  2.95380E-05
    8720.0  1.74820E-05
    8730.0  2.17160E-05
    8740.0  1.67440E-05
    8750.0  2.10920E-05
    8760.0  1.47100E-05
    8770.0  1.85440E-05
    8780.0  1.54260E-05
    8790.0  1.43400E-05
    8800.0  9.92200E-06
    8810.0  1.48200E-05
    8820.0  1.21220E-05
    8830.0  1.19840E-05
    8840.0  1.05660E-05
    8850.0  1.27920E-05
    8860.0  9.95200E-06
    8870.0  8.04200E-06
    8880.0  7.60000E-06
    8890.0  9.14800E-06
    8900.0  7.22800E-06
    8910.0  1.09640E-05
    8920.0  5.49200E-06
    8930.0  5.86600E-06
    8940.0  4.20200E-06
    8950.0  6.03000E-06
    8960.0  3.74000E-06
    8970.0  3.95200E-06
    8980.0  3.85000E-06
    8990.0  5.82800E-06
    9000.0  3.93400E-06
    9010.0  3.65600E-06
    9020.0  4.17000E-06
    9030.0  6.50200E-06
    9040.0  3.54200E-06
    9050.0  4.40600E-06
    9060.0  4.42000E-06
    9070.0  4.85800E-06
    9080.0  3.37600E-06
    9090.0  4.09600E-06
    9100.0  3.81200E-06
    9110.0  4.85000E-06
    9120.0  4.51600E-06
    9130.0  5.75000E-06
    9140.0  4.71600E-06
    9150.0  4.93800E-06
    9160.0  4.56200E-06
    9170.0  4.18600E-06
    9180.0  3.53400E-06
    9190.0  4.84800E-06
    9200.0  4.66600E-06
    9210.0  5.42800E-06
    9220.0  4.47200E-06
    9230.0  5.28800E-06
    9240.0  6.02400E-06
    9250.0  5.47400E-06
    9260.0  4.82400E-06
    9270.0  4.98400E-06
    9280.0  5.15200E-06
    9290.0  5.16800E-06
    9300.0  5.75600E-06
    9310.0  6.64400E-06
    9320.0  6.28000E-06
    9330.0  6.53600E-06
    9340.0  6.82000E-06
    9350.0  7.18600E-06
    9360.0  9.45200E-06
    9370.0  1.00200E-05
    9380.0  7.84800E-06
    9390.0  7.98600E-06
    9400.0  8.16800E-06
    9410.0  8.84800E-06
    9420.0  9.52400E-06
    9430.0  9.82000E-06
    9440.0  1.00420E-05
    9450.0  1.01880E-05
    9460.0  1.16820E-05
    9470.0  1.17920E-05
    9480.0  1.18540E-05
    9490.0  1.27620E-05
    9500.0  1.35840E-05
    9510.0  1.38940E-05
    9520.0  1.42540E-05
    9530.0  1.42160E-05
    9540.0  1.58920E-05
    9550.0  1.68000E-05
    9560.0  1.75700E-05
    9570.0  1.66320E-05
    9580.0  1.72260E-05
    9590.0  1.85420E-05
    9600.0  1.95140E-05
    9610.0  1.99460E-05
    9620.0  2.07240E-05
    9630.0  2.00340E-05
    9640.0  1.97040E-05
    9650.0  2.08900E-05
    9660.0  2.13480E-05
    9670.0  2.14880E-05
    9680.0  2.31060E-05
    9690.0  2.39700E-05
    9700.0  2.29460E-05
    9710.0  2.30320E-05
    9720.0  2.36700E-05
    9730.0  2.32140E-05
    9740.0  2.36720E-05
    9750.0  2.40960E-05
    9760.0  2.40820E-05
    9770.0  2.32180E-05
    9780.0  2.39140E-05
    9790.0  2.40160E-05
    9800.0  2.35600E-05
    9810.0  2.41780E-05
    9820.0  2.43740E-05
    9830.0  2.34780E-05
    9840.0  2.26580E-05
    9850.0  2.36820E-05
    9860.0  2.42200E-05
    9870.0  2.41120E-05
    9880.0  2.29640E-05
    9890.0  2.30760E-05
    9900.0  2.40100E-05
    9910.0  2.25380E-05
    9920.0  2.28340E-05
    9930.0  2.43040E-05
    9940.0  2.30140E-05
    9950.0  2.23960E-05
    9960.0  2.25520E-05
    9970.0  2.28600E-05
    9980.0  2.32440E-05
    9990.0  2.18540E-05
   10000.0  2.19100E-05
   10010.0  2.43080E-05
   10020.0  2.42020E-05
   10030.0  2.21480E-05
   10040.0  2.10380E-05
   10050.0  2.25380E-05
   10060.0  2.27680E-05
   10070.0  2.31200E-05
   10080.0  2.25280E-05
   10090.0  2.25580E-05
   10100.0  2.22100E-05
   10110.0  2.28720E-05
   10120.0  2.29520E-05
   10130.0  2.19020E-05
   10140.0  2.33780E-05
   10150.0  2.28980E-05
   10160.0  2.30160E-05
   10170.0  2.24400E-05
   10180.0  2.33340E-05
   10190.0  2.34280E-05
   10200.0  2.37120E-05
   10210.0  2.45100E-05
   10220.0  2.44720E-05
   10230.0  2.24800E-05
   10240.0  2.35940E-05
   10250.0  2.41880E-05
   10260.0  2.48640E-05
   10270.0  2.41460E-05
   10280.0  2.49240E-05
   10290.0  2.46100E-05
   10300.0  2.51740E-05
   10310.0  2.52020E-05
   10320.0  2.62180E-05
   10330.0  2.63360E-05
   10340.0  2.56260E-05
   10350.0  2.53160E-05
   10360.0  2.65720E-05
   10370.0  2.76760E-05
   10380.0  2.68800E-05
   10390.0  2.78360E-05
   10400.0  2.73380E-05
   10410.0  2.72540E-05
   10420.0  2.79680E-05
   10430.0  2.82440E-05
   10440.0  2.93740E-05
   10450.0  2.97360E-05
   10460.0  3.05500E-05
   10470.0  2.96940E-05
   10480.0  2.91120E-05
   10490.0  3.10220E-05
   10500.0  3.21020E-05
   10510.0  3.24200E-05
   10520.0  3.28280E-05
   10530.0  3.27880E-05
   10540.0  3.27640E-05
   10550.0  3.31520E-05
   10560.0  3.44880E-05
   10570.0  3.48380E-05
   10580.0  3.58260E-05
   10590.0  3.65480E-05
   10600.0  3.75260E-05
   10610.0  3.73320E-05
   10620.0  3.80640E-05
   10630.0  3.78040E-05
   10640.0  3.82220E-05
   10650.0  4.04660E-05
   10660.0  4.12420E-05
   10670.0  4.22600E-05
   10680.0  4.21620E-05
   10690.0  4.32960E-05
   10700.0  4.46640E-05
   10710.0  4.51480E-05
   10720.0  4.49580E-05
   10730.0  4.55420E-05
   10740.0  4.83520E-05
   10750.0  4.91480E-05
   10760.0  5.06260E-05
   10770.0  5.11660E-05
   10780.0  5.25240E-05
   10790.0  5.27760E-05
   10800.0  5.36100E-05
   10810.0  5.41620E-05
   10820.0  5.74640E-05
   10830.0  5.84780E-05
   10840.0  6.04700E-05
   10850.0  6.13700E-05
   10860.0  6.26760E-05
   10870.0  6.33780E-05
   10880.0  6.46360E-05
   10890.0  6.58880E-05
   10900.0  6.90800E-05
   10910.0  7.07780E-05
   10920.0  7.40500E-05
   10930.0  7.48500E-05
   10940.0  7.67940E-05
   10950.0  7.88940E-05
   10960.0  8.10940E-05
   10970.0  8.21460E-05
   10980.0  8.33720E-05
   10990.0  8.60500E-05
   11000.0  9.10260E-05
   11010.0  9.25500E-05
   11020.0  9.54340E-05
   11030.0  9.85500E-05
   11040.0  1.01232E-04
   11050.0  1.04472E-04
   11060.0  1.08194E-04
   11070.0  1.11304E-04
   11080.0  1.14552E-04
   11090.0  1.17920E-04
   11100.0  1.21618E-04
   11110.0  1.25074E-04
   11120.0  1.28602E-04
   11130.0  1.32356E-04
   11140.0  1.36638E-04
   11150.0  1.41198E-04
   11160.0  1.46334E-04
   11170.0  1.50252E-04
   11180.0  1.54884E-04
   11190.0  1.60060E-04
   11200.0  1.66202E-04
   11210.0  1.74184E-04
   11220.0  1.81434E-04
   11230.0  1.86728E-04
   11240.0  1.92474E-04
   11250.0  1.97486E-04
   11260.0  1.97756E-04
   11270.0  2.03038E-04
   11280.0  2.24370E-04
   11290.0  2.48066E-04
   11300.0  2.55868E-04
   11310.0  2.46268E-04
   11320.0  2.43070E-04
   11330.0  2.55460E-04
   11340.0  2.75844E-04
   11350.0  2.97490E-04
   11360.0  3.08328E-04
   11370.0  3.16160E-04
   11380.0  3.27152E-04
   11390.0  3.40886E-04
   11400.0  3.55966E-04
   11410.0  3.68492E-04
   11420.0  3.80594E-04
   11430.0  3.99964E-04
   11440.0  4.20660E-04
   11450.0  4.41410E-04
   11460.0  4.60496E-04
   11470.0  4.79720E-04
   11480.0  4.96884E-04
   11490.0  5.15330E-04
   11500.0  5.29244E-04
   11510.0  5.66876E-04
   11520.0  6.02506E-04
   11530.0  6.30306E-04
   11540.0  6.57870E-04
   11550.0  6.89984E-04
   11560.0  7.20892E-04
   11570.0  7.55926E-04
   11580.0  7.92576E-04
   11590.0  8.31186E-04
   11600.0  8.64306E-04
   11610.0  9.10686E-04
   11620.0  9.48890E-04
   11630.0  9.78504E-04
   11640.0  1.05377E-03
   11650.0  1.14323E-03
   11660.0  1.22634E-03
   11670.0  1.25555E-03
   11680.0  1.29738E-03
   11690.0  1.35833E-03
   11700.0  1.40077E-03
   11710.0  1.52291E-03
   11720.0  1.62582E-03
   11730.0  1.72401E-03
   11740.0  1.82056E-03
   11750.0  1.93042E-03
   11760.0  2.03702E-03
   11770.0  2.16113E-03
   11780.0  2.29092E-03
   11790.0  2.43723E-03
   11800.0  2.57322E-03
   11810.0  2.74988E-03
   11820.0  2.91266E-03
   11830.0  3.10792E-03
   11840.0  3.31488E-03
   11850.0  3.53858E-03
   11860.0  3.77579E-03
   11870.0  4.10649E-03
   11880.0  4.46518E-03
   11890.0  5.05500E-03
   11900.0  4.93661E-03
   11910.0  5.13027E-03
   11920.0  5.65813E-03
   11930.0  6.13716E-03
   11940.0  6.57117E-03
   11950.0  7.04637E-03
   11960.0  7.47198E-03
   11970.0  8.04149E-03
   11980.0  8.42958E-03
   11990.0  9.48123E-03
   12000.0  1.01621E-02
   12010.0  1.09490E-02
   12020.0  1.17844E-02
   12030.0  1.25859E-02
   12040.0  1.30919E-02
   12050.0  1.45776E-02
   12060.0  1.54454E-02
   12070.0  1.65023E-02
   12080.0  1.74713E-02
   12090.0  1.86492E-02
   12100.0  1.97269E-02
   12110.0  2.10134E-02
   12120.0  2.24310E-02
   12130.0  2.40773E-02
   12140.0  2.56387E-02
   12150.0  2.75179E-02
   12160.0  2.95219E-02
   12170.0  3.21186E-02
   12180.0  3.49913E-02
   12190.0  3.90153E-02
   12200.0  4.03718E-02
   12210.0  4.45148E-02
   12220.0  4.77451E-02
   12230.0  5.24182E-02
   12240.0  5.71491E-02
   12250.0  6.34692E-02
   12260.0  6.98562E-02
   12270.0  7.82358E-02
   12280.0  8.80265E-02
   12290.0  9.35844E-02
   12300.0  1.03270E-01
   12310.0  1.15593E-01
   12320.0  1.26137E-01
   12330.0  1.39061E-01
   12340.0  1.53488E-01
   12350.0  1.71611E-01
   12360.0  1.90158E-01
   12370.0  2.09679E-01
   12380.0  2.30032E-01
   12390.0  2.51682E-01
   12400.0  2.70811E-01
   12410.0  2.88647E-01
   12420.0  3.26300E-01
   12430.0  3.53608E-01
   12440.0  3.77147E-01
   12450.0  3.99560E-01
   12460.0  4.18678E-01
   12470.0  4.36253E-01
   12480.0  4.50093E-01
   12490.0  4.66592E-01
   12500.0  4.73691E-01
   12510.0  4.73160E-01
   12520.0  4.66025E-01
   12530.0  4.87429E-01
   12540.0  4.83634E-01
   12550.0  4.77139E-01
   12560.0  4.66626E-01
   12570.0  4.60187E-01
   12580.0  4.52844E-01
   12590.0  4.47443E-01
   12600.0  4.36841E-01
   12610.0  4.30302E-01
   12620.0  4.07788E-01
   12630.0  4.01158E-01
   12640.0  3.87205E-01
   12650.0  3.79805E-01
   12660.0  3.69156E-01
   12670.0  3.62553E-01
   12680.0  3.59999E-01
   12690.0  3.60860E-01
   12700.0  3.58401E-01
   12710.0  3.40470E-01
   12720.0  3.34599E-01
   12730.0  3.31762E-01
   12740.0  3.29137E-01
   12750.0  3.27526E-01
   12760.0  3.29779E-01
   12770.0  3.31581E-01
   12780.0  3.22675E-01
   12790.0  3.20933E-01
   12800.0  3.20120E-01
   12810.0  3.20771E-01
   12820.0  3.20961E-01
   12830.0  3.21221E-01
   12840.0  3.21198E-01
   12850.0  3.23619E-01
   12860.0  3.26263E-01
   12870.0  3.29460E-01
   12880.0  3.30048E-01
   12890.0  3.31598E-01
   12900.0  3.34040E-01
   12910.0  3.35111E-01
   12920.0  3.34678E-01
   12930.0  3.39819E-01
   12940.0  3.51779E-01
   12950.0  3.56739E-01
   12960.0  3.60936E-01
   12970.0  3.64809E-01
   12980.0  3.70540E-01
   12990.0  3.77632E-01
   13000.0  3.81070E-01
   13010.0  3.89209E-01
   13020.0  3.94759E-01
   13030.0  3.98216E-01
   13040.0  4.05305E-01
   13050.0  4.15030E-01
   13060.0  4.20933E-01
   13070.0  4.26084E-01
   13080.0  4.32017E-01
   13090.0  4.39336E-01
   13100.0  4.47975E-01
   13110.0  4.53641E-01
   13120.0  4.62162E-01
   13130.0  4.68724E-01
   13140.0  4.73298E-01
   13150.0  4.84499E-01
   13160.0  4.97120E-01
   13170.0  5.14665E-01
   13180.0  5.15291E-01
   13190.0  5.09722E-01
   13200.0  5.17092E-01
   13210.0  5.27494E-01
   13220.0  5.39217E-01
   13230.0  5.49335E-01
   13240.0  5.49394E-01
   13250.0  5.46222E-01
   13260.0  5.51037E-01
   13270.0  5.56687E-01
   13280.0  5.64167E-01
   13290.0  5.73533E-01
   13300.0  5.89036E-01
   13310.0  5.88858E-01
   13320.0  5.79297E-01
   13330.0  5.77359E-01
   13340.0  5.80411E-01
   13350.0  5.82878E-01
   13360.0  5.83952E-01
   13370.0  5.85593E-01
   13380.0  5.85184E-01
   13390.0  5.87385E-01
   13400.0  5.93310E-01
   13410.0  6.03292E-01
   13420.0  5.90768E-01
   13430.0  5.80599E-01
   13440.0  5.87376E-01
   13450.0  5.69048E-01
   13460.0  5.67196E-01
   13470.0  5.76094E-01
   13480.0  5.70955E-01
   13490.0  5.75929E-01
   13500.0  5.92135E-01
   13510.0  5.62174E-01
   13520.0  5.24647E-01
   13530.0  5.15274E-01
   13540.0  5.45881E-01
   13550.0  5.65257E-01
   13560.0  5.72214E-01
   13570.0  5.61786E-01
   13580.0  5.26127E-01
   13590.0  4.81985E-01
   13600.0  4.94620E-01
   13610.0  5.20475E-01
   13620.0  5.08412E-01
   13630.0  5.15547E-01
   13640.0  5.29554E-01
   13650.0  5.21103E-01
   13660.0  4.97028E-01
   13670.0  4.98742E-01
   13680.0  4.77635E-01
   13690.0  4.57395E-01
   13700.0  4.79721E-01
   13710.0  5.03688E-01
   13720.0  4.82471E-01
   13730.0  4.49096E-01
   13740.0  4.69057E-01
   13750.0  4.95607E-01
   13760.0  5.21168E-01
   13770.0  4.98098E-01
   13780.0  4.57164E-01
   13790.0  4.01734E-01
   13800.0  3.85404E-01
   13810.0  4.32431E-01
   13820.0  4.81112E-01
   13830.0  5.02102E-01
   13840.0  4.48722E-01
   13850.0  4.05951E-01
   13860.0  3.95018E-01
   13870.0  4.48707E-01
   13880.0  4.96891E-01
   13890.0  4.49779E-01
   13900.0  4.44533E-01
   13910.0  4.68870E-01
   13920.0  4.00382E-01
   13930.0  3.38991E-01
   13940.0  3.94556E-01
   13950.0  5.28859E-01
   13960.0  5.19178E-01
   13970.0  4.03350E-01
   13980.0  3.22636E-01
   13990.0  3.95373E-01
   14000.0  5.00140E-01
   14010.0  4.72164E-01
   14020.0  3.97358E-01
   14030.0  4.06956E-01
   14040.0  4.50599E-01
   14050.0  4.23853E-01
   14060.0  3.88279E-01
   14070.0  3.81084E-01
   14080.0  4.39417E-01
   14090.0  4.95536E-01
   14100.0  4.63714E-01
   14110.0  3.86482E-01
   14120.0  3.73763E-01
   14130.0  4.27568E-01
   14140.0  4.74161E-01
   14150.0  4.63481E-01
   14160.0  4.01132E-01
   14170.0  4.01166E-01
   14180.0  4.40507E-01
   14190.0  4.67260E-01
   14200.0  4.56950E-01
   14210.0  4.16525E-01
   14220.0  4.16410E-01
   14230.0  4.56718E-01
   14240.0  4.53718E-01
   14250.0  4.44106E-01
   14260.0  4.42993E-01
   14270.0  4.56009E-01
   14280.0  4.62608E-01
   14290.0  4.31481E-01
   14300.0  4.29690E-01
   14310.0  4.61719E-01
   14320.0  4.67081E-01
   14330.0  4.69082E-01
   14340.0  4.73812E-01
   14350.0  4.54360E-01
   14360.0  4.55414E-01
   14370.0  4.58779E-01
   14380.0  4.48922E-01
   14390.0  4.73462E-01
   14400.0  4.87884E-01
   14410.0  5.09747E-01
   14420.0  4.88364E-01
   14430.0  4.58448E-01
   14440.0  4.61242E-01
   14450.0  5.08207E-01
   14460.0  5.09929E-01
   14470.0  4.96038E-01
   14480.0  4.67764E-01
   14490.0  4.75547E-01
   14500.0  5.14292E-01
   14510.0  5.20909E-01
   14520.0  5.21091E-01
   14530.0  5.01573E-01
   14540.0  5.09772E-01
   14550.0  5.09378E-01
   14560.0  5.08447E-01
   14570.0  5.11026E-01
   14580.0  5.13264E-01
   14590.0  5.16345E-01
   14600.0  5.24474E-01
   14610.0  5.36059E-01
   14620.0  5.37596E-01
   14630.0  5.22997E-01
   14640.0  5.26529E-01
   14650.0  5.31447E-01
   14660.0  5.34123E-01
   14670.0  5.26726E-01
   14680.0  5.32875E-01
   14690.0  5.44352E-01
   14700.0  5.48285E-01
   14710.0  5.52175E-01
   14720.0  5.54038E-01
   14730.0  5.50578E-01
   14740.0  5.43700E-01
   14750.0  5.46293E-01
   14760.0  5.52875E-01
   14770.0  5.57725E-01
   14780.0  5.58349E-01
   14790.0  5.57662E-01
   14800.0  5.61394E-01
   14810.0  5.60732E-01
   14820.0  5.58615E-01
   14830.0  5.59287E-01
   14840.0  5.60248E-01
   14850.0  5.60968E-01
   14860.0  5.58406E-01
   14870.0  5.51080E-01
   14880.0  5.51795E-01
   14890.0  5.70400E-01
   14900.0  5.73692E-01
   14910.0  5.84106E-01
   14920.0  5.82093E-01
   14930.0  5.68226E-01
   14940.0  5.66520E-01
   14950.0  5.66974E-01
   14960.0  5.66389E-01
   14970.0  5.66168E-01
   14980.0  5.67767E-01
   14990.0  5.67716E-01
   15000.0  5.66125E-01
   15010.0  5.67358E-01
   15020.0  5.71406E-01
   15030.0  5.69384E-01
   15040.0  5.65849E-01
   15050.0  5.67896E-01
   15060.0  5.65776E-01
   15070.0  5.63239E-01
   15080.0  5.64085E-01
   15090.0  5.69115E-01
   15100.0  5.77674E-01
   15110.0  5.72833E-01
   15120.0  5.63143E-01
   15130.0  5.64355E-01
   15140.0  5.65553E-01
   15150.0  5.63857E-01
   15160.0  5.59832E-01
   15170.0  5.59026E-01
   15180.0  5.57151E-01
   15190.0  5.57606E-01
   15200.0  5.64619E-01
   15210.0  5.74879E-01
   15220.0  5.67214E-01
   15230.0  5.53236E-01
   15240.0  5.51300E-01
   15250.0  5.52677E-01
   15260.0  5.53713E-01
   15270.0  5.53394E-01
   15280.0  5.51991E-01
   15290.0  5.48985E-01
   15300.0  5.49603E-01
   15310.0  5.48762E-01
   15320.0  5.46192E-01
   15330.0  5.44640E-01
   15340.0  5.45037E-01
   15350.0  5.48158E-01
   15360.0  5.50984E-01
   15370.0  5.59565E-01
   15380.0  5.49789E-01
   15390.0  5.40577E-01
   15400.0  5.39117E-01
   15410.0  5.39248E-01
   15420.0  5.39325E-01
   15430.0  5.37283E-01
   15440.0  5.34395E-01
   15450.0  5.27990E-01
   15460.0  5.29672E-01
   15470.0  5.33355E-01
   15480.0  5.34997E-01
   15490.0  5.33047E-01
   15500.0  5.31871E-01
   15510.0  5.35108E-01
   15520.0  5.32349E-01
   15530.0  5.25811E-01
   15540.0  5.22335E-01
   15550.0  5.19837E-01
   15560.0  5.21372E-01
   15570.0  5.21441E-01
   15580.0  5.23622E-01
   15590.0  5.24505E-01
   15600.0  5.25188E-01
   15610.0  5.27475E-01
   15620.0  5.35614E-01
   15630.0  5.15734E-01
   15640.0  5.13854E-01
   15650.0  5.16433E-01
   15660.0  5.16873E-01
   15670.0  5.17986E-01
   15680.0  5.11846E-01
   15690.0  5.03882E-01
   15700.0  5.03556E-01
   15710.0  5.07079E-01
   15720.0  5.12091E-01
   15730.0  5.15969E-01
   15740.0  5.25139E-01
   15750.0  5.03325E-01
   15760.0  5.01404E-01
   15770.0  5.04914E-01
   15780.0  5.00392E-01
   15790.0  5.01404E-01
   15800.0  5.03982E-01
   15810.0  5.04946E-01
   15820.0  5.16292E-01
   15830.0  4.98837E-01
   15840.0  4.95602E-01
   15850.0  5.02617E-01
   15860.0  4.99340E-01
   15870.0  4.96801E-01
   15880.0  4.96530E-01
   15890.0  5.01565E-01
   15900.0  5.11838E-01
   15910.0  4.92953E-01
   15920.0  4.97064E-01
   15930.0  5.00139E-01
   15940.0  4.96909E-01
   15950.0  4.92766E-01
   15960.0  4.85476E-01
   15970.0  4.84044E-01
   15980.0  5.01979E-01
   15990.0  5.15436E-01
   16000.0  4.94710E-01
   16010.0  4.92556E-01
   16020.0  4.90785E-01
   16030.0  4.90502E-01
   16040.0  4.79452E-01
   16050.0  4.87115E-01
   16060.0  4.91375E-01
   16070.0  4.94825E-01
   16080.0  4.98609E-01
   16090.0  5.08128E-01
   16100.0  4.88788E-01
   16110.0  4.88227E-01
   16120.0  4.89522E-01
   16130.0  4.88223E-01
   16140.0  4.87225E-01
   16150.0  4.87466E-01
   16160.0  4.84301E-01
   16170.0  4.85389E-01
   16180.0  4.83698E-01
   16190.0  4.83689E-01
   16200.0  4.89095E-01
   16210.0  4.89867E-01
   16220.0  4.90483E-01
   16230.0  4.88008E-01
   16240.0  4.85676E-01
   16250.0  4.86309E-01
   16260.0  4.85930E-01
   16270.0  4.89396E-01
   16280.0  4.89326E-01
   16290.0  4.90531E-01
   16300.0  4.90834E-01
   16310.0  4.91640E-01
   16320.0  4.90469E-01
   16330.0  4.98000E-01
   16340.0  5.09091E-01
   16350.0  4.90786E-01
   16360.0  4.93508E-01
   16370.0  4.89580E-01
   16380.0  4.87856E-01
   16390.0  4.88544E-01
   16400.0  4.90731E-01
   16410.0  4.91934E-01
   16420.0  4.91083E-01
   16430.0  4.92108E-01
   16440.0  4.93402E-01
   16450.0  4.94107E-01
   16460.0  4.93370E-01
   16470.0  4.92914E-01
   16480.0  4.90128E-01
   16490.0  4.89757E-01
   16500.0  4.86868E-01
   16510.0  4.91947E-01
   16520.0  4.98054E-01
   16530.0  5.06483E-01
   16540.0  5.09153E-01
   16550.0  4.93716E-01
   16560.0  4.95213E-01
   16570.0  4.96790E-01
   16580.0  4.95594E-01
   16590.0  4.92801E-01
   16600.0  4.91981E-01
   16610.0  4.94365E-01
   16620.0  4.93677E-01
   16630.0  4.99837E-01
   16640.0  5.04143E-01
   16650.0  5.08929E-01
   16660.0  5.11155E-01
   16670.0  5.03781E-01
   16680.0  5.17619E-01
   16690.0  5.24281E-01
   16700.0  5.02514E-01
   16710.0  4.98490E-01
   16720.0  4.99865E-01
   16730.0  5.05123E-01
   16740.0  5.06806E-01
   16750.0  5.04786E-01
   16760.0  5.03819E-01
   16770.0  5.01310E-01
   16780.0  5.09439E-01
   16790.0  5.14101E-01
   16800.0  5.06881E-01
   16810.0  5.05008E-01
   16820.0  5.09219E-01
   16830.0  5.14705E-01
   16840.0  5.27743E-01
   16850.0  5.20857E-01
   16860.0  5.06407E-01
   16870.0  5.09483E-01
   16880.0  5.10546E-01
   16890.0  5.12223E-01
   16900.0  5.13845E-01
   16910.0  5.17244E-01
   16920.0  5.19397E-01
   16930.0  5.12933E-01
   16940.0  5.08000E-01
   16950.0  5.10418E-01
   16960.0  5.18793E-01
   16970.0  5.22659E-01
   16980.0  5.23397E-01
   16990.0  5.26515E-01
   17000.0  5.22737E-01
   17010.0  5.18532E-01
   17020.0  5.25232E-01
   17030.0  5.25924E-01
   17040.0  5.17636E-01
   17050.0  5.15164E-01
   17060.0  5.21515E-01
   17070.0  5.27755E-01
   17080.0  5.37267E-01
   17090.0  5.31825E-01
   17100.0  5.25234E-01
   17110.0  5.33679E-01
   17120.0  5.29469E-01
   17130.0  5.21518E-01
   17140.0  5.23895E-01
   17150.0  5.34881E-01
   17160.0  5.54462E-01
   17170.0  5.46350E-01
   17180.0  5.25677E-01
   17190.0  5.28758E-01
   17200.0  5.28264E-01
   17210.0  5.31227E-01
   17220.0  5.39889E-01
   17230.0  5.38932E-01
   17240.0  5.38674E-01
   17250.0  5.43506E-01
   17260.0  5.58516E-01
   17270.0  5.56175E-01
   17280.0  5.45169E-01
   17290.0  5.39204E-01
   17300.0  5.39807E-01
   17310.0  5.43034E-01
   17320.0  5.44146E-01
   17330.0  5.45206E-01
   17340.0  5.44825E-01
   17350.0  5.45878E-01
   17360.0  5.57418E-01
   17370.0  5.69403E-01
   17380.0  5.55098E-01
   17390.0  5.44737E-01
   17400.0  5.47877E-01
   17410.0  5.60996E-01
   17420.0  5.70094E-01
   17430.0  5.57231E-01
   17440.0  5.46356E-01
   17450.0  5.54103E-01
   17460.0  5.62233E-01
   17470.0  5.59493E-01
   17480.0  5.58353E-01
   17490.0  5.58639E-01
   17500.0  5.60442E-01
   17510.0  5.61771E-01
   17520.0  5.61163E-01
   17530.0  5.62961E-01
   17540.0  5.62671E-01
   17550.0  5.65963E-01
   17560.0  5.67767E-01
   17570.0  5.70723E-01
   17580.0  5.63455E-01
   17590.0  5.56798E-01
   17600.0  5.68521E-01
   17610.0  5.79762E-01
   17620.0  5.69156E-01
   17630.0  5.66988E-01
   17640.0  5.76278E-01
   17650.0  5.73363E-01
   17660.0  5.68866E-01
   17670.0  5.79678E-01
   17680.0  5.80171E-01
   17690.0  6.01527E-01
   17700.0  5.94365E-01
   17710.0  5.74580E-01
   17720.0  5.67467E-01
   17730.0  5.74129E-01
   17740.0  5.86066E-01
   17750.0  5.82524E-01
   17760.0  5.74590E-01
   17770.0  5.59273E-01
   17780.0  5.66170E-01
   17790.0  5.92102E-01
   17800.0  5.90805E-01
   17810.0  5.85668E-01
   17820.0  5.84553E-01
   17830.0  5.86219E-01
   17840.0  5.93159E-01
   17850.0  6.02088E-01
   17860.0  5.89314E-01
   17870.0  5.78766E-01
   17880.0  5.90724E-01
   17890.0  6.01020E-01
   17900.0  5.85692E-01
   17910.0  5.79391E-01
   17920.0  5.82347E-01
   17930.0  5.88006E-01
   17940.0  5.93081E-01
   17950.0  6.08644E-01
   17960.0  6.04480E-01
   17970.0  5.71651E-01
   17980.0  5.74466E-01
   17990.0  5.83012E-01
   18000.0  5.95294E-01
   18010.0  6.08070E-01
   18020.0  6.04879E-01
   18030.0  5.81850E-01
   18040.0  5.70845E-01
   18050.0  5.92789E-01
   18060.0  5.95141E-01
   18070.0  6.24082E-01
   18080.0  6.02005E-01
   18090.0  5.46808E-01
   18100.0  5.79024E-01
   18110.0  5.79677E-01
   18120.0  5.87098E-01
   18130.0  5.83686E-01
   18140.0  6.01685E-01
   18150.0  6.63811E-01
   18160.0  6.42806E-01
   18170.0  5.90677E-01
   18180.0  5.24740E-01
   18190.0  5.19338E-01
   18200.0  5.73589E-01
   18210.0  6.36194E-01
   18220.0  6.47453E-01
   18230.0  6.09191E-01
   18240.0  5.85003E-01
   18250.0  5.76633E-01
   18260.0  5.68305E-01
   18270.0  5.81226E-01
   18280.0  5.88415E-01
   18290.0  5.83517E-01
   18300.0  6.07445E-01
   18310.0  5.99023E-01
   18320.0  6.10349E-01
   18330.0  5.98382E-01
   18340.0  5.85723E-01
   18350.0  5.38922E-01
   18360.0  5.87222E-01
   18370.0  6.75999E-01
   18380.0  6.40246E-01
   18390.0  5.44309E-01
   18400.0  4.73644E-01
   18410.0  5.63241E-01
   18420.0  6.53510E-01
   18430.0  6.49079E-01
   18440.0  6.58138E-01
   18450.0  5.89435E-01
   18460.0  5.11475E-01
   18470.0  5.05705E-01
   18480.0  5.88137E-01
   18490.0  6.55028E-01
   18500.0  6.42989E-01
   18510.0  5.86916E-01
   18520.0  5.27834E-01
   18530.0  5.49267E-01
   18540.0  6.04533E-01
   18550.0  6.22244E-01
   18560.0  6.23645E-01
   18570.0  5.57636E-01
   18580.0  5.67443E-01
   18590.0  5.91900E-01
   18600.0  5.56539E-01
   18610.0  5.78634E-01
   18620.0  5.82050E-01
   18630.0  5.73115E-01
   18640.0  6.34470E-01
   18650.0  6.38121E-01
   18660.0  5.93051E-01
   18670.0  5.83022E-01
   18680.0  5.48352E-01
   18690.0  5.43529E-01
   18700.0  5.60778E-01
   18710.0  5.69113E-01
   18720.0  5.81408E-01
   18730.0  6.12854E-01
   18740.0  6.06583E-01
   18750.0  5.94890E-01
   18760.0  5.48308E-01
   18770.0  5.47717E-01
   18780.0  5.88188E-01
   18790.0  6.14913E-01
   18800.0  6.13834E-01
   18810.0  5.82146E-01
   18820.0  5.53559E-01
   18830.0  5.52160E-01
   18840.0  5.65904E-01
   18850.0  5.88752E-01
   18860.0  6.03605E-01
   18870.0  6.11298E-01
   18880.0  5.83500E-01
   18890.0  5.66059E-01
   18900.0  5.60933E-01
   18910.0  5.36821E-01
   18920.0  5.38948E-01
   18930.0  6.04798E-01
   18940.0  6.49556E-01
   18950.0  6.12186E-01
   18960.0  5.49487E-01
   18970.0  5.10660E-01
   18980.0  5.38963E-01
   18990.0  6.16685E-01
   19000.0  6.31395E-01
   19010.0  6.01362E-01
   19020.0  5.57308E-01
   19030.0  5.15738E-01
   19040.0  5.18284E-01
   19050.0  5.50456E-01
   19060.0  5.99306E-01
   19070.0  6.48991E-01
   19080.0  6.26511E-01
   19090.0  5.81963E-01
   19100.0  5.36972E-01
   19110.0  5.04082E-01
   19120.0  5.26813E-01
   19130.0  5.80991E-01
   19140.0  6.13466E-01
   19150.0  6.09036E-01
   19160.0  5.90096E-01
   19170.0  5.61781E-01
   19180.0  5.37064E-01
   19190.0  5.37141E-01
   19200.0  5.56891E-01
   19210.0  5.84965E-01
   19220.0  5.95858E-01
   19230.0  5.92615E-01
   19240.0  5.64080E-01
   19250.0  5.55095E-01
   19260.0  5.54627E-01
   19270.0  5.55179E-01
   19280.0  5.63144E-01
   19290.0  5.78438E-01
   19300.0  5.69700E-01
   19310.0  5.75062E-01
   19320.0  5.74745E-01
   19330.0  5.71532E-01
   19340.0  5.66748E-01
   19350.0  5.68552E-01
   19360.0  5.64591E-01
   19370.0  5.49748E-01
   19380.0  5.74249E-01
   19390.0  5.77010E-01
   19400.0  5.57563E-01
   19410.0  5.74512E-01
   19420.0  5.77653E-01
   19430.0  5.69668E-01
   19440.0  5.64641E-01
   19450.0  5.45602E-01
   19460.0  5.75553E-01
   19470.0  5.83632E-01
   19480.0  5.75572E-01
   19490.0  5.72674E-01
   19500.0  5.69038E-01
   19510.0  5.67441E-01
   19520.0  5.62733E-01
   19530.0  5.35904E-01
   19540.0  5.68895E-01
   19550.0  5.83833E-01
   19560.0  5.78914E-01
   19570.0  5.72920E-01
   19580.0  5.67929E-01
   19590.0  5.60470E-01
   19600.0  5.42174E-01
   19610.0  5.70250E-01
   19620.0  5.75985E-01
   19630.0  5.79715E-01
   19640.0  5.78789E-01
   19650.0  5.75941E-01
   19660.0  5.69673E-01
   19670.0  5.52628E-01
   19680.0  5.41079E-01
   19690.0  5.66824E-01
   19700.0  5.76078E-01
   19710.0  5.78553E-01
   19720.0  5.79582E-01
   19730.0  5.79541E-01
   19740.0  5.71717E-01
   19750.0  5.69626E-01
   19760.0  5.66045E-01
   19770.0  5.64103E-01
   19780.0  5.59479E-01
   19790.0  5.46988E-01
   19800.0  5.71325E-01
   19810.0  5.73210E-01
   19820.0  5.70123E-01
   19830.0  5.76317E-01
   19840.0  5.74983E-01
   19850.0  5.77322E-01
   19860.0  5.75763E-01
   19870.0  5.73937E-01
   19880.0  5.70302E-01
   19890.0  5.75035E-01
   19900.0  5.73308E-01
   19910.0  5.72705E-01
   19920.0  5.71667E-01
   19930.0  5.72017E-01
   19940.0  5.70381E-01
   19950.0  5.73160E-01
   19960.0  5.72758E-01
   19970.0  5.75328E-01
   19980.0  5.77715E-01
   19990.0  5.81381E-01
   20000.0  5.86904E-01
