    190.0     -9.2282E-05
    191.0      2.5046E-05
    192.0     -2.7780E-06
    193.0     -5.7120E-06
    194.0      1.0722E-05
    195.0      1.3696E-05
    196.0     -1.2280E-06
    197.0      1.8920E-06
    198.0     -5.4080E-06
    199.0      2.6600E-07
    200.0      1.5000E-07
    201.0      2.7840E-06
    202.0     -7.1800E-07
    203.0      6.4400E-07
    204.0      1.3460E-06
    205.0      3.7660E-06
    206.0      1.5900E-06
    207.0      7.6000E-07
    208.0     -9.3400E-07
    209.0     -4.5000E-07
    210.0     -1.4980E-06
    211.0     -6.7800E-07
    212.0      3.0400E-07
    213.0      5.3000E-07
    214.0      5.6600E-07
    215.0      8.8600E-07
    216.0      3.6600E-07
    217.0      2.2000E-08
    218.0     -3.4800E-07
    219.0     -2.0000E-08
    220.0      6.5000E-07
    221.0      8.0000E-09
    222.0      5.6000E-08
    223.0      4.4600E-07
    224.0      2.9600E-07
    225.0      2.1600E-07
    226.0      2.5600E-07
    227.0      1.6000E-08
    228.0      1.6000E-08
    229.0      5.3400E-07
    230.0      4.4800E-07
    231.0      1.3200E-07
    232.0     -1.6000E-08
    233.0     -2.2000E-08
    234.0     -3.4000E-08
    235.0      3.6000E-08
    236.0      1.2000E-08
    237.0      5.2000E-08
    238.0      2.2400E-07
    239.0      4.8000E-08
    240.0      1.3000E-07
    241.0      2.1000E-07
    242.0      1.5200E-07
    243.0      2.3600E-07
    244.0      3.8000E-07
    245.0      9.0000E-08
    246.0      2.0000E-08
    247.0     -4.4000E-08
    248.0      3.8000E-08
    249.0     -6.4000E-08
    250.0      4.4000E-08
    251.0     -1.3600E-07
    252.0      8.0000E-08
    253.0     -1.3400E-07
    254.0      1.6400E-07
    255.0      1.5200E-07
    256.0     -6.8000E-08
    257.0      2.8000E-08
    258.0      2.6200E-07
    259.0      3.2600E-07
    260.0      1.0800E-07
    261.0     -2.5000E-08
    262.0      6.2000E-08
    263.0      1.6200E-07
    264.0      2.1500E-07
    265.0      1.0600E-07
    266.0      9.8000E-08
    267.0      3.0000E-07
    268.0      3.1400E-07
    269.0      3.4800E-07
    270.0      3.7800E-07
    271.0      2.8200E-07
    272.0      2.8600E-07
    273.0      4.6800E-07
    274.0      5.5600E-07
    275.0      5.1600E-07
    276.0      4.1800E-07
    277.0      5.7600E-07
    278.0      5.5800E-07
    279.0      4.0000E-07
    280.0      4.9000E-07
    281.0      6.9000E-07
    282.0      4.9200E-07
    283.0      4.4600E-07
    284.0      5.5400E-07
    285.0      5.4800E-07
    286.0      6.4600E-07
    287.0      6.7800E-07
    288.0      6.2200E-07
    289.0      5.0000E-07
    290.0      5.2800E-07
    291.0      4.8000E-07
    292.0      5.7200E-07
    293.0      6.3800E-07
    294.0      5.4200E-07
    295.0      5.5800E-07
    296.0      5.5200E-07
    297.0      4.9200E-07
    298.0      4.0800E-07
    299.0      3.3600E-07
    300.0      2.7200E-07
    301.0      3.2400E-07
    302.0      3.2200E-07
    303.0      1.9600E-07
    304.0      2.0600E-07
    305.0      3.1000E-07
    306.0      2.0400E-07
    307.0      1.6200E-07
    308.0      1.0100E-07
    309.0      1.1750E-07
    310.0      2.4200E-07
    311.0      1.7000E-07
    312.0      4.8000E-08
    313.0      8.8000E-08
    314.0      5.8000E-08
    315.0      1.7000E-07
    316.0      1.8000E-07
    317.0      1.1600E-07
    318.0      3.0000E-08
    319.0      2.3000E-07
    320.0      1.5200E-07
    321.0      1.2800E-07
    322.0     -1.5000E-08
    323.0     -2.5800E-07
    324.0     -1.3200E-07
    325.0     -5.6000E-08
    326.0      6.9000E-08
    327.0      1.8000E-08
    328.0      3.2000E-08
    329.0     -2.2000E-08
    330.0      1.6000E-08
    331.0      1.8000E-07
    332.0      1.2800E-07
    333.0     -1.1000E-07
    334.0     -1.8000E-08
    335.0      3.2800E-07
    336.0      3.1400E-07
    337.0      2.5200E-07
    338.0      1.7600E-07
    339.0      1.1600E-07
    340.0      2.1600E-07
    341.0      2.5800E-07
    342.0     -2.0000E-09
    343.0     -9.4000E-08
    344.0      1.4600E-07
    345.0      1.1400E-07
    346.0     -4.0000E-09
    347.0      1.6000E-08
    348.0     -1.6000E-08
    349.0     -2.2000E-08
    350.0      9.2000E-08
    351.0      1.4000E-07
    352.0     -4.6000E-08
    353.0      5.4000E-08
    354.0      5.7000E-08
    355.0     -8.0000E-09
    356.0      1.2000E-08
    357.0     -4.4000E-08
    358.0     -7.2000E-08
    359.0     -4.0000E-09
    360.0      8.4000E-08
    361.0      2.6000E-08
    362.0     -3.4000E-08
    363.0      4.0000E-09
    364.0      1.1000E-07
    365.0      7.8000E-08
    366.0     -4.2000E-08
    367.0     -3.8000E-08
    368.0      1.3200E-07
    369.0      1.9400E-07
    370.0      6.7000E-08
    371.0     -4.5200E-07
    372.0     -2.7800E-07
    373.0     -5.2000E-08
    374.0     -1.2800E-07
    375.0      7.6000E-08
    376.0     -1.8000E-08
    377.0      1.5400E-07
    378.0      5.8000E-08
    379.0      1.2000E-07
    380.0     -5.8000E-08
    381.0      8.0000E-08
    382.0      1.8000E-08
    383.0      1.1000E-08
    384.0     -8.0000E-09
    385.0      1.1600E-07
    386.0      8.5000E-08
    387.0     -1.4000E-08
    388.0     -6.0000E-09
    389.0      6.4000E-08
    390.0      1.1400E-07
    391.0      6.2000E-08
    392.0      1.7200E-07
    393.0      5.1200E-07
    394.0      5.1200E-07
    395.0      5.2400E-07
    396.0      4.3200E-07
    397.0      4.6800E-07
    398.0      1.9800E-07
    399.0      2.4000E-07
    400.0      7.4620E-06
    401.0      6.1800E-06
    402.0      4.2620E-06
    403.0      1.1498E-05
    404.0      2.7660E-06
    405.0      8.5200E-07
    406.0      4.2580E-06
    407.0      2.3420E-06
    408.0     -3.6160E-06
    409.0      3.4040E-06
    410.0      7.6580E-06
    411.0      6.5920E-06
    412.0     -6.3800E-07
    413.0      1.4860E-06
    414.0      1.4860E-06
    415.0      3.4000E-06
    416.0      4.2500E-06
    417.0      8.4800E-07
    418.0      4.8840E-06
    419.0      5.5180E-06
    420.0      2.3360E-06
    421.0     -6.3600E-07
    422.0      3.6040E-06
    423.0      3.1800E-06
    424.0     -4.0280E-06
    425.0     -3.1800E-06
    426.0     -2.3320E-06
    427.0     -1.9080E-06
    428.0      3.6040E-06
    429.0      4.4500E-06
    430.0      1.2494E-05
    431.0      1.1010E-05
    432.0      5.9260E-06
    433.0      6.3400E-07
    434.0      5.0760E-06
    435.0      6.1340E-06
    436.0      8.2480E-06
    437.0      1.0574E-05
    438.0     -6.3400E-07
    439.0     -2.7460E-06
    440.0      1.6900E-06
    441.0      6.1260E-06
    442.0     -1.4780E-06
    443.0     -4.4320E-06
    444.0     -3.5880E-06
    445.0     -1.6900E-06
    446.0      6.7540E-06
    447.0      4.6440E-06
    448.0      7.5980E-06
    449.0      2.2996E-05
    450.0      1.6878E-05
    451.0      2.5300E-06
    452.0     -2.0000E-09
    453.0      6.3400E-07
    454.0      5.4820E-06
    455.0      8.4320E-06
    456.0      3.1640E-06
    457.0      2.7420E-06
    458.0      1.3072E-05
    459.0      7.8020E-06
    460.0      1.3278E-05
    461.0      8.4320E-06
    462.0      1.2222E-05
    463.0      1.6012E-05
    464.0      2.6332E-05
    465.0      9.7738E-05
    466.0      3.8564E-04
    467.0      1.4049E-03
    468.0      4.6521E-03
    469.0      1.3581E-02
    470.0      3.3694E-02
    471.0      6.8975E-02
    472.0      1.1762E-01
    473.0      1.7238E-01
    474.0      2.2687E-01
    475.0      2.8008E-01
    476.0      3.3500E-01
    477.0      3.9476E-01
    478.0      4.6081E-01
    479.0      5.3164E-01
    480.0      6.0219E-01
    481.0      6.6642E-01
    482.0      7.1882E-01
    483.0      7.5599E-01
    484.0      7.7757E-01
    485.0      7.8649E-01
    486.0      7.8728E-01
    487.0      7.8465E-01
    488.0      7.8223E-01
    489.0      7.8216E-01
    490.0      7.8562E-01
    491.0      7.9280E-01
    492.0      8.0272E-01
    493.0      8.1467E-01
    494.0      8.2705E-01
    495.0      8.3859E-01
    496.0      8.4831E-01
    497.0      8.5536E-01
    498.0      8.5971E-01
    499.0      8.6110E-01
    500.0      8.6055E-01
    501.0      8.5885E-01
    502.0      8.5667E-01
    503.0      8.5536E-01
    504.0      8.5532E-01
    505.0      8.5735E-01
    506.0      8.6144E-01
    507.0      8.6789E-01
    508.0      8.7637E-01
    509.0      8.8636E-01
    510.0      8.9740E-01
    511.0      9.0856E-01
    512.0      9.1908E-01
    513.0      9.2795E-01
    514.0      9.3433E-01
    515.0      9.3773E-01
    516.0      9.3758E-01
    517.0      9.3356E-01
    518.0      9.2644E-01
    519.0      9.1690E-01
    520.0      9.0516E-01
    521.0      8.9240E-01
    522.0      8.7942E-01
    523.0      8.6724E-01
    524.0      8.5607E-01
    525.0      8.4690E-01
    526.0      8.4052E-01
    527.0      8.3696E-01
    528.0      8.3616E-01
    529.0      8.3816E-01
    530.0      8.4308E-01
    531.0      8.5053E-01
    532.0      8.6022E-01
    533.0      8.7224E-01
    534.0      8.8536E-01
    535.0      8.9910E-01
    536.0      9.1275E-01
    537.0      9.2564E-01
    538.0      9.3716E-01
    539.0      9.4674E-01
    540.0      9.5394E-01
    541.0      9.5841E-01
    542.0      9.6047E-01
    543.0      9.5971E-01
    544.0      9.5721E-01
    545.0      9.5280E-01
    546.0      9.4770E-01
    547.0      9.4226E-01
    548.0      9.3709E-01
    549.0      9.3228E-01
    550.0      9.2862E-01
    551.0      9.2650E-01
    552.0      9.2587E-01
    553.0      9.2704E-01
    554.0      9.2948E-01
    555.0      9.3359E-01
    556.0      9.3856E-01
    557.0      9.4450E-01
    558.0      9.5057E-01
    559.0      9.5673E-01
    560.0      9.6201E-01
    561.0      9.6627E-01
    562.0      9.6894E-01
    563.0      9.6975E-01
    564.0      9.6847E-01
    565.0      9.6517E-01
    566.0      9.5984E-01
    567.0      9.5264E-01
    568.0      9.4419E-01
    569.0      9.3466E-01
    570.0      9.2437E-01
    571.0      9.1419E-01
    572.0      9.0441E-01
    573.0      8.9530E-01
    574.0      8.8733E-01
    575.0      8.8068E-01
    576.0      8.7571E-01
    577.0      8.7241E-01
    578.0      8.7106E-01
    579.0      8.7141E-01
    580.0      8.7370E-01
    581.0      8.7782E-01
    582.0      8.8325E-01
    583.0      8.9001E-01
    584.0      8.9782E-01
    585.0      9.0647E-01
    586.0      9.1548E-01
    587.0      9.2451E-01
    588.0      9.3331E-01
    589.0      9.4134E-01
    590.0      9.4853E-01
    591.0      9.5451E-01
    592.0      9.5905E-01
    593.0      9.6218E-01
    594.0      9.6388E-01
    595.0      9.6389E-01
    596.0      9.6264E-01
    597.0      9.6030E-01
    598.0      9.5723E-01
    599.0      9.5357E-01
    600.0      9.4951E-01
    601.0      9.4547E-01
    602.0      9.4158E-01
    603.0      9.3823E-01
    604.0      9.3559E-01
    605.0      9.3371E-01
    606.0      9.3260E-01
    607.0      9.3242E-01
    608.0      9.3321E-01
    609.0      9.3483E-01
    610.0      9.3737E-01
    611.0      9.4051E-01
    612.0      9.4423E-01
    613.0      9.4841E-01
    614.0      9.5274E-01
    615.0      9.5709E-01
    616.0      9.6107E-01
    617.0      9.6474E-01
    618.0      9.6776E-01
    619.0      9.6993E-01
    620.0      9.7131E-01
    621.0      9.7169E-01
    622.0      9.7110E-01
    623.0      9.6949E-01
    624.0      9.6705E-01
    625.0      9.6379E-01
    626.0      9.5978E-01
    627.0      9.5522E-01
    628.0      9.5028E-01
    629.0      9.4534E-01
    630.0      9.4041E-01
    631.0      9.3563E-01
    632.0      9.3119E-01
    633.0      9.2733E-01
    634.0      9.2415E-01
    635.0      9.2162E-01
    636.0      9.1987E-01
    637.0      9.1907E-01
    638.0      9.1909E-01
    639.0      9.1983E-01
    640.0      9.2144E-01
    641.0      9.2372E-01
    642.0      9.2658E-01
    643.0      9.2995E-01
    644.0      9.3369E-01
    645.0      9.3756E-01
    646.0      9.4147E-01
    647.0      9.4526E-01
    648.0      9.4868E-01
    649.0      9.5166E-01
    650.0      9.5400E-01
    651.0      9.5569E-01
    652.0      9.5662E-01
    653.0      9.5669E-01
    654.0      9.5587E-01
    655.0      9.5435E-01
    656.0      9.5210E-01
    657.0      9.4929E-01
    658.0      9.4607E-01
    659.0      9.4251E-01
    660.0      9.3884E-01
    661.0      9.3522E-01
    662.0      9.3177E-01
    663.0      9.2872E-01
    664.0      9.2633E-01
    665.0      9.2449E-01
    666.0      9.2348E-01
    667.0      9.2326E-01
    668.0      9.2385E-01
    669.0      9.2535E-01
    670.0      9.2754E-01
    671.0      9.3062E-01
    672.0      9.3409E-01
    673.0      9.3770E-01
    674.0      9.4117E-01
    675.0      9.4425E-01
    676.0      9.4654E-01
    677.0      9.4752E-01
    678.0      9.4658E-01
    679.0      9.4332E-01
    680.0      9.3734E-01
    681.0      9.2816E-01
    682.0      9.1563E-01
    683.0      8.9997E-01
    684.0      8.8105E-01
    685.0      8.5903E-01
    686.0      8.3436E-01
    687.0      8.0757E-01
    688.0      7.7933E-01
    689.0      7.5046E-01
    690.0      7.2126E-01
    691.0      6.9259E-01
    692.0      6.6510E-01
    693.0      6.3921E-01
    694.0      6.1521E-01
    695.0      5.9357E-01
    696.0      5.7449E-01
    697.0      5.5832E-01
    698.0      5.4516E-01
    699.0      5.3543E-01
    700.0      5.2913E-01
    701.0      5.2660E-01
    702.0      5.2819E-01
    703.0      5.3427E-01
    704.0      5.4533E-01
    705.0      5.6215E-01
    706.0      5.8525E-01
    707.0      6.1548E-01
    708.0      6.5319E-01
    709.0      6.9825E-01
    710.0      7.4896E-01
    711.0      8.0131E-01
    712.0      8.4718E-01
    713.0      8.7536E-01
    714.0      8.7439E-01
    715.0      8.3732E-01
    716.0      7.6512E-01
    717.0      6.6652E-01
    718.0      5.5610E-01
    719.0      4.4711E-01
    720.0      3.4964E-01
    721.0      2.6901E-01
    722.0      2.0581E-01
    723.0      1.5763E-01
    724.0      1.2158E-01
    725.0      9.4617E-02
    726.0      7.4340E-02
    727.0      5.9001E-02
    728.0      4.7292E-02
    729.0      3.8225E-02
    730.0      3.1185E-02
    731.0      2.5636E-02
    732.0      2.1259E-02
    733.0      1.7748E-02
    734.0      1.4911E-02
    735.0      1.2619E-02
    736.0      1.0741E-02
    737.0      9.1784E-03
    738.0      7.9055E-03
    739.0      6.8235E-03
    740.0      5.9130E-03
    741.0      5.1516E-03
    742.0      4.5079E-03
    743.0      3.9483E-03
    744.0      3.4787E-03
    745.0      3.0827E-03
    746.0      2.7333E-03
    747.0      2.4347E-03
    748.0      2.1556E-03
    749.0      1.9423E-03
    750.0      1.7460E-03
    751.0      1.5879E-03
    752.0      1.4319E-03
    753.0      1.2953E-03
    754.0      1.1743E-03
    755.0      1.0694E-03
    756.0      9.7554E-04
    757.0      8.9023E-04
    758.0      8.1467E-04
    759.0      7.4644E-04
    760.0      6.8521E-04
    761.0      6.3080E-04
    762.0      5.8183E-04
    763.0      5.3789E-04
    764.0      4.9757E-04
    765.0      4.6153E-04
    766.0      4.2827E-04
    767.0      3.9824E-04
    768.0      3.7085E-04
    769.0      3.4656E-04
    770.0      3.2377E-04
    771.0      3.0293E-04
    772.0      2.8425E-04
    773.0      2.6639E-04
    774.0      2.5050E-04
    775.0      2.3607E-04
    776.0      2.2246E-04
    777.0      2.1011E-04
    778.0      1.9851E-04
    779.0      1.8814E-04
    780.0      1.7842E-04
    781.0      1.6913E-04
    782.0      1.6001E-04
    783.0      1.5270E-04
    784.0      1.4567E-04
    785.0      1.3893E-04
    786.0      1.3249E-04
    787.0      1.2695E-04
    788.0      1.2124E-04
    789.0      1.1633E-04
    790.0      1.1148E-04
    791.0      1.0712E-04
    792.0      1.0285E-04
    793.0      9.8954E-05
    794.0      9.5524E-05
    795.0      9.2012E-05
    796.0      8.8464E-05
    797.0      8.6044E-05
    798.0      8.3204E-05
    799.0      8.0340E-05
    800.0      7.7896E-05
    801.0      7.6218E-05
    802.0      7.3778E-05
    803.0      7.1418E-05
    804.0      6.9570E-05
    805.0      6.7746E-05
    806.0      6.5666E-05
    807.0      6.4298E-05
    808.0      6.2920E-05
    809.0      6.1468E-05
    810.0      5.9758E-05
    811.0      5.8298E-05
    812.0      5.6936E-05
    813.0      5.5526E-05
    814.0      5.4338E-05
    815.0      5.3842E-05
    816.0      5.2478E-05
    817.0      5.1754E-05
    818.0      5.0878E-05
    819.0      5.0514E-05
    820.0      4.9588E-05
    821.0      4.8998E-05
    822.0      4.8096E-05
    823.0      4.7134E-05
    824.0      4.6792E-05
    825.0      4.6114E-05
    826.0      4.6390E-05
    827.0      4.5812E-05
    828.0      4.5398E-05
    829.0      4.5346E-05
    830.0      4.4774E-05
    831.0      4.4244E-05
    832.0      4.4044E-05
    833.0      4.3302E-05
    834.0      4.3640E-05
    835.0      4.3284E-05
    836.0      4.3488E-05
    837.0      4.3614E-05
    838.0      4.3078E-05
    839.0      4.3332E-05
    840.0      4.2712E-05
    841.0      4.3088E-05
    842.0      4.3334E-05
    843.0      4.3928E-05
    844.0      4.4252E-05
    845.0      4.3384E-05
    846.0      4.3700E-05
    847.0      4.5014E-05
    848.0      4.4534E-05
    849.0      4.4494E-05
    850.0      4.4972E-05
    851.0      4.5514E-05
    852.0      4.6776E-05
    853.0      4.6394E-05
    854.0      4.7004E-05
    855.0      4.5084E-05
    856.0      4.7378E-05
    857.0      4.6350E-05
    858.0      4.7816E-05
    859.0      4.5190E-05
    860.0      2.9294E-05
    861.0      3.9836E-05
    862.0      2.9668E-05
    863.0      3.4602E-05
    864.0      3.2586E-05
    865.0      2.9802E-05
    866.0      2.7654E-05
    867.0      2.6958E-05
    868.0      2.3368E-05
    869.0      3.8462E-05
    870.0      2.3406E-05
    871.0      2.9538E-05
    872.0      1.7482E-05
    873.0      2.1716E-05
    874.0      1.6744E-05
    875.0      2.1092E-05
    876.0      1.4710E-05
    877.0      1.8544E-05
    878.0      1.5426E-05
    879.0      1.4340E-05
    880.0      9.9220E-06
    881.0      1.4820E-05
    882.0      1.2122E-05
    883.0      1.1984E-05
    884.0      1.0566E-05
    885.0      1.2792E-05
    886.0      9.9520E-06
    887.0      8.0420E-06
    888.0      7.6000E-06
    889.0      9.1480E-06
    890.0      7.2280E-06
    891.0      1.0964E-05
    892.0      5.4920E-06
    893.0      5.8660E-06
    894.0      4.2020E-06
    895.0      6.0300E-06
    896.0      3.7400E-06
    897.0      3.9520E-06
    898.0      3.8500E-06
    899.0      5.8280E-06
    900.0      3.9340E-06
    901.0      3.6560E-06
    902.0      4.1700E-06
    903.0      6.5020E-06
    904.0      3.5420E-06
    905.0      4.4060E-06
    906.0      4.4200E-06
    907.0      4.8580E-06
    908.0      3.3760E-06
    909.0      4.0960E-06
    910.0      3.8120E-06
    911.0      4.8500E-06
    912.0      4.5160E-06
    913.0      5.7500E-06
    914.0      4.7160E-06
    915.0      4.9380E-06
    916.0      4.5620E-06
    917.0      4.1860E-06
    918.0      3.5340E-06
    919.0      4.8480E-06
    920.0      4.6660E-06
    921.0      5.4280E-06
    922.0      4.4720E-06
    923.0      5.2880E-06
    924.0      6.0240E-06
    925.0      5.4740E-06
    926.0      4.8240E-06
    927.0      4.9840E-06
    928.0      5.1520E-06
    929.0      5.1680E-06
    930.0      5.7560E-06
    931.0      6.6440E-06
    932.0      6.2800E-06
    933.0      6.5360E-06
    934.0      6.8200E-06
    935.0      7.1860E-06
    936.0      9.4520E-06
    937.0      1.0020E-05
    938.0      7.8480E-06
    939.0      7.9860E-06
    940.0      8.1680E-06
    941.0      8.8480E-06
    942.0      9.5240E-06
    943.0      9.8200E-06
    944.0      1.0042E-05
    945.0      1.0188E-05
    946.0      1.1682E-05
    947.0      1.1792E-05
    948.0      1.1854E-05
    949.0      1.2762E-05
    950.0      1.3584E-05
    951.0      1.3894E-05
    952.0      1.4254E-05
    953.0      1.4216E-05
    954.0      1.5892E-05
    955.0      1.6800E-05
    956.0      1.7570E-05
    957.0      1.6632E-05
    958.0      1.7226E-05
    959.0      1.8542E-05
    960.0      1.9514E-05
    961.0      1.9946E-05
    962.0      2.0724E-05
    963.0      2.0034E-05
    964.0      1.9704E-05
    965.0      2.0890E-05
    966.0      2.1348E-05
    967.0      2.1488E-05
    968.0      2.3106E-05
    969.0      2.3970E-05
    970.0      2.2946E-05
    971.0      2.3032E-05
    972.0      2.3670E-05
    973.0      2.3214E-05
    974.0      2.3672E-05
    975.0      2.4096E-05
    976.0      2.4082E-05
    977.0      2.3218E-05
    978.0      2.3914E-05
    979.0      2.4016E-05
    980.0      2.3560E-05
    981.0      2.4178E-05
    982.0      2.4374E-05
    983.0      2.3478E-05
    984.0      2.2658E-05
    985.0      2.3682E-05
    986.0      2.4220E-05
    987.0      2.4112E-05
    988.0      2.2964E-05
    989.0      2.3076E-05
    990.0      2.4010E-05
    991.0      2.2538E-05
    992.0      2.2834E-05
    993.0      2.4304E-05
    994.0      2.3014E-05
    995.0      2.2396E-05
    996.0      2.2552E-05
    997.0      2.2860E-05
    998.0      2.3244E-05
    999.0      2.1854E-05
   1000.0      2.1910E-05
   1001.0      2.4308E-05
   1002.0      2.4202E-05
   1003.0      2.2148E-05
   1004.0      2.1038E-05
   1005.0      2.2538E-05
   1006.0      2.2768E-05
   1007.0      2.3120E-05
   1008.0      2.2528E-05
   1009.0      2.2558E-05
   1010.0      2.2210E-05
   1011.0      2.2872E-05
   1012.0      2.2952E-05
   1013.0      2.1902E-05
   1014.0      2.3378E-05
   1015.0      2.2898E-05
   1016.0      2.3016E-05
   1017.0      2.2440E-05
   1018.0      2.3334E-05
   1019.0      2.3428E-05
   1020.0      2.3712E-05
   1021.0      2.4510E-05
   1022.0      2.4472E-05
   1023.0      2.2480E-05
   1024.0      2.3594E-05
   1025.0      2.4188E-05
   1026.0      2.4864E-05
   1027.0      2.4146E-05
   1028.0      2.4924E-05
   1029.0      2.4610E-05
   1030.0      2.5174E-05
   1031.0      2.5202E-05
   1032.0      2.6218E-05
   1033.0      2.6336E-05
   1034.0      2.5626E-05
   1035.0      2.5316E-05
   1036.0      2.6572E-05
   1037.0      2.7676E-05
   1038.0      2.6880E-05
   1039.0      2.7836E-05
   1040.0      2.7338E-05
   1041.0      2.7254E-05
   1042.0      2.7968E-05
   1043.0      2.8244E-05
   1044.0      2.9374E-05
   1045.0      2.9736E-05
   1046.0      3.0550E-05
   1047.0      2.9694E-05
   1048.0      2.9112E-05
   1049.0      3.1022E-05
   1050.0      3.2102E-05
   1051.0      3.2420E-05
   1052.0      3.2828E-05
   1053.0      3.2788E-05
   1054.0      3.2764E-05
   1055.0      3.3152E-05
   1056.0      3.4488E-05
   1057.0      3.4838E-05
   1058.0      3.5826E-05
   1059.0      3.6548E-05
   1060.0      3.7526E-05
   1061.0      3.7332E-05
   1062.0      3.8064E-05
   1063.0      3.7804E-05
   1064.0      3.8222E-05
   1065.0      4.0466E-05
   1066.0      4.1242E-05
   1067.0      4.2260E-05
   1068.0      4.2162E-05
   1069.0      4.3296E-05
   1070.0      4.4664E-05
   1071.0      4.5148E-05
   1072.0      4.4958E-05
   1073.0      4.5542E-05
   1074.0      4.8352E-05
   1075.0      4.9148E-05
   1076.0      5.0626E-05
   1077.0      5.1166E-05
   1078.0      5.2524E-05
   1079.0      5.2776E-05
   1080.0      5.3610E-05
   1081.0      5.4162E-05
   1082.0      5.7464E-05
   1083.0      5.8478E-05
   1084.0      6.0470E-05
   1085.0      6.1370E-05
   1086.0      6.2676E-05
   1087.0      6.3378E-05
   1088.0      6.4636E-05
   1089.0      6.5888E-05
   1090.0      6.9080E-05
   1091.0      7.0778E-05
   1092.0      7.4050E-05
   1093.0      7.4850E-05
   1094.0      7.6794E-05
   1095.0      7.8894E-05
   1096.0      8.1094E-05
   1097.0      8.2146E-05
   1098.0      8.3372E-05
   1099.0      8.6050E-05
   1100.0      9.1026E-05
   1101.0      9.2550E-05
   1102.0      9.5434E-05
   1103.0      9.8550E-05
   1104.0      1.0123E-04
   1105.0      1.0447E-04
   1106.0      1.0819E-04
   1107.0      1.1130E-04
   1108.0      1.1455E-04
   1109.0      1.1792E-04
   1110.0      1.2162E-04
   1111.0      1.2507E-04
   1112.0      1.2860E-04
   1113.0      1.3236E-04
   1114.0      1.3664E-04
   1115.0      1.4120E-04
   1116.0      1.4633E-04
   1117.0      1.5025E-04
   1118.0      1.5488E-04
   1119.0      1.6006E-04
   1120.0      1.6620E-04
   1121.0      1.7418E-04
   1122.0      1.8143E-04
   1123.0      1.8673E-04
   1124.0      1.9247E-04
   1125.0      1.9749E-04
   1126.0      1.9776E-04
   1127.0      2.0304E-04
   1128.0      2.2437E-04
   1129.0      2.4807E-04
   1130.0      2.5587E-04
   1131.0      2.4627E-04
   1132.0      2.4307E-04
   1133.0      2.5546E-04
   1134.0      2.7584E-04
   1135.0      2.9749E-04
   1136.0      3.0833E-04
   1137.0      3.1616E-04
   1138.0      3.2715E-04
   1139.0      3.4089E-04
   1140.0      3.5597E-04
   1141.0      3.6849E-04
   1142.0      3.8059E-04
   1143.0      3.9996E-04
   1144.0      4.2066E-04
   1145.0      4.4141E-04
   1146.0      4.6050E-04
   1147.0      4.7972E-04
   1148.0      4.9688E-04
   1149.0      5.1533E-04
   1150.0      5.2924E-04
   1151.0      5.6688E-04
   1152.0      6.0251E-04
   1153.0      6.3031E-04
   1154.0      6.5787E-04
   1155.0      6.8998E-04
   1156.0      7.2089E-04
   1157.0      7.5593E-04
   1158.0      7.9258E-04
   1159.0      8.3119E-04
   1160.0      8.6431E-04
   1161.0      9.1069E-04
   1162.0      9.4889E-04
   1163.0      9.7850E-04
   1164.0      1.0538E-03
   1165.0      1.1432E-03
   1166.0      1.2263E-03
   1167.0      1.2556E-03
   1168.0      1.2974E-03
   1169.0      1.3583E-03
   1170.0      1.4008E-03
   1171.0      1.5229E-03
   1172.0      1.6258E-03
   1173.0      1.7240E-03
   1174.0      1.8206E-03
   1175.0      1.9304E-03
   1176.0      2.0370E-03
   1177.0      2.1611E-03
   1178.0      2.2909E-03
   1179.0      2.4372E-03
   1180.0      2.5732E-03
   1181.0      2.7499E-03
   1182.0      2.9127E-03
   1183.0      3.1079E-03
   1184.0      3.3149E-03
   1185.0      3.5386E-03
   1186.0      3.7758E-03
   1187.0      4.1065E-03
   1188.0      4.4652E-03
   1189.0      5.0550E-03
   1190.0      4.9366E-03
   1191.0      5.1303E-03
   1192.0      5.6581E-03
   1193.0      6.1372E-03
   1194.0      6.5712E-03
   1195.0      7.0464E-03
   1196.0      7.4720E-03
   1197.0      8.0415E-03
   1198.0      8.4296E-03
   1199.0      9.4812E-03
   1200.0      1.0162E-02
   1201.0      1.0949E-02
   1202.0      1.1784E-02
   1203.0      1.2586E-02
   1204.0      1.3092E-02
   1205.0      1.4578E-02
   1206.0      1.5445E-02
   1207.0      1.6502E-02
   1208.0      1.7471E-02
   1209.0      1.8649E-02
   1210.0      1.9727E-02
   1211.0      2.1013E-02
   1212.0      2.2431E-02
   1213.0      2.4077E-02
   1214.0      2.5639E-02
   1215.0      2.7518E-02
   1216.0      2.9522E-02
   1217.0      3.2119E-02
   1218.0      3.4991E-02
   1219.0      3.9015E-02
   1220.0      4.0372E-02
   1221.0      4.4515E-02
   1222.0      4.7745E-02
   1223.0      5.2418E-02
   1224.0      5.7149E-02
   1225.0      6.3469E-02
   1226.0      6.9856E-02
   1227.0      7.8236E-02
   1228.0      8.8026E-02
   1229.0      9.3584E-02
   1230.0      1.0327E-01
   1231.0      1.1559E-01
   1232.0      1.2614E-01
   1233.0      1.3906E-01
   1234.0      1.5349E-01
   1235.0      1.7161E-01
   1236.0      1.9016E-01
   1237.0      2.0968E-01
   1238.0      2.3003E-01
   1239.0      2.5168E-01
   1240.0      2.7081E-01
   1241.0      2.8865E-01
   1242.0      3.2630E-01
   1243.0      3.5361E-01
   1244.0      3.7715E-01
   1245.0      3.9956E-01
   1246.0      4.1868E-01
   1247.0      4.3625E-01
   1248.0      4.5009E-01
   1249.0      4.6659E-01
   1250.0      4.7369E-01
   1251.0      4.7316E-01
   1252.0      4.6603E-01
   1253.0      4.8743E-01
   1254.0      4.8363E-01
   1255.0      4.7714E-01
   1256.0      4.6663E-01
   1257.0      4.6019E-01
   1258.0      4.5284E-01
   1259.0      4.4744E-01
   1260.0      4.3684E-01
   1261.0      4.3030E-01
   1262.0      4.0779E-01
   1263.0      4.0116E-01
   1264.0      3.8721E-01
   1265.0      3.7981E-01
   1266.0      3.6916E-01
   1267.0      3.6255E-01
   1268.0      3.6000E-01
   1269.0      3.6086E-01
   1270.0      3.5840E-01
   1271.0      3.4047E-01
   1272.0      3.3460E-01
   1273.0      3.3176E-01
   1274.0      3.2914E-01
   1275.0      3.2753E-01
   1276.0      3.2978E-01
   1277.0      3.3158E-01
   1278.0      3.2267E-01
   1279.0      3.2093E-01
   1280.0      3.2012E-01
   1281.0      3.2077E-01
   1282.0      3.2096E-01
   1283.0      3.2122E-01
   1284.0      3.2120E-01
   1285.0      3.2362E-01
   1286.0      3.2626E-01
   1287.0      3.2946E-01
   1288.0      3.3005E-01
   1289.0      3.3160E-01
   1290.0      3.3404E-01
   1291.0      3.3511E-01
   1292.0      3.3468E-01
   1293.0      3.3982E-01
   1294.0      3.5178E-01
   1295.0      3.5674E-01
   1296.0      3.6094E-01
   1297.0      3.6481E-01
   1298.0      3.7054E-01
   1299.0      3.7763E-01
   1300.0      3.8107E-01
   1301.0      3.8921E-01
   1302.0      3.9476E-01
   1303.0      3.9822E-01
   1304.0      4.0531E-01
   1305.0      4.1503E-01
   1306.0      4.2093E-01
   1307.0      4.2608E-01
   1308.0      4.3202E-01
   1309.0      4.3934E-01
   1310.0      4.4798E-01
   1311.0      4.5364E-01
   1312.0      4.6216E-01
   1313.0      4.6872E-01
   1314.0      4.7330E-01
   1315.0      4.8450E-01
   1316.0      4.9712E-01
   1317.0      5.1467E-01
   1318.0      5.1529E-01
   1319.0      5.0972E-01
   1320.0      5.1709E-01
   1321.0      5.2749E-01
   1322.0      5.3922E-01
   1323.0      5.4934E-01
   1324.0      5.4939E-01
   1325.0      5.4622E-01
   1326.0      5.5104E-01
   1327.0      5.5669E-01
   1328.0      5.6417E-01
   1329.0      5.7353E-01
   1330.0      5.8904E-01
   1331.0      5.8886E-01
   1332.0      5.7930E-01
   1333.0      5.7736E-01
   1334.0      5.8041E-01
   1335.0      5.8288E-01
   1336.0      5.8395E-01
   1337.0      5.8559E-01
   1338.0      5.8518E-01
   1339.0      5.8739E-01
   1340.0      5.9331E-01
   1341.0      6.0329E-01
   1342.0      5.9077E-01
   1343.0      5.8060E-01
   1344.0      5.8738E-01
   1345.0      5.6905E-01
   1346.0      5.6720E-01
   1347.0      5.7609E-01
   1348.0      5.7095E-01
   1349.0      5.7593E-01
   1350.0      5.9213E-01
   1351.0      5.6217E-01
   1352.0      5.2465E-01
   1353.0      5.1527E-01
   1354.0      5.4588E-01
   1355.0      5.6526E-01
   1356.0      5.7221E-01
   1357.0      5.6179E-01
   1358.0      5.2613E-01
   1359.0      4.8198E-01
   1360.0      4.9462E-01
   1361.0      5.2048E-01
   1362.0      5.0841E-01
   1363.0      5.1555E-01
   1364.0      5.2955E-01
   1365.0      5.2110E-01
   1366.0      4.9703E-01
   1367.0      4.9874E-01
   1368.0      4.7763E-01
   1369.0      4.5739E-01
   1370.0      4.7972E-01
   1371.0      5.0369E-01
   1372.0      4.8247E-01
   1373.0      4.4910E-01
   1374.0      4.6906E-01
   1375.0      4.9561E-01
   1376.0      5.2117E-01
   1377.0      4.9810E-01
   1378.0      4.5716E-01
   1379.0      4.0173E-01
   1380.0      3.8540E-01
   1381.0      4.3243E-01
   1382.0      4.8111E-01
   1383.0      5.0210E-01
   1384.0      4.4872E-01
   1385.0      4.0595E-01
   1386.0      3.9502E-01
   1387.0      4.4871E-01
   1388.0      4.9689E-01
   1389.0      4.4978E-01
   1390.0      4.4453E-01
   1391.0      4.6887E-01
   1392.0      4.0038E-01
   1393.0      3.3899E-01
   1394.0      3.9456E-01
   1395.0      5.2886E-01
   1396.0      5.1918E-01
   1397.0      4.0335E-01
   1398.0      3.2264E-01
   1399.0      3.9537E-01
   1400.0      5.0014E-01
   1401.0      4.7216E-01
   1402.0      3.9736E-01
   1403.0      4.0696E-01
   1404.0      4.5060E-01
   1405.0      4.2385E-01
   1406.0      3.8828E-01
   1407.0      3.8108E-01
   1408.0      4.3942E-01
   1409.0      4.9554E-01
   1410.0      4.6371E-01
   1411.0      3.8648E-01
   1412.0      3.7376E-01
   1413.0      4.2757E-01
   1414.0      4.7416E-01
   1415.0      4.6348E-01
   1416.0      4.0113E-01
   1417.0      4.0117E-01
   1418.0      4.4051E-01
   1419.0      4.6726E-01
   1420.0      4.5695E-01
   1421.0      4.1652E-01
   1422.0      4.1641E-01
   1423.0      4.5672E-01
   1424.0      4.5372E-01
   1425.0      4.4411E-01
   1426.0      4.4299E-01
   1427.0      4.5601E-01
   1428.0      4.6261E-01
   1429.0      4.3148E-01
   1430.0      4.2969E-01
   1431.0      4.6172E-01
   1432.0      4.6708E-01
   1433.0      4.6908E-01
   1434.0      4.7381E-01
   1435.0      4.5436E-01
   1436.0      4.5541E-01
   1437.0      4.5878E-01
   1438.0      4.4892E-01
   1439.0      4.7346E-01
   1440.0      4.8788E-01
   1441.0      5.0975E-01
   1442.0      4.8836E-01
   1443.0      4.5845E-01
   1444.0      4.6124E-01
   1445.0      5.0821E-01
   1446.0      5.0993E-01
   1447.0      4.9604E-01
   1448.0      4.6776E-01
   1449.0      4.7555E-01
   1450.0      5.1429E-01
   1451.0      5.2091E-01
   1452.0      5.2109E-01
   1453.0      5.0157E-01
   1454.0      5.0977E-01
   1455.0      5.0938E-01
   1456.0      5.0845E-01
   1457.0      5.1103E-01
   1458.0      5.1326E-01
   1459.0      5.1635E-01
   1460.0      5.2447E-01
   1461.0      5.3606E-01
   1462.0      5.3760E-01
   1463.0      5.2300E-01
   1464.0      5.2653E-01
   1465.0      5.3145E-01
   1466.0      5.3412E-01
   1467.0      5.2673E-01
   1468.0      5.3287E-01
   1469.0      5.4435E-01
   1470.0      5.4829E-01
   1471.0      5.5217E-01
   1472.0      5.5404E-01
   1473.0      5.5058E-01
   1474.0      5.4370E-01
   1475.0      5.4629E-01
   1476.0      5.5288E-01
   1477.0      5.5773E-01
   1478.0      5.5835E-01
   1479.0      5.5766E-01
   1480.0      5.6139E-01
   1481.0      5.6073E-01
   1482.0      5.5861E-01
   1483.0      5.5929E-01
   1484.0      5.6025E-01
   1485.0      5.6097E-01
   1486.0      5.5841E-01
   1487.0      5.5108E-01
   1488.0      5.5180E-01
   1489.0      5.7040E-01
   1490.0      5.7369E-01
   1491.0      5.8411E-01
   1492.0      5.8209E-01
   1493.0      5.6823E-01
   1494.0      5.6652E-01
   1495.0      5.6697E-01
   1496.0      5.6639E-01
   1497.0      5.6617E-01
   1498.0      5.6777E-01
   1499.0      5.6772E-01
   1500.0      5.6612E-01
   1501.0      5.6736E-01
   1502.0      5.7141E-01
   1503.0      5.6938E-01
   1504.0      5.6585E-01
   1505.0      5.6790E-01
   1506.0      5.6578E-01
   1507.0      5.6324E-01
   1508.0      5.6408E-01
   1509.0      5.6912E-01
   1510.0      5.7767E-01
   1511.0      5.7283E-01
   1512.0      5.6314E-01
   1513.0      5.6436E-01
   1514.0      5.6555E-01
   1515.0      5.6386E-01
   1516.0      5.5983E-01
   1517.0      5.5903E-01
   1518.0      5.5715E-01
   1519.0      5.5761E-01
   1520.0      5.6462E-01
   1521.0      5.7488E-01
   1522.0      5.6721E-01
   1523.0      5.5324E-01
   1524.0      5.5130E-01
   1525.0      5.5268E-01
   1526.0      5.5371E-01
   1527.0      5.5339E-01
   1528.0      5.5199E-01
   1529.0      5.4898E-01
   1530.0      5.4960E-01
   1531.0      5.4876E-01
   1532.0      5.4619E-01
   1533.0      5.4464E-01
   1534.0      5.4504E-01
   1535.0      5.4816E-01
   1536.0      5.5098E-01
   1537.0      5.5956E-01
   1538.0      5.4979E-01
   1539.0      5.4058E-01
   1540.0      5.3912E-01
   1541.0      5.3925E-01
   1542.0      5.3933E-01
   1543.0      5.3728E-01
   1544.0      5.3439E-01
   1545.0      5.2799E-01
   1546.0      5.2967E-01
   1547.0      5.3336E-01
   1548.0      5.3500E-01
   1549.0      5.3305E-01
   1550.0      5.3187E-01
   1551.0      5.3511E-01
   1552.0      5.3235E-01
   1553.0      5.2581E-01
   1554.0      5.2233E-01
   1555.0      5.1984E-01
   1556.0      5.2137E-01
   1557.0      5.2144E-01
   1558.0      5.2362E-01
   1559.0      5.2450E-01
   1560.0      5.2519E-01
   1561.0      5.2748E-01
   1562.0      5.3561E-01
   1563.0      5.1573E-01
   1564.0      5.1385E-01
   1565.0      5.1643E-01
   1566.0      5.1687E-01
   1567.0      5.1799E-01
   1568.0      5.1185E-01
   1569.0      5.0388E-01
   1570.0      5.0356E-01
   1571.0      5.0708E-01
   1572.0      5.1209E-01
   1573.0      5.1597E-01
   1574.0      5.2514E-01
   1575.0      5.0333E-01
   1576.0      5.0140E-01
   1577.0      5.0491E-01
   1578.0      5.0039E-01
   1579.0      5.0140E-01
   1580.0      5.0398E-01
   1581.0      5.0495E-01
   1582.0      5.1629E-01
   1583.0      4.9884E-01
   1584.0      4.9560E-01
   1585.0      5.0262E-01
   1586.0      4.9934E-01
   1587.0      4.9680E-01
   1588.0      4.9653E-01
   1589.0      5.0157E-01
   1590.0      5.1184E-01
   1591.0      4.9295E-01
   1592.0      4.9706E-01
   1593.0      5.0014E-01
   1594.0      4.9691E-01
   1595.0      4.9277E-01
   1596.0      4.8548E-01
   1597.0      4.8404E-01
   1598.0      5.0198E-01
   1599.0      5.1544E-01
   1600.0      4.9471E-01
   1601.0      4.9256E-01
   1602.0      4.9079E-01
   1603.0      4.9050E-01
   1604.0      4.7945E-01
   1605.0      4.8712E-01
   1606.0      4.9138E-01
   1607.0      4.9483E-01
   1608.0      4.9861E-01
   1609.0      5.0813E-01
   1610.0      4.8879E-01
   1611.0      4.8823E-01
   1612.0      4.8952E-01
   1613.0      4.8822E-01
   1614.0      4.8723E-01
   1615.0      4.8747E-01
   1616.0      4.8430E-01
   1617.0      4.8539E-01
   1618.0      4.8370E-01
   1619.0      4.8369E-01
   1620.0      4.8910E-01
   1621.0      4.8987E-01
   1622.0      4.9048E-01
   1623.0      4.8801E-01
   1624.0      4.8568E-01
   1625.0      4.8631E-01
   1626.0      4.8593E-01
   1627.0      4.8940E-01
   1628.0      4.8933E-01
   1629.0      4.9053E-01
   1630.0      4.9083E-01
   1631.0      4.9164E-01
   1632.0      4.9047E-01
   1633.0      4.9800E-01
   1634.0      5.0909E-01
   1635.0      4.9079E-01
   1636.0      4.9351E-01
   1637.0      4.8958E-01
   1638.0      4.8786E-01
   1639.0      4.8854E-01
   1640.0      4.9073E-01
   1641.0      4.9193E-01
   1642.0      4.9108E-01
   1643.0      4.9211E-01
   1644.0      4.9340E-01
   1645.0      4.9411E-01
   1646.0      4.9337E-01
   1647.0      4.9291E-01
   1648.0      4.9013E-01
   1649.0      4.8976E-01
   1650.0      4.8687E-01
   1651.0      4.9195E-01
   1652.0      4.9805E-01
   1653.0      5.0648E-01
   1654.0      5.0915E-01
   1655.0      4.9372E-01
   1656.0      4.9521E-01
   1657.0      4.9679E-01
   1658.0      4.9559E-01
   1659.0      4.9280E-01
   1660.0      4.9198E-01
   1661.0      4.9436E-01
   1662.0      4.9368E-01
   1663.0      4.9984E-01
   1664.0      5.0414E-01
   1665.0      5.0893E-01
   1666.0      5.1116E-01
   1667.0      5.0378E-01
   1668.0      5.1762E-01
   1669.0      5.2428E-01
   1670.0      5.0251E-01
   1671.0      4.9849E-01
   1672.0      4.9987E-01
   1673.0      5.0512E-01
   1674.0      5.0681E-01
   1675.0      5.0479E-01
   1676.0      5.0382E-01
   1677.0      5.0131E-01
   1678.0      5.0944E-01
   1679.0      5.1410E-01
   1680.0      5.0688E-01
   1681.0      5.0501E-01
   1682.0      5.0922E-01
   1683.0      5.1470E-01
   1684.0      5.2774E-01
   1685.0      5.2086E-01
   1686.0      5.0641E-01
   1687.0      5.0948E-01
   1688.0      5.1055E-01
   1689.0      5.1222E-01
   1690.0      5.1384E-01
   1691.0      5.1724E-01
   1692.0      5.1940E-01
   1693.0      5.1293E-01
   1694.0      5.0800E-01
   1695.0      5.1042E-01
   1696.0      5.1879E-01
   1697.0      5.2266E-01
   1698.0      5.2340E-01
   1699.0      5.2651E-01
   1700.0      5.2274E-01
   1701.0      5.1853E-01
   1702.0      5.2523E-01
   1703.0      5.2592E-01
   1704.0      5.1764E-01
   1705.0      5.1516E-01
   1706.0      5.2151E-01
   1707.0      5.2775E-01
   1708.0      5.3727E-01
   1709.0      5.3182E-01
   1710.0      5.2523E-01
   1711.0      5.3368E-01
   1712.0      5.2947E-01
   1713.0      5.2152E-01
   1714.0      5.2389E-01
   1715.0      5.3488E-01
   1716.0      5.5446E-01
   1717.0      5.4635E-01
   1718.0      5.2568E-01
   1719.0      5.2876E-01
   1720.0      5.2826E-01
   1721.0      5.3123E-01
   1722.0      5.3989E-01
   1723.0      5.3893E-01
   1724.0      5.3867E-01
   1725.0      5.4351E-01
   1726.0      5.5852E-01
   1727.0      5.5617E-01
   1728.0      5.4517E-01
   1729.0      5.3920E-01
   1730.0      5.3981E-01
   1731.0      5.4303E-01
   1732.0      5.4415E-01
   1733.0      5.4521E-01
   1734.0      5.4483E-01
   1735.0      5.4588E-01
   1736.0      5.5742E-01
   1737.0      5.6940E-01
   1738.0      5.5510E-01
   1739.0      5.4474E-01
   1740.0      5.4788E-01
   1741.0      5.6100E-01
   1742.0      5.7009E-01
   1743.0      5.5723E-01
   1744.0      5.4636E-01
   1745.0      5.5410E-01
   1746.0      5.6223E-01
   1747.0      5.5949E-01
   1748.0      5.5835E-01
   1749.0      5.5864E-01
   1750.0      5.6044E-01
   1751.0      5.6177E-01
   1752.0      5.6116E-01
   1753.0      5.6296E-01
   1754.0      5.6267E-01
   1755.0      5.6596E-01
   1756.0      5.6777E-01
   1757.0      5.7072E-01
   1758.0      5.6346E-01
   1759.0      5.5680E-01
   1760.0      5.6852E-01
   1761.0      5.7976E-01
   1762.0      5.6916E-01
   1763.0      5.6699E-01
   1764.0      5.7628E-01
   1765.0      5.7336E-01
   1766.0      5.6887E-01
   1767.0      5.7968E-01
   1768.0      5.8017E-01
   1769.0      6.0153E-01
   1770.0      5.9437E-01
   1771.0      5.7458E-01
   1772.0      5.6747E-01
   1773.0      5.7413E-01
   1774.0      5.8607E-01
   1775.0      5.8252E-01
   1776.0      5.7459E-01
   1777.0      5.5927E-01
   1778.0      5.6617E-01
   1779.0      5.9210E-01
   1780.0      5.9081E-01
   1781.0      5.8567E-01
   1782.0      5.8455E-01
   1783.0      5.8622E-01
   1784.0      5.9316E-01
   1785.0      6.0209E-01
   1786.0      5.8931E-01
   1787.0      5.7877E-01
   1788.0      5.9072E-01
   1789.0      6.0102E-01
   1790.0      5.8569E-01
   1791.0      5.7939E-01
   1792.0      5.8235E-01
   1793.0      5.8801E-01
   1794.0      5.9308E-01
   1795.0      6.0864E-01
   1796.0      6.0448E-01
   1797.0      5.7165E-01
   1798.0      5.7447E-01
   1799.0      5.8301E-01
   1800.0      5.9529E-01
   1801.0      6.0807E-01
   1802.0      6.0488E-01
   1803.0      5.8185E-01
   1804.0      5.7085E-01
   1805.0      5.9279E-01
   1806.0      5.9514E-01
   1807.0      6.2408E-01
   1808.0      6.0201E-01
   1809.0      5.4681E-01
   1810.0      5.7902E-01
   1811.0      5.7968E-01
   1812.0      5.8710E-01
   1813.0      5.8369E-01
   1814.0      6.0169E-01
   1815.0      6.6381E-01
   1816.0      6.4281E-01
   1817.0      5.9068E-01
   1818.0      5.2474E-01
   1819.0      5.1934E-01
   1820.0      5.7359E-01
   1821.0      6.3619E-01
   1822.0      6.4745E-01
   1823.0      6.0919E-01
   1824.0      5.8500E-01
   1825.0      5.7663E-01
   1826.0      5.6830E-01
   1827.0      5.8123E-01
   1828.0      5.8842E-01
   1829.0      5.8352E-01
   1830.0      6.0745E-01
   1831.0      5.9902E-01
   1832.0      6.1035E-01
   1833.0      5.9838E-01
   1834.0      5.8572E-01
   1835.0      5.3892E-01
   1836.0      5.8722E-01
   1837.0      6.7600E-01
   1838.0      6.4025E-01
   1839.0      5.4431E-01
   1840.0      4.7364E-01
   1841.0      5.6324E-01
   1842.0      6.5351E-01
   1843.0      6.4908E-01
   1844.0      6.5814E-01
   1845.0      5.8944E-01
   1846.0      5.1148E-01
   1847.0      5.0570E-01
   1848.0      5.8814E-01
   1849.0      6.5503E-01
   1850.0      6.4299E-01
   1851.0      5.8692E-01
   1852.0      5.2783E-01
   1853.0      5.4927E-01
   1854.0      6.0453E-01
   1855.0      6.2224E-01
   1856.0      6.2365E-01
   1857.0      5.5764E-01
   1858.0      5.6744E-01
   1859.0      5.9190E-01
   1860.0      5.5654E-01
   1861.0      5.7863E-01
   1862.0      5.8205E-01
   1863.0      5.7312E-01
   1864.0      6.3447E-01
   1865.0      6.3812E-01
   1866.0      5.9305E-01
   1867.0      5.8302E-01
   1868.0      5.4835E-01
   1869.0      5.4353E-01
   1870.0      5.6078E-01
   1871.0      5.6911E-01
   1872.0      5.8141E-01
   1873.0      6.1285E-01
   1874.0      6.0658E-01
   1875.0      5.9489E-01
   1876.0      5.4831E-01
   1877.0      5.4772E-01
   1878.0      5.8819E-01
   1879.0      6.1491E-01
   1880.0      6.1383E-01
   1881.0      5.8215E-01
   1882.0      5.5356E-01
   1883.0      5.5216E-01
   1884.0      5.6590E-01
   1885.0      5.8875E-01
   1886.0      6.0360E-01
   1887.0      6.1130E-01
   1888.0      5.8350E-01
   1889.0      5.6606E-01
   1890.0      5.6093E-01
   1891.0      5.3682E-01
   1892.0      5.3895E-01
   1893.0      6.0480E-01
   1894.0      6.4956E-01
   1895.0      6.1219E-01
   1896.0      5.4949E-01
   1897.0      5.1066E-01
   1898.0      5.3896E-01
   1899.0      6.1669E-01
   1900.0      6.3140E-01
   1901.0      6.0136E-01
   1902.0      5.5731E-01
   1903.0      5.1574E-01
   1904.0      5.1828E-01
   1905.0      5.5046E-01
   1906.0      5.9931E-01
   1907.0      6.4899E-01
   1908.0      6.2651E-01
   1909.0      5.8196E-01
   1910.0      5.3697E-01
   1911.0      5.0408E-01
   1912.0      5.2681E-01
   1913.0      5.8099E-01
   1914.0      6.1347E-01
   1915.0      6.0904E-01
   1916.0      5.9010E-01
   1917.0      5.6178E-01
   1918.0      5.3706E-01
   1919.0      5.3714E-01
   1920.0      5.5689E-01
   1921.0      5.8496E-01
   1922.0      5.9586E-01
   1923.0      5.9262E-01
   1924.0      5.6408E-01
   1925.0      5.5510E-01
   1926.0      5.5463E-01
   1927.0      5.5518E-01
   1928.0      5.6314E-01
   1929.0      5.7844E-01
   1930.0      5.6970E-01
   1931.0      5.7506E-01
   1932.0      5.7474E-01
   1933.0      5.7153E-01
   1934.0      5.6675E-01
   1935.0      5.6855E-01
   1936.0      5.6459E-01
   1937.0      5.4975E-01
   1938.0      5.7425E-01
   1939.0      5.7701E-01
   1940.0      5.5756E-01
   1941.0      5.7451E-01
   1942.0      5.7765E-01
   1943.0      5.6967E-01
   1944.0      5.6464E-01
   1945.0      5.4560E-01
   1946.0      5.7555E-01
   1947.0      5.8363E-01
   1948.0      5.7557E-01
   1949.0      5.7267E-01
   1950.0      5.6904E-01
   1951.0      5.6744E-01
   1952.0      5.6273E-01
   1953.0      5.3590E-01
   1954.0      5.6890E-01
   1955.0      5.8383E-01
   1956.0      5.7891E-01
   1957.0      5.7292E-01
   1958.0      5.6793E-01
   1959.0      5.6047E-01
   1960.0      5.4217E-01
   1961.0      5.7025E-01
   1962.0      5.7598E-01
   1963.0      5.7971E-01
   1964.0      5.7879E-01
   1965.0      5.7594E-01
   1966.0      5.6967E-01
   1967.0      5.5263E-01
   1968.0      5.4108E-01
   1969.0      5.6682E-01
   1970.0      5.7608E-01
   1971.0      5.7855E-01
   1972.0      5.7958E-01
   1973.0      5.7954E-01
   1974.0      5.7172E-01
   1975.0      5.6963E-01
   1976.0      5.6605E-01
   1977.0      5.6410E-01
   1978.0      5.5948E-01
   1979.0      5.4699E-01
   1980.0      5.7132E-01
   1981.0      5.7321E-01
   1982.0      5.7012E-01
   1983.0      5.7632E-01
   1984.0      5.7498E-01
   1985.0      5.7732E-01
   1986.0      5.7576E-01
   1987.0      5.7394E-01
   1988.0      5.7030E-01
   1989.0      5.7503E-01
   1990.0      5.7331E-01
   1991.0      5.7271E-01
   1992.0      5.7167E-01
   1993.0      5.7202E-01
   1994.0      5.7038E-01
   1995.0      5.7316E-01
   1996.0      5.7276E-01
   1997.0      5.7533E-01
   1998.0      5.7771E-01
   1999.0      5.8138E-01
   2000.0      5.8690E-01
